1 0.505625 0.8433333333333334 0.181875 0.31333333333333335
1 0.24375 0.7858333333333334 0.208125 0.25333333333333335
1 0.433125 0.575 0.12625 0.15666666666666668
1 0.425625 0.37666666666666665 0.069375 0.1
1 0.29125 0.3258333333333333 0.071875 0.06833333333333333
1 0.615625 0.4025 0.06375 0.10166666666666667
1 0.515 0.4116666666666667 0.07875 0.1075
1 0.5725 0.535 0.094375 0.14666666666666667
1 0.48375 0.2675 0.039375 0.050833333333333335
1 0.19625 0.26416666666666666 0.08 0.045
2 0.195 0.5041666666666667 0.04375 0.08
2 0.228125 0.4775 0.041875 0.07916666666666666
2 0.354375 0.41333333333333333 0.028125 0.051666666666666666
2 0.776875 0.9091666666666667 0.03 0.1
2 0.6825 0.9425 0.025 0.115
2 0.71375 0.7416666666666667 0.01625 0.06583333333333333
2 0.654375 0.6808333333333333 0.02375 0.07833333333333334
2 0.415625 0.7566666666666667 0.0375 0.0825
2 0.83 0.4841666666666667 0.055 0.07083333333333333
2 0.453125 0.4583333333333333 0.035 0.060833333333333336