1 0.343125 0.47 0.20375 0.2425
1 0.50125 0.25333333333333335 0.083125 0.17833333333333334
1 0.604375 0.1125 0.068125 0.12
0 0.5175 0.1225 0.088125 0.1325
2 0.739375 0.885 0.148125 0.13333333333333333
2 0.459375 0.6375 0.1125 0.12416666666666666
2 0.599375 0.515 0.06375 0.0825
2 0.725625 0.4375 0.034375 0.06833333333333333
2 0.944375 0.5641666666666667 0.110625 0.12416666666666666
2 0.77875 0.19166666666666668 0.02625 0.0675
2 0.71875 0.08666666666666667 0.0325 0.06916666666666667
2 0.781875 0.2625 0.03875 0.0825
2 0.74 0.2725 0.02625 0.10333333333333333
2 0.645 0.30916666666666665 0.0225 0.06416666666666666
2 0.60375 0.30333333333333334 0.02375 0.0725
2 0.430625 0.13 0.03125 0.08333333333333333
2 0.174375 0.2841666666666667 0.07125 0.09166666666666666