2 0.261875 0.8941666666666667 0.0575 0.17916666666666667
2 0.0975 0.9558333333333333 0.071875 0.0875
2 0.17 0.5775 0.035 0.09333333333333334
2 0.2175 0.5333333333333333 0.025625 0.08583333333333333
2 0.1225 0.4975 0.030625 0.07666666666666666
2 0.154375 0.44583333333333336 0.0225 0.058333333333333334
2 0.7975 0.5383333333333333 0.081875 0.07333333333333333
2 0.674375 0.42916666666666664 0.059375 0.06666666666666667
2 0.57375 0.425 0.050625 0.0525
2 0.43375 0.4266666666666667 0.043125 0.058333333333333334
1 0.238125 0.4225 0.075625 0.10416666666666667
1 0.31375 0.3641666666666667 0.050625 0.08916666666666667
1 0.29875 0.3358333333333333 0.04 0.05416666666666667
1 0.395 0.37583333333333335 0.09375 0.09583333333333334
1 0.519375 0.39416666666666667 0.100625 0.09833333333333333
0 0.51625 0.3258333333333333 0.285 0.17916666666666667
2 0.77125 0.4583333333333333 0.06625 0.0475
2 0.796875 0.4375 0.05125 0.03916666666666667
2 0.633125 0.42333333333333334 0.04 0.0475
1 0.965 0.3425 0.07 0.08416666666666667
1 0.66625 0.41083333333333333 0.025625 0.07916666666666666
1 0.1575 0.4116666666666667 0.021875 0.06833333333333333
1 0.03 0.4041666666666667 0.02375 0.05583333333333333
1 0.080625 0.3725 0.02125 0.043333333333333335
1 0.13 0.37166666666666665 0.024375 0.056666666666666664