1 0.741875 0.315 0.079375 0.04583333333333333
2 0.87125 0.355 0.02875 0.03833333333333333
2 0.259375 0.49833333333333335 0.055 0.08833333333333333
2 0.19 0.47333333333333333 0.055 0.08166666666666667
2 0.050625 0.635 0.065 0.10916666666666666
2 0.078125 0.505 0.048125 0.07666666666666666
2 0.3075 0.5941666666666666 0.05625 0.1075
1 0.491875 0.24916666666666668 0.039375 0.06333333333333334
1 0.304375 0.2608333333333333 0.028125 0.0625
1 0.26875 0.26916666666666667 0.02625 0.059166666666666666
1 0.33875 0.26 0.025 0.05583333333333333