1 0.315 0.7858333333333334 0.21875 0.33
1 0.484375 0.7908333333333334 0.1325 0.21
1 0.6225 0.7791666666666667 0.1125 0.2125
1 0.5925 0.545 0.075 0.11083333333333334
1 0.519375 0.5058333333333334 0.075 0.10833333333333334
2 0.726875 0.8408333333333333 0.01875 0.06666666666666667
2 0.765625 0.7333333333333333 0.023125 0.060833333333333336
2 0.75 0.655 0.023125 0.0575
2 0.726875 0.5841666666666666 0.01625 0.03833333333333333
2 0.758125 0.5516666666666666 0.019375 0.04666666666666667
2 0.671875 0.5541666666666667 0.021875 0.051666666666666666
1 0.603125 0.4041666666666667 0.061875 0.0775
1 0.676875 0.39416666666666667 0.05125 0.075
1 0.69625 0.47583333333333333 0.053125 0.09416666666666666