1 0.22625 0.5308333333333334 0.285625 0.33166666666666667
1 0.5025 0.2791666666666667 0.08375 0.20583333333333334
1 0.5075 0.08083333333333333 0.0525 0.045
2 0.50125 0.5133333333333333 0.03625 0.12583333333333332
2 0.5725 0.54 0.044375 0.13166666666666665
2 0.2275 0.7691666666666667 0.135 0.14416666666666667
2 0.01375 0.5158333333333334 0.02625 0.1
2 0.174375 0.2875 0.070625 0.08083333333333333
2 0.635625 0.38916666666666666 0.028125 0.07416666666666667
2 0.77875 0.1875 0.02125 0.08166666666666667
2 0.91 0.8975 0.121875 0.20416666666666666
2 0.7825 0.26416666666666666 0.035625 0.1075
2 0.438125 0.06833333333333333 0.018125 0.035