1 0.18125 0.37333333333333335 0.065625 0.13916666666666666
1 0.270625 0.30416666666666664 0.046875 0.085
1 0.331875 0.2991666666666667 0.041875 0.095
1 0.365625 0.285 0.0325 0.09583333333333334
1 0.26 0.25916666666666666 0.036875 0.06833333333333333
1 0.93875 0.49666666666666665 0.1225 0.16333333333333333
1 0.9 0.415 0.099375 0.13416666666666666
1 0.643125 0.3383333333333333 0.066875 0.10416666666666667
1 0.5175 0.24916666666666668 0.04625 0.06833333333333333
1 0.295625 0.24666666666666667 0.0325 0.059166666666666666
1 0.254375 0.25166666666666665 0.03375 0.03333333333333333
2 0.280625 0.5958333333333333 0.08125 0.11083333333333334
2 0.179375 0.5183333333333333 0.075 0.0825
2 0.018125 0.5475 0.03625 0.10916666666666666
2 0.23 0.435 0.0325 0.06416666666666666
2 0.344375 0.5025 0.053125 0.09666666666666666
2 0.379375 0.34833333333333333 0.050625 0.065