1 0.58875 0.4716666666666667 0.11375 0.13916666666666666
1 0.42 0.4716666666666667 0.081875 0.1125
1 0.81875 0.3933333333333333 0.09375 0.07916666666666666
1 0.59 0.6691666666666667 0.188125 0.25583333333333336
1 0.68 0.33916666666666667 0.066875 0.058333333333333334
1 0.435625 0.36333333333333334 0.053125 0.06583333333333333
1 0.731875 0.3225 0.064375 0.058333333333333334
1 0.295 0.37 0.041875 0.0525
1 0.345625 0.3016666666666667 0.03 0.04583333333333333
1 0.5725 0.3025 0.05375 0.056666666666666664
1 0.49875 0.2775 0.041875 0.04666666666666667
2 0.381875 0.7991666666666667 0.03875 0.11666666666666667
2 0.2775 0.845 0.046875 0.13416666666666666
2 0.285625 0.605 0.026875 0.085
2 0.34875 0.5275 0.025625 0.0775
2 0.213125 0.5141666666666667 0.020625 0.07583333333333334
2 0.649375 0.41333333333333333 0.04625 0.050833333333333335
2 0.384375 0.35083333333333333 0.015625 0.03
2 0.509375 0.38166666666666665 0.026875 0.041666666666666664
2 0.545 0.38333333333333336 0.02125 0.03
2 0.245 0.47333333333333333 0.018125 0.043333333333333335
2 0.324375 0.4508333333333333 0.020625 0.0425