1 0.619375 0.35833333333333334 0.075625 0.10583333333333333
2 0.91875 0.8708333333333333 0.1625 0.165
2 0.418125 0.735 0.108125 0.1125
3 0.719375 0.31416666666666665 0.0825 0.165
2 0.7375 0.57 0.075 0.095
3 0.3075 0.5983333333333334 0.21375 0.19916666666666666
2 0.04375 0.6491666666666667 0.07875 0.115
1 0.7775 0.2791666666666667 0.035 0.05
3 0.7875 0.235 0.039375 0.08333333333333333
2 0.24125 0.6708333333333333 0.070625 0.12333333333333334
1 0.393125 0.545 0.14125 0.14416666666666667
2 0.131875 0.5541666666666667 0.0425 0.08916666666666667