0 0.705625 0.5075 0.16375 0.3125
1 0.32125 0.2808333333333333 0.04 0.06916666666666667
1 0.37125 0.2783333333333333 0.036875 0.07083333333333333
2 0.144375 0.8233333333333334 0.040625 0.125
2 0.26 0.5916666666666667 0.02375 0.08333333333333333
2 0.235 0.5333333333333333 0.025625 0.0775
2 0.308125 0.5458333333333333 0.019375 0.0775
2 0.26 0.4375 0.018125 0.060833333333333336
2 0.294375 0.4633333333333333 0.0225 0.0625
2 0.021875 0.8291666666666667 0.04375 0.15083333333333335
2 0.064375 0.5791666666666667 0.030625 0.09166666666666666
2 0.2125 0.5066666666666667 0.02 0.08083333333333333