1 0.628125 0.5058333333333334 0.1125 0.19583333333333333
1 0.2025 0.4558333333333333 0.14125 0.18333333333333332
1 0.371875 0.3641666666666667 0.07375 0.18333333333333332
1 0.57625 0.3325 0.081875 0.11833333333333333
1 0.688125 0.3625 0.0825 0.18333333333333332
1 0.935 0.56 0.13 0.23583333333333334
1 0.94125 0.9566666666666667 0.1175 0.08666666666666667
1 0.024375 0.185 0.04875 0.058333333333333334
2 0.495 0.77 0.05375 0.185
2 0.15875 0.8075 0.04625 0.215
2 0.13375 0.69 0.04 0.20583333333333334
2 0.7225 0.8808333333333334 0.080625 0.2375
2 0.615625 0.9416666666666667 0.06375 0.11666666666666667
2 0.81625 0.49833333333333335 0.04 0.1025
2 0.755625 0.45166666666666666 0.03625 0.1
2 0.37125 0.5941666666666666 0.04875 0.15416666666666667
2 0.51375 0.6191666666666666 0.04375 0.13083333333333333
2 0.484375 0.47583333333333333 0.0325 0.10666666666666667
2 0.28625 0.35 0.0325 0.075
2 0.12125 0.4033333333333333 0.028125 0.09