1 0.47375 0.4625 0.085625 0.1075
0 0.349375 0.44666666666666666 0.155 0.3258333333333333
1 0.761875 0.39166666666666666 0.089375 0.08916666666666667
1 0.510625 0.4066666666666667 0.075625 0.09333333333333334
1 0.979375 0.4533333333333333 0.04125 0.10666666666666667
1 0.696875 0.33666666666666667 0.05875 0.0525
1 0.4525 0.3125 0.0675 0.04666666666666667
1 0.619375 0.30083333333333334 0.050625 0.041666666666666664
1 0.489375 0.2783333333333333 0.038125 0.035833333333333335
1 0.665 0.3016666666666667 0.06125 0.056666666666666664
0 0.7225 0.8725 0.404375 0.24666666666666667
2 0.123125 0.5691666666666667 0.058125 0.08083333333333333
1 0.836875 0.39 0.054375 0.06333333333333334
1 0.88125 0.3641666666666667 0.075 0.0725
1 0.565 0.3016666666666667 0.051875 0.06416666666666666
1 0.52625 0.2683333333333333 0.0325 0.043333333333333335
1 0.411875 0.33416666666666667 0.045625 0.08
1 0.71375 0.31083333333333335 0.051875 0.058333333333333334
1 0.44625 0.2608333333333333 0.034375 0.0375
2 0.574375 0.39166666666666666 0.04875 0.0525
2 0.608125 0.37666666666666665 0.041875 0.0425
2 0.045625 0.5275 0.040625 0.09666666666666666
2 0.97375 0.34833333333333333 0.0225 0.04833333333333333
1 0.7725 0.595 0.186875 0.14833333333333334
1 0.850625 0.8 0.29875 0.385