1 0.5125 0.5458333333333333 0.125 0.17666666666666667
1 0.3325 0.43666666666666665 0.07 0.11416666666666667
1 0.885 0.41583333333333333 0.12125 0.08416666666666667
1 0.553125 0.42583333333333334 0.095625 0.11166666666666666
1 0.4075 0.41333333333333333 0.06375 0.08916666666666667
1 0.468125 0.8675 0.154375 0.24666666666666667
1 0.73625 0.39166666666666666 0.089375 0.07083333333333333
1 0.42875 0.3516666666666667 0.0525 0.07583333333333334
1 0.70625 0.3425 0.06875 0.058333333333333334
1 0.959375 0.5116666666666667 0.079375 0.11583333333333333
1 0.83 0.86 0.319375 0.2791666666666667
1 0.906875 0.3875 0.081875 0.06166666666666667
2 0.056875 0.5075 0.024375 0.0525
2 0.25375 0.7283333333333334 0.04625 0.1075
2 0.28 0.6 0.026875 0.07916666666666666
2 0.245625 0.4575 0.019375 0.05583333333333333
2 0.21875 0.4041666666666667 0.018125 0.04666666666666667
2 0.109375 0.45 0.01875 0.06
2 0.18125 0.405 0.015625 0.03916666666666667
1 0.29125 0.2925 0.03 0.056666666666666664
1 0.321875 0.2783333333333333 0.01875 0.03333333333333333
1 0.469375 0.2708333333333333 0.033125 0.0425
1 0.52375 0.2866666666666667 0.041875 0.05416666666666667
1 0.92375 0.765 0.1525 0.24583333333333332