1 0.509375 0.6833333333333333 0.33 0.30583333333333335
1 0.935 0.9066666666666666 0.13 0.18666666666666668
1 0.511875 0.1225 0.06875 0.13166666666666665
3 0.8925 0.7108333333333333 0.215 0.2775
2 0.15875 0.6158333333333333 0.12875 0.12083333333333333
2 0.64375 0.9475 0.05625 0.08583333333333333
2 0.718125 0.6225 0.103125 0.11666666666666667
2 0.40375 0.31916666666666665 0.035 0.10666666666666667
2 0.44875 0.27666666666666667 0.040625 0.10833333333333334
2 0.508125 0.25833333333333336 0.035 0.10833333333333334
2 0.310625 0.5308333333333334 0.11625 0.10166666666666667
2 0.11125 0.5316666666666666 0.093125 0.09166666666666666
2 0.15125 0.4866666666666667 0.1175 0.11
1 0.0725 0.9533333333333334 0.145 0.09333333333333334