1 0.645625 0.205 0.080625 0.1275
1 0.46625 0.22916666666666666 0.115 0.20333333333333334
1 0.639375 0.9133333333333333 0.43375 0.16666666666666666
1 0.484375 0.5633333333333334 0.213125 0.2975
1 0.10125 0.9208333333333333 0.2025 0.1525
3 0.20625 0.7483333333333333 0.266875 0.22916666666666666
2 0.54 0.7733333333333333 0.1275 0.13
2 0.7 0.7558333333333334 0.13375 0.13333333333333333
2 0.225625 0.45166666666666666 0.129375 0.09416666666666666
2 0.63875 0.4866666666666667 0.085625 0.13333333333333333
2 0.71875 0.5725 0.0675 0.11333333333333333
2 0.819375 0.4558333333333333 0.085625 0.13083333333333333