1 0.711875 0.7925 0.250625 0.3591666666666667
1 0.718125 0.5 0.14375 0.15416666666666667
1 0.49625 0.3408333333333333 0.06625 0.10666666666666667
1 0.575625 0.3283333333333333 0.0625 0.0925
1 0.536875 0.22583333333333333 0.036875 0.051666666666666666
1 0.2175 0.5466666666666666 0.1475 0.2375
1 0.041875 0.6625 0.083125 0.2975
1 0.381875 0.2708333333333333 0.04625 0.06166666666666667
1 0.32 0.2891666666666667 0.04375 0.07166666666666667
1 0.246875 0.29083333333333333 0.05875 0.0925
1 0.279375 0.23166666666666666 0.033125 0.05583333333333333
1 0.333125 0.22083333333333333 0.028125 0.04583333333333333
1 0.381875 0.22916666666666666 0.03625 0.04833333333333333
1 0.295 0.1925 0.03125 0.04583333333333333
1 0.336875 0.18166666666666667 0.01875 0.029166666666666667
1 0.463125 0.19333333333333333 0.02625 0.035833333333333335
1 0.4825 0.17666666666666667 0.024375 0.035
1 0.929375 0.42833333333333334 0.14125 0.2075
1 0.405 0.15833333333333333 0.018125 0.03333333333333333
2 0.0425 0.42083333333333334 0.035 0.07666666666666666
2 0.091875 0.435 0.029375 0.08333333333333333
2 0.01375 0.33666666666666667 0.023125 0.055