1 0.925625 0.3525 0.09625 0.065
2 0.43625 0.48333333333333334 0.055625 0.05583333333333333
2 0.8725 0.38666666666666666 0.03625 0.04416666666666667
2 0.116875 0.5758333333333333 0.04875 0.06666666666666667
2 0.60625 0.32 0.028125 0.030833333333333334
1 0.340625 0.2575 0.0275 0.041666666666666664
2 0.26 0.5241666666666667 0.031875 0.08583333333333333
2 0.029375 0.5625 0.028125 0.09333333333333334
2 0.123125 0.57 0.06125 0.10333333333333333
2 0.21875 0.4875 0.065 0.07166666666666667
2 0.156875 0.47 0.055625 0.060833333333333336
2 0.18875 0.3983333333333333 0.024375 0.04666666666666667
2 0.23 0.4033333333333333 0.02375 0.050833333333333335
2 0.318125 0.45166666666666666 0.03125 0.07416666666666667
2 0.456875 0.33416666666666667 0.03375 0.041666666666666664
2 0.014375 0.4141666666666667 0.0225 0.05333333333333334
0 0.3275 0.21083333333333334 0.04125 0.04666666666666667
1 0.301875 0.2633333333333333 0.02625 0.043333333333333335
1 0.449375 0.2375 0.02375 0.04083333333333333
1 0.56375 0.2683333333333333 0.04625 0.0575