1 0.273125 0.8175 0.1825 0.3641666666666667
1 0.0775 0.9016666666666666 0.155 0.19666666666666666
1 0.255625 0.5008333333333334 0.076875 0.13333333333333333
1 0.906875 0.88 0.185625 0.23916666666666667
1 0.361875 0.30833333333333335 0.0375 0.06
1 0.315 0.2791666666666667 0.034375 0.05333333333333334
1 0.330625 0.23416666666666666 0.028125 0.049166666666666664
1 0.42875 0.2375 0.021875 0.04083333333333333
2 0.051875 0.7366666666666667 0.056875 0.1325
2 0.090625 0.6275 0.038125 0.0975
2 0.06625 0.5941666666666666 0.0425 0.08666666666666667
2 0.161875 0.5416666666666666 0.03125 0.09166666666666666
2 0.13875 0.46166666666666667 0.02625 0.07333333333333333
2 0.201875 0.46 0.025 0.06583333333333333
1 0.374375 0.20916666666666667 0.025 0.034166666666666665
2 0.780625 0.8575 0.05 0.14583333333333334