1 0.663125 0.785 0.26 0.43
1 0.704375 0.5333333333333333 0.225625 0.2475
1 0.95625 0.6033333333333334 0.0875 0.2
1 0.96875 0.37333333333333335 0.0625 0.16333333333333333
1 0.865 0.18083333333333335 0.049375 0.055
2 0.83 0.7716666666666666 0.1075 0.185
1 0.266875 0.23916666666666667 0.181875 0.16166666666666665
0 0.646875 0.185 0.22375 0.20166666666666666
1 0.05375 0.2075 0.06875 0.11333333333333333
1 0.018125 0.595 0.035625 0.36583333333333334
2 0.468125 0.3775 0.089375 0.10333333333333333
2 0.534375 0.32916666666666666 0.076875 0.09083333333333334