1 0.92875 0.65 0.1425 0.2475
1 0.463125 0.4191666666666667 0.156875 0.13166666666666665
1 0.508125 0.29583333333333334 0.07875 0.115
1 0.455 0.26916666666666667 0.06375 0.0875
1 0.203125 0.2733333333333333 0.10125 0.10333333333333333
1 0.074375 0.20833333333333334 0.07125 0.065
1 0.035 0.25333333333333335 0.07 0.08166666666666667
1 0.801875 0.20166666666666666 0.08375 0.06
2 0.155 0.9158333333333334 0.051875 0.16833333333333333
2 0.15625 0.7641666666666667 0.04875 0.1325
2 0.175625 0.5675 0.038125 0.12833333333333333
2 0.115 0.4725 0.04 0.09166666666666666
2 0.07 0.41083333333333333 0.035625 0.08333333333333333
2 0.275625 0.3875 0.045 0.09166666666666666
2 0.365625 0.49666666666666665 0.05125 0.095
2 0.73 0.5225 0.09375 0.12
2 0.6025 0.525 0.089375 0.1125
2 0.448125 0.48333333333333334 0.066875 0.11166666666666666