1 0.393125 0.6666666666666666 0.1775 0.23583333333333334
1 0.174375 0.67 0.19375 0.2375
1 0.55375 0.7166666666666667 0.13875 0.21666666666666667
1 0.105625 0.9541666666666667 0.21125 0.09083333333333334
1 0.4375 0.4533333333333333 0.1 0.115
1 0.54125 0.5108333333333334 0.0925 0.11833333333333333
1 0.6075 0.4141666666666667 0.0875 0.10166666666666667
1 0.649375 0.3275 0.05625 0.09583333333333334
1 0.655 0.25 0.040625 0.075
1 0.715 0.2925 0.043125 0.06
0 0.56 0.28833333333333333 0.1375 0.19833333333333333
0 0.5075 0.20666666666666667 0.11125 0.125
2 0.811875 0.5425 0.02875 0.065