0 0.684375 0.48333333333333334 0.17625 0.2841666666666667
1 0.48125 0.45 0.075625 0.14
1 0.20375 0.5766666666666667 0.10625 0.19833333333333333
1 0.24 0.4625 0.06375 0.12416666666666666
1 0.301875 0.4033333333333333 0.074375 0.08583333333333333
0 0.29875 0.2783333333333333 0.061875 0.13333333333333333
2 0.34625 0.7066666666666667 0.03125 0.115
2 0.313125 0.5891666666666666 0.035625 0.09333333333333334
2 0.69375 0.915 0.029375 0.07833333333333334
2 0.510625 0.685 0.025625 0.07083333333333333
2 0.068125 0.5833333333333334 0.0275 0.09416666666666666