2 0.40875 0.6508333333333334 0.090625 0.12333333333333334
2 0.31 0.8083333333333333 0.05125 0.11083333333333334
2 0.32875 0.6741666666666667 0.09125 0.12083333333333333
2 0.5275 0.5716666666666667 0.090625 0.10416666666666667
2 0.474375 0.5025 0.075625 0.0775
2 0.115 0.54 0.06125 0.09166666666666666
2 0.04125 0.615 0.05 0.11666666666666667
2 0.560625 0.4608333333333333 0.030625 0.085
2 0.275625 0.45666666666666667 0.046875 0.0725
2 0.178125 0.4866666666666667 0.045 0.07916666666666666
1 0.0325 0.4633333333333333 0.065 0.10333333333333333
1 0.719375 0.3466666666666667 0.059375 0.08166666666666667
1 0.744375 0.29583333333333334 0.0475 0.0725
2 0.330625 0.445 0.024375 0.07333333333333333
2 0.365625 0.49666666666666665 0.05625 0.06833333333333333