1 0.69375 0.3575 0.070625 0.10416666666666667
1 0.77625 0.2658333333333333 0.04375 0.05416666666666667
2 0.520625 0.7066666666666667 0.105625 0.11666666666666667
1 0.64 0.3458333333333333 0.065 0.0775
1 0.83375 0.30916666666666665 0.043125 0.056666666666666664
1 0.871875 0.235 0.028125 0.0475
2 0.6625 0.7066666666666667 0.046875 0.1325
2 0.354375 0.785 0.1025 0.11416666666666667
2 0.169375 0.6325 0.0575 0.10916666666666666
2 0.093125 0.6316666666666667 0.03625 0.09083333333333334
2 0.215 0.5975 0.051875 0.09583333333333334