2 0.42625 0.6108333333333333 0.036875 0.10416666666666667
2 0.24 0.5116666666666667 0.063125 0.085
2 0.116875 0.48833333333333334 0.038125 0.085
2 0.1675 0.49666666666666665 0.036875 0.07916666666666666
2 0.35875 0.45666666666666667 0.0225 0.06416666666666666
2 0.414375 0.4266666666666667 0.024375 0.058333333333333334
2 0.954375 0.5583333333333333 0.09125 0.1
1 0.73875 0.30666666666666664 0.084375 0.075
1 0.786875 0.3491666666666667 0.1025 0.07666666666666666
1 0.971875 0.35 0.05625 0.0725
2 0.835 0.3933333333333333 0.055625 0.05
2 0.92875 0.3725 0.045 0.04416666666666667