1 0.20375 0.5783333333333334 0.135 0.15666666666666668
1 0.410625 0.44166666666666665 0.099375 0.13083333333333333
1 0.589375 0.6066666666666667 0.1025 0.15833333333333333
1 0.425625 0.6925 0.136875 0.185
1 0.63625 0.47333333333333333 0.0725 0.1025
1 0.574375 0.30333333333333334 0.05625 0.07083333333333333
1 0.69875 0.3225 0.0425 0.07083333333333333
2 0.1475 0.9216666666666666 0.049375 0.12666666666666668
2 0.68375 0.9558333333333333 0.055 0.08333333333333333
2 0.04875 0.9633333333333334 0.0625 0.07333333333333333
2 0.20125 0.8258333333333333 0.0425 0.135
2 0.67375 0.7341666666666666 0.021875 0.065
2 0.715 0.5525 0.01625 0.043333333333333335
2 0.2175 0.4866666666666667 0.04125 0.04583333333333333
2 0.089375 0.4425 0.049375 0.051666666666666666
1 0.38375 0.40166666666666667 0.063125 0.08916666666666667