1 0.625 0.8566666666666667 0.1775 0.28583333333333333
2 0.534375 0.6641666666666667 0.03625 0.13
2 0.398125 0.9025 0.06375 0.18666666666666668
2 0.265 0.9183333333333333 0.071875 0.1625
2 0.12375 0.9558333333333333 0.084375 0.08833333333333333
2 0.451875 0.5883333333333334 0.0375 0.10916666666666666
1 0.601875 0.41583333333333333 0.06625 0.1125
1 0.693125 0.3566666666666667 0.059375 0.1125
1 0.639375 0.30083333333333334 0.046875 0.0725
2 0.57625 0.33666666666666667 0.01625 0.0425
2 0.5925 0.31583333333333335 0.011875 0.03833333333333333
1 0.70625 0.25583333333333336 0.03 0.05