1 0.11125 0.41083333333333333 0.129375 0.145
1 0.355625 0.5308333333333334 0.104375 0.16833333333333333
2 0.485625 0.6575 0.08875 0.11583333333333333
2 0.57375 0.44166666666666665 0.095625 0.07833333333333334
2 0.770625 0.5666666666666667 0.0825 0.105
2 0.83625 0.6691666666666667 0.0325 0.0975
2 0.87125 0.7641666666666667 0.129375 0.0975
2 0.921875 0.9133333333333333 0.121875 0.16
1 0.953125 0.8716666666666667 0.075625 0.145
1 0.88625 0.7441666666666666 0.043125 0.1375
1 0.883125 0.6433333333333333 0.0525 0.13916666666666666
1 0.791875 0.52 0.049375 0.1325
1 0.564375 0.42083333333333334 0.026875 0.0875
1 0.481875 0.62 0.031875 0.115