1 0.700625 0.64 0.135625 0.21416666666666667
1 0.375625 0.44333333333333336 0.194375 0.12666666666666668
1 0.790625 0.3883333333333333 0.055625 0.095
1 0.0525 0.465 0.105 0.1375
1 0.655 0.4 0.094375 0.12916666666666668
1 0.718125 0.3458333333333333 0.05875 0.08666666666666667
3 0.623125 0.31583333333333335 0.09875 0.15083333333333335
2 0.039375 0.8041666666666667 0.07875 0.16166666666666665
2 0.3725 0.7491666666666666 0.073125 0.155
2 0.528125 0.7233333333333334 0.04125 0.15666666666666668
2 0.86 0.8608333333333333 0.041875 0.1125
2 0.579375 0.6291666666666667 0.033125 0.125
2 0.493125 0.5525 0.038125 0.1
2 0.88375 0.6366666666666667 0.03 0.08083333333333333
2 0.366875 0.5708333333333333 0.031875 0.06833333333333333