2 0.28875 0.7216666666666667 0.0425 0.135
2 0.079375 0.5116666666666667 0.075625 0.07333333333333333
2 0.243125 0.6141666666666666 0.0375 0.11916666666666667
2 0.344375 0.62 0.03625 0.12083333333333333
2 0.669375 0.43583333333333335 0.05625 0.06916666666666667
2 0.6925 0.4191666666666667 0.024375 0.056666666666666664
2 0.63125 0.4191666666666667 0.040625 0.058333333333333334
1 0.194375 0.4708333333333333 0.071875 0.125
1 0.415 0.3975 0.06375 0.085
1 0.595 0.39 0.124375 0.0975
1 0.559375 0.3616666666666667 0.105 0.07916666666666666
1 0.73375 0.36666666666666664 0.090625 0.075
1 0.62 0.31083333333333335 0.05875 0.06416666666666666
1 0.480625 0.2725 0.043125 0.04833333333333333
1 0.318125 0.2791666666666667 0.0325 0.0475
1 0.356875 0.24916666666666668 0.02875 0.029166666666666667
1 0.569375 0.2808333333333333 0.04 0.04416666666666667
1 0.898125 0.4525 0.17125 0.18166666666666667
1 0.98625 0.45666666666666667 0.0275 0.13583333333333333
0 0.903125 0.29333333333333333 0.19375 0.17
2 0.026875 0.44333333333333336 0.018125 0.06916666666666667