1 0.734375 0.6275 0.13125 0.1925
1 0.051875 0.4666666666666667 0.103125 0.1275
1 0.691875 0.335 0.075 0.08833333333333333
1 0.55125 0.3933333333333333 0.0825 0.11916666666666667
3 0.775 0.4141666666666667 0.099375 0.15416666666666667
2 0.536875 0.7283333333333334 0.050625 0.1175
2 0.269375 0.4425 0.0575 0.05416666666666667
2 0.84125 0.7391666666666666 0.055 0.10333333333333333
2 0.6275 0.5875 0.04875 0.09666666666666666
2 0.26 0.7725 0.081875 0.165
2 0.185 0.7233333333333334 0.083125 0.1425
2 0.499375 0.5408333333333334 0.039375 0.07583333333333334
2 0.58875 0.5316666666666666 0.03125 0.07833333333333334
2 0.339375 0.5875 0.05 0.10083333333333333
3 0.75 0.2325 0.053125 0.08
2 0.075625 0.8383333333333334 0.1175 0.16583333333333333
2 0.02 0.9483333333333334 0.04 0.09416666666666666
2 0.235 0.6183333333333333 0.066875 0.08166666666666667
2 0.39 0.445 0.06625 0.06583333333333333
2 0.42125 0.6316666666666667 0.0875 0.10833333333333334
2 0.37875 0.5833333333333334 0.03 0.10416666666666667
2 0.555625 0.495 0.03375 0.09166666666666666
2 0.914375 0.5483333333333333 0.03375 0.08416666666666667
2 0.47625 0.41583333333333333 0.07 0.06583333333333333
2 0.606875 0.42333333333333334 0.028125 0.060833333333333336
2 0.86875 0.37916666666666665 0.031875 0.0425
2 0.84375 0.5641666666666667 0.043125 0.06583333333333333
2 0.890625 0.4666666666666667 0.03125 0.07416666666666667
2 0.915625 0.39416666666666667 0.025625 0.0525
2 0.935 0.43916666666666665 0.024375 0.03833333333333333