0 0.300625 0.2791666666666667 0.160625 0.14166666666666666
1 0.046875 0.3 0.09375 0.08416666666666667
2 0.291875 0.7225 0.0875 0.07666666666666666
2 0.52875 0.6316666666666667 0.070625 0.0675
2 0.588125 0.53 0.05125 0.06833333333333333
2 0.826875 0.6183333333333333 0.06125 0.08
2 0.72375 0.5566666666666666 0.06625 0.0625
2 0.84 0.96 0.0975 0.08
2 0.91125 0.8025 0.061875 0.11666666666666667
2 0.799375 0.7666666666666667 0.029375 0.10333333333333333
2 0.703125 0.7783333333333333 0.0925 0.10833333333333334
2 0.4425 0.5658333333333333 0.066875 0.06916666666666667
2 0.623125 0.7333333333333333 0.08375 0.07333333333333333
2 0.828125 0.8733333333333333 0.0875 0.105