3 0.74625 0.55 0.305625 0.35
2 0.22375 0.3466666666666667 0.043125 0.07666666666666666
2 0.343125 0.39416666666666667 0.040625 0.09583333333333334
2 0.451875 0.39416666666666667 0.05875 0.10583333333333333
2 0.49875 0.3775 0.055625 0.09833333333333333
2 0.58 0.39 0.07875 0.08916666666666667
2 0.049375 0.34833333333333333 0.03375 0.06916666666666667
2 0.475 0.2791666666666667 0.06125 0.075
2 0.619375 0.31333333333333335 0.030625 0.07916666666666666
2 0.53 0.3275 0.021875 0.0775
2 0.5775 0.32083333333333336 0.02875 0.058333333333333334