1 0.338125 0.44666666666666666 0.069375 0.11833333333333333
1 0.4325 0.41333333333333333 0.09 0.09333333333333334
1 0.6175 0.41083333333333333 0.146875 0.10416666666666667
1 0.82375 0.8616666666666667 0.2975 0.27666666666666667
1 0.93625 0.43083333333333335 0.12 0.10583333333333333
1 0.804375 0.4025 0.099375 0.10666666666666667
1 0.745625 0.34833333333333333 0.075625 0.06916666666666667
1 0.6275 0.31166666666666665 0.056875 0.0625
1 0.676875 0.30583333333333335 0.05375 0.05
1 0.350625 0.315 0.04625 0.041666666666666664
1 0.54875 0.2975 0.053125 0.04
1 0.536875 0.2725 0.04625 0.030833333333333334
1 0.37625 0.2475 0.034375 0.05