1 0.204375 0.29083333333333333 0.124375 0.12083333333333333
2 0.15375 0.9016666666666666 0.05375 0.18333333333333332
2 0.3675 0.665 0.050625 0.1525
2 0.27125 0.67 0.043125 0.15416666666666667
2 0.261875 0.525 0.0375 0.11083333333333334
2 0.11125 0.3416666666666667 0.07 0.06916666666666667
2 0.02375 0.3675 0.0325 0.07916666666666666
2 0.63 0.39916666666666667 0.03 0.085
2 0.58 0.44666666666666666 0.05 0.10416666666666667
2 0.286875 0.4025 0.046875 0.09166666666666666
2 0.550625 0.8008333333333333 0.088125 0.17666666666666667
2 0.454375 0.7483333333333333 0.0475 0.16916666666666666