1 0.431875 0.4033333333333333 0.07125 0.09583333333333334
1 0.410625 0.3358333333333333 0.04 0.065
1 0.30625 0.27166666666666667 0.02625 0.04583333333333333
1 0.3425 0.2575 0.03 0.0375
1 0.26375 0.2608333333333333 0.02625 0.04833333333333333
1 0.39 0.2975 0.03 0.05
0 0.46375 0.21916666666666668 0.034375 0.04416666666666667
2 0.1425 0.6108333333333333 0.035 0.09583333333333334
2 0.296875 0.36083333333333334 0.02625 0.035833333333333335
2 0.243125 0.365 0.034375 0.035833333333333335
2 0.206875 0.355 0.01375 0.03166666666666667
2 0.1375 0.3875 0.0175 0.04416666666666667
2 0.175625 0.3566666666666667 0.0175 0.035833333333333335
2 0.113125 0.36583333333333334 0.0175 0.029166666666666667
2 0.4625 0.3383333333333333 0.02625 0.035
2 0.0225 0.7225 0.045 0.09416666666666666
2 0.685 0.3275 0.04 0.023333333333333334
2 0.64875 0.3225 0.040625 0.02666666666666667
2 0.74375 0.33916666666666667 0.02625 0.020833333333333332
2 0.06625 0.36916666666666664 0.011875 0.03166666666666667