1 0.5925 0.6608333333333334 0.176875 0.3591666666666667
1 0.67375 0.30666666666666664 0.095 0.17916666666666667
1 0.516875 0.08083333333333333 0.05875 0.06416666666666666
2 0.175 0.2791666666666667 0.073125 0.08833333333333333
2 0.18 0.4658333333333333 0.1 0.11
2 0.038125 0.8458333333333333 0.07625 0.16666666666666666
2 0.225625 0.7525 0.108125 0.195
2 0.346875 0.7541666666666667 0.076875 0.185
2 0.346875 0.5658333333333333 0.08 0.105
2 0.26375 0.5533333333333333 0.0925 0.12833333333333333
2 0.42625 0.7108333333333333 0.050625 0.12833333333333333
2 0.3625 0.37 0.069375 0.13166666666666665
2 0.5175 0.4725 0.045625 0.10333333333333333
2 0.576875 0.41583333333333333 0.024375 0.08
2 0.421875 0.2825 0.035 0.10416666666666667
2 0.43125 0.5641666666666667 0.056875 0.05333333333333334
2 0.74875 0.6016666666666667 0.038125 0.1025
2 0.73375 0.45 0.02875 0.08583333333333333
2 0.663125 0.9216666666666666 0.154375 0.15666666666666668
2 0.7725 0.8858333333333334 0.14125 0.13666666666666666
2 0.803125 0.7541666666666667 0.140625 0.12916666666666668
2 0.85 0.62 0.1125 0.11166666666666666
2 0.864375 0.555 0.109375 0.1225
2 0.83875 0.485 0.08875 0.0925
2 0.9525 0.815 0.095 0.15666666666666668
2 0.953125 0.6341666666666667 0.09375 0.14416666666666667
2 0.944375 0.48083333333333333 0.0625 0.1475
2 0.774375 0.1875 0.02375 0.060833333333333336
2 0.784375 0.27 0.033125 0.09583333333333334
2 0.581875 0.2125 0.029375 0.0875
2 0.49375 0.15833333333333333 0.025625 0.07833333333333334
2 0.42875 0.18 0.028125 0.065
2 0.545 0.17666666666666667 0.0225 0.09666666666666666