1 0.33125 0.6583333333333333 0.095 0.19166666666666668
1 0.563125 0.47833333333333333 0.071875 0.14333333333333334
1 0.691875 0.385 0.04125 0.08333333333333333
1 0.08875 0.6141666666666666 0.1775 0.17666666666666667
1 0.430625 0.9633333333333334 0.20125 0.07333333333333333
2 0.12875 0.8433333333333334 0.05375 0.06416666666666666
2 0.27125 0.8316666666666667 0.065625 0.06666666666666667
2 0.2275 0.7316666666666667 0.0575 0.06916666666666667
2 0.654375 0.83 0.0475 0.07083333333333333
2 0.71 0.9583333333333334 0.06 0.08333333333333333
2 0.61375 0.7458333333333333 0.04875 0.06916666666666667
2 0.711875 0.6391666666666667 0.045 0.060833333333333336
2 0.66375 0.5833333333333334 0.050625 0.05583333333333333
2 0.720625 0.5075 0.044375 0.04833333333333333
1 0.056875 0.7641666666666667 0.105625 0.19