1 0.696875 0.605 0.13625 0.24583333333333332
1 0.180625 0.8308333333333333 0.3525 0.3375
1 0.501875 0.5866666666666667 0.186875 0.22083333333333333
1 0.611875 0.4475 0.109375 0.10583333333333333
1 0.6925 0.3541666666666667 0.075 0.11666666666666667
1 0.785625 0.435 0.080625 0.15833333333333333
1 0.61375 0.355 0.0575 0.08166666666666667
2 0.381875 0.6325 0.068125 0.10166666666666667
2 0.04 0.8033333333333333 0.05875 0.12666666666666668
2 0.8875 0.6541666666666667 0.05 0.10833333333333334
2 0.876875 0.5491666666666667 0.035 0.07333333333333333
2 0.923125 0.4925 0.019375 0.065
2 0.8475 0.39166666666666666 0.0225 0.0475
2 0.889375 0.41083333333333333 0.02125 0.041666666666666664
2 0.9325 0.43416666666666665 0.0275 0.05416666666666667
2 0.6 0.6158333333333333 0.05 0.14
2 0.330625 0.7366666666666667 0.030625 0.10666666666666667
2 0.645 0.49333333333333335 0.03875 0.08916666666666667
2 0.4325 0.5141666666666667 0.050625 0.08916666666666667
2 0.313125 0.5941666666666666 0.059375 0.0875
2 0.249375 0.6325 0.0575 0.0625