1 0.59625 0.6883333333333334 0.124375 0.20166666666666666
1 0.470625 0.3933333333333333 0.055625 0.11416666666666667
1 0.434375 0.2733333333333333 0.03625 0.06916666666666667
1 0.22625 0.895 0.175 0.21
2 0.38125 0.6016666666666667 0.05 0.08583333333333333
2 0.16875 0.4866666666666667 0.04875 0.0875
2 0.27625 0.4141666666666667 0.021875 0.05416666666666667
2 0.23125 0.3275 0.02 0.03166666666666667
2 0.2925 0.29083333333333333 0.0275 0.04583333333333333
2 0.56875 0.4725 0.01875 0.04583333333333333
2 0.61625 0.5075 0.02625 0.07916666666666666
2 0.66875 0.6491666666666667 0.04375 0.12333333333333334
2 0.70875 0.8358333333333333 0.04625 0.15583333333333332
2 0.75 0.8116666666666666 0.046875 0.12666666666666668
2 0.865 0.7858333333333334 0.06375 0.12333333333333334
2 0.70625 0.6283333333333333 0.03625 0.12333333333333334
2 0.645625 0.5025 0.02125 0.06