1 0.84 0.9 0.319375 0.2
1 0.705 0.45916666666666667 0.135 0.16666666666666666
1 0.648125 0.3075 0.075625 0.1025
1 0.270625 0.4075 0.09375 0.16666666666666666
1 0.2175 0.3375 0.05875 0.10583333333333333
1 0.316875 0.2891666666666667 0.05375 0.09833333333333333
1 0.2625 0.26 0.04625 0.07666666666666666
1 0.378125 0.26416666666666666 0.0475 0.085
1 0.11625 0.7566666666666667 0.224375 0.48583333333333334
2 0.4675 0.4483333333333333 0.0675 0.0925
2 0.06 0.43583333333333335 0.031875 0.08416666666666667
2 0.0975 0.4275 0.036875 0.0825
1 0.56125 0.405 0.119375 0.22