1 0.49 0.4683333333333333 0.065625 0.1225
1 0.435 0.2675 0.0325 0.056666666666666664
2 0.314375 0.42083333333333334 0.0225 0.06666666666666667
2 0.105625 0.5458333333333333 0.03 0.08333333333333333
2 0.23375 0.4191666666666667 0.024375 0.06
2 0.675 0.7308333333333333 0.034375 0.11416666666666667
2 0.72125 0.7283333333333334 0.04625 0.1125
2 0.69375 0.9141666666666667 0.0625 0.17083333333333334
2 0.793125 0.925 0.07 0.14416666666666667
2 0.89875 0.9466666666666667 0.0825 0.10666666666666667
2 0.925625 0.8475 0.05125 0.14833333333333334
2 0.59 0.6008333333333333 0.03375 0.09833333333333333
2 0.6325 0.5608333333333333 0.03375 0.0875
2 0.688125 0.595 0.034375 0.0875