1 0.13125 0.9058333333333334 0.2625 0.1875
2 0.798125 0.5766666666666667 0.106875 0.13583333333333333
2 0.333125 0.6975 0.096875 0.14083333333333334
2 0.435625 0.7033333333333334 0.085625 0.1325
2 0.62625 0.7983333333333333 0.15875 0.16416666666666666
2 0.630625 0.7125 0.121875 0.12083333333333333
2 0.888125 0.8833333333333333 0.20625 0.23333333333333334
2 0.4125 0.8508333333333333 0.136875 0.15583333333333332
2 0.5175 0.9358333333333333 0.27125 0.11833333333333333
2 0.075 0.7883333333333333 0.1475 0.13916666666666666
2 0.225 0.6125 0.0775 0.11416666666666667
2 0.0525 0.5641666666666667 0.063125 0.0625
1 0.68875 0.3625 0.06875 0.11833333333333333
2 0.6975 0.5858333333333333 0.086875 0.115