1 0.39 0.6141666666666666 0.146875 0.13083333333333333
1 0.679375 0.6558333333333334 0.19 0.15666666666666668
1 0.11375 0.6883333333333334 0.19625 0.14
1 0.030625 0.6058333333333333 0.0575 0.15166666666666667
1 0.97875 0.6458333333333334 0.0425 0.13583333333333333
1 0.57375 0.31666666666666665 0.0425 0.058333333333333334
1 0.539375 0.30083333333333334 0.04 0.065
1 0.300625 0.5566666666666666 0.165 0.13083333333333333
2 0.1425 0.5191666666666667 0.056875 0.0525
2 0.630625 0.515 0.059375 0.05
2 0.840625 0.63 0.0625 0.07083333333333333
2 0.95125 0.5491666666666667 0.053125 0.06
2 0.393125 0.5266666666666666 0.040625 0.05583333333333333