0 0.20375 0.5966666666666667 0.174375 0.45916666666666667
0 0.850625 0.2966666666666667 0.166875 0.10666666666666667
1 0.571875 0.53 0.123125 0.16333333333333333
1 0.379375 0.41083333333333333 0.065625 0.09083333333333334
1 0.275625 0.4125 0.05125 0.09166666666666666
1 0.399375 0.37083333333333335 0.051875 0.0675
1 0.045625 0.4875 0.07625 0.1125
1 0.69375 0.3675 0.069375 0.07833333333333334
1 0.8225 0.4175 0.093125 0.08083333333333333
1 0.938125 0.4766666666666667 0.12375 0.095
1 0.92375 0.405 0.12875 0.08083333333333333
1 0.72125 0.31833333333333336 0.083125 0.09416666666666666
1 0.6325 0.31833333333333336 0.055 0.04833333333333333
1 0.33625 0.30416666666666664 0.03875 0.050833333333333335
1 0.27375 0.29083333333333333 0.029375 0.04416666666666667