1 0.5775 0.8541666666666666 0.215 0.29083333333333333
1 0.22125 0.8533333333333334 0.28625 0.29333333333333333
1 0.556875 0.5158333333333334 0.12875 0.19
1 0.83125 0.4083333333333333 0.075 0.11916666666666667
1 0.68875 0.3516666666666667 0.08625 0.15583333333333332
2 0.305625 0.6341666666666667 0.06375 0.12083333333333333
2 0.359375 0.5458333333333333 0.046875 0.1
2 0.4125 0.49833333333333335 0.0425 0.0975
2 0.49125 0.49333333333333335 0.040625 0.09166666666666666
2 0.76625 0.805 0.075625 0.17916666666666667
2 0.77125 0.6825 0.07375 0.1375
3 0.899375 0.9 0.184375 0.2
2 0.124375 0.8541666666666666 0.14625 0.16083333333333333
2 0.04125 0.7775 0.0775 0.17083333333333334