1 0.56375 0.7933333333333333 0.124375 0.2275
1 0.348125 0.6358333333333334 0.094375 0.19166666666666668
1 0.18875 0.7691666666666667 0.14125 0.275
1 0.450625 0.3433333333333333 0.046875 0.08916666666666667
1 0.375 0.26416666666666666 0.034375 0.05
1 0.325625 0.25583333333333336 0.0375 0.06
1 0.4225 0.19 0.02625 0.03916666666666667
2 0.025625 0.7283333333333334 0.04625 0.10416666666666667
2 0.149375 0.605 0.040625 0.085
2 0.144375 0.5033333333333333 0.035 0.085
2 0.244375 0.41333333333333333 0.034375 0.065
2 0.344375 0.4625 0.031875 0.06916666666666667
2 0.755625 0.8291666666666667 0.05375 0.14166666666666666
2 0.8825 0.9308333333333333 0.0775 0.1375
2 0.64 0.6166666666666667 0.0275 0.09166666666666666
2 0.585 0.5225 0.03375 0.065
2 0.654375 0.5733333333333334 0.03375 0.06666666666666667
2 0.30125 0.39666666666666667 0.021875 0.06
2 0.2075 0.38666666666666666 0.025625 0.06833333333333333
2 0.666875 0.7641666666666667 0.036875 0.12666666666666668