1 0.48375 0.49583333333333335 0.09875 0.16916666666666666
1 0.424375 0.3375 0.0725 0.08583333333333333
1 0.775 0.3725 0.10125 0.09
1 0.39 0.2775 0.03125 0.056666666666666664
2 0.558125 0.38916666666666666 0.0475 0.0525
2 0.625 0.385 0.055 0.04416666666666667
2 0.429375 0.9316666666666666 0.08125 0.13666666666666666
2 0.3325 0.715 0.046875 0.14416666666666667
2 0.22125 0.7166666666666667 0.0675 0.1475
2 0.1975 0.4891666666666667 0.02 0.075
2 0.275625 0.5608333333333333 0.045 0.11
2 0.319375 0.42 0.02375 0.0625
2 0.22625 0.425 0.030625 0.05583333333333333
2 0.1025 0.42 0.02875 0.0625
2 0.0425 0.4775 0.0375 0.056666666666666664
2 0.230625 0.3375 0.018125 0.030833333333333334
2 0.36375 0.33166666666666667 0.02 0.041666666666666664
2 0.6925 0.32083333333333336 0.035 0.025
2 0.7275 0.3308333333333333 0.03875 0.02666666666666667