1 0.395625 0.5366666666666666 0.10125 0.16833333333333333
1 0.763125 0.805 0.2075 0.30083333333333334
1 0.4625 0.4266666666666667 0.07625 0.105
1 0.76375 0.3675 0.080625 0.0625
1 0.521875 0.2825 0.05375 0.058333333333333334
1 0.3425 0.32916666666666666 0.039375 0.051666666666666666
1 0.295625 0.3575 0.04375 0.06416666666666666
1 0.466875 0.8608333333333333 0.20875 0.2783333333333333
1 0.291875 0.30416666666666664 0.036875 0.03666666666666667
1 0.479375 0.2658333333333333 0.035 0.03166666666666667
2 0.25375 0.7258333333333333 0.035625 0.12833333333333333
2 0.220625 0.5216666666666666 0.034375 0.07833333333333334
2 0.12375 0.37583333333333335 0.01875 0.045
2 0.041875 0.4558333333333333 0.01875 0.06
2 0.075625 0.3625 0.0175 0.04083333333333333
2 0.221875 0.34833333333333333 0.01875 0.045
2 0.68 0.4166666666666667 0.025625 0.0575