1 0.844375 0.7958333333333333 0.310625 0.2891666666666667
2 0.945625 0.9691666666666666 0.070625 0.06166666666666667
2 0.578125 0.8266666666666667 0.1225 0.175
2 0.664375 0.8175 0.110625 0.1575
2 0.4425 0.7258333333333333 0.095 0.15083333333333335
2 0.31125 0.6366666666666667 0.075625 0.12833333333333333
1 0.7225 0.3416666666666667 0.055 0.08
1 0.74625 0.2966666666666667 0.04875 0.07083333333333333
1 0.771875 0.27416666666666667 0.029375 0.0475
2 0.8675 0.3491666666666667 0.02 0.0375
2 0.819375 0.6175 0.100625 0.095
2 0.5975 0.6716666666666666 0.095625 0.11416666666666667
1 0.073125 0.4925 0.13125 0.13666666666666666
2 0.085625 0.6625 0.02875 0.06
2 0.1025 0.5758333333333333 0.050625 0.10583333333333333
2 0.155 0.4975 0.03375 0.07166666666666667
2 0.20875 0.6275 0.060625 0.11666666666666667
2 0.431875 0.525 0.05625 0.10416666666666667
2 0.49875 0.5225 0.05875 0.08833333333333333
2 0.24125 0.5608333333333333 0.05125 0.09
2 0.676875 0.5483333333333333 0.085625 0.08333333333333333
2 0.63375 0.5158333333333334 0.044375 0.07666666666666666
2 0.64625 0.38 0.015625 0.04833333333333333
2 0.620625 0.38083333333333336 0.014375 0.041666666666666664
2 0.55625 0.5158333333333334 0.05875 0.0825
2 0.459375 0.48 0.045625 0.08
1 0.0075 0.44 0.015 0.08416666666666667
2 0.37625 0.5341666666666667 0.046875 0.09666666666666666
2 0.349375 0.49083333333333334 0.048125 0.07166666666666667
2 0.311875 0.4508333333333333 0.05125 0.06333333333333334
2 0.395625 0.4825 0.044375 0.0725
2 0.21 0.5066666666666667 0.0475 0.06666666666666667
2 0.261875 0.49916666666666665 0.053125 0.07166666666666667
2 0.5275 0.40166666666666667 0.02 0.06916666666666667
2 0.5725 0.37333333333333335 0.019375 0.050833333333333335