1 0.248125 0.4708333333333333 0.02375 0.025
1 0.681875 0.5791666666666667 0.064375 0.065
1 0.276875 0.475 0.0225 0.028333333333333332
1 0.575 0.51 0.03375 0.03833333333333333
1 0.295625 0.435 0.01625 0.021666666666666667
0 0.39125 0.5725 0.059375 0.13166666666666665
2 0.903125 0.8058333333333333 0.035625 0.0375
1 0.25625 0.4691666666666667 0.03625 0.030833333333333334
1 0.22 0.4475 0.009375 0.013333333333333334
1 0.2225 0.43583333333333335 0.01125 0.018333333333333333
1 0.226875 0.4275 0.013125 0.015833333333333335
1 0.579375 0.5016666666666667 0.02375 0.023333333333333334