1 0.246875 0.81 0.26375 0.35583333333333333
1 0.425 0.5216666666666666 0.0925 0.21916666666666668
1 0.545625 0.6325 0.0825 0.22333333333333333
1 0.575625 0.45916666666666667 0.06 0.19666666666666666
1 0.52 0.9266666666666666 0.225 0.14666666666666667
1 0.05875 0.5016666666666667 0.103125 0.2125
1 0.315625 0.36 0.09 0.1825
1 0.41625 0.36833333333333335 0.071875 0.18333333333333332
1 0.39 0.2783333333333333 0.0575 0.0775
1 0.42125 0.29583333333333334 0.10125 0.0925
1 0.515625 0.2841666666666667 0.05375 0.12416666666666666
1 0.579375 0.31583333333333335 0.03375 0.08333333333333333
1 0.624375 0.23416666666666666 0.02125 0.04833333333333333
1 0.64375 0.2966666666666667 0.0675 0.055
1 0.6125 0.39166666666666666 0.05 0.11083333333333334