1 0.569375 0.6341666666666667 0.15375 0.29083333333333333
1 0.27875 0.4375 0.145625 0.17916666666666667
1 0.015 0.5791666666666667 0.03 0.2841666666666667
1 0.895 0.7191666666666666 0.21 0.4116666666666667
1 0.975 0.3591666666666667 0.05 0.12
1 0.604375 0.2925 0.06875 0.125
1 0.681875 0.21333333333333335 0.07 0.07666666666666666
2 0.009375 0.30583333333333335 0.018125 0.060833333333333336
2 0.016875 0.17666666666666667 0.011875 0.028333333333333332
2 0.09125 0.215 0.016875 0.03916666666666667
2 0.56 0.39666666666666667 0.04875 0.08
2 0.589375 0.49333333333333335 0.048125 0.1025
2 0.925 0.4925 0.039375 0.11833333333333333
2 0.86875 0.355 0.021875 0.0725
2 0.6475 0.25583333333333336 0.026875 0.0475
2 0.730625 0.20583333333333334 0.009375 0.043333333333333335
2 0.759375 0.20833333333333334 0.013125 0.045
2 0.853125 0.21916666666666668 0.0125 0.025
1 0.801875 0.15583333333333332 0.034375 0.03833333333333333