1 0.26625 0.8391666666666666 0.365 0.32083333333333336
1 0.5125 0.10416666666666667 0.065625 0.09166666666666666
1 0.93125 0.8925 0.1375 0.215
2 0.573125 0.8016666666666666 0.14 0.13916666666666666
2 0.195 0.9633333333333334 0.159375 0.065
2 0.056875 0.6483333333333333 0.11125 0.1
2 0.4475 0.7225 0.1175 0.11666666666666667
2 0.365 0.515 0.0975 0.11916666666666667
2 0.275625 0.5358333333333334 0.093125 0.11666666666666667
2 0.19125 0.5841666666666666 0.10875 0.10166666666666667
2 0.415 0.3308333333333333 0.0425 0.1275
2 0.513125 0.30083333333333334 0.03 0.09833333333333333
2 0.718125 0.32416666666666666 0.0425 0.12333333333333334
2 0.44875 0.2275 0.031875 0.09416666666666666
2 0.4575 0.6291666666666667 0.125625 0.1025
2 0.706875 0.6308333333333334 0.130625 0.125
2 0.685 0.7216666666666667 0.12875 0.10666666666666667
2 0.90875 0.745 0.12125 0.115
2 0.77875 0.8316666666666667 0.16625 0.13333333333333333
2 0.94875 0.6133333333333333 0.1025 0.13333333333333333
2 0.944375 0.48083333333333333 0.06 0.14833333333333334
2 0.7825 0.2683333333333333 0.0375 0.11416666666666667
2 0.781875 0.19666666666666666 0.04125 0.0625
2 0.173125 0.2808333333333333 0.094375 0.10416666666666667