1 0.34125 0.5708333333333333 0.076875 0.16
2 0.12875 0.6816666666666666 0.05 0.08583333333333333
2 0.18375 0.44583333333333336 0.0375 0.0775
2 0.231875 0.3441666666666667 0.024375 0.05416666666666667
2 0.67375 0.6466666666666666 0.03 0.08166666666666667
2 0.96375 0.8958333333333334 0.065625 0.15833333333333333
2 0.590625 0.49833333333333335 0.02375 0.03916666666666667
2 0.495 0.4075 0.035 0.04
1 0.36625 0.28583333333333333 0.035 0.0625
1 0.32625 0.24666666666666667 0.024375 0.0625
1 0.38375 0.24083333333333334 0.03625 0.043333333333333335
1 0.36875 0.19916666666666666 0.0375 0.0375