0 0.43375 0.21083333333333334 0.03875 0.09583333333333334
2 0.033125 0.895 0.06625 0.19333333333333333
2 0.08125 0.6733333333333333 0.04375 0.1225
2 0.26125 0.41333333333333333 0.025625 0.0625
2 0.308125 0.4225 0.02125 0.058333333333333334
2 0.2225 0.385 0.01875 0.0525
2 0.735 0.9475 0.045 0.10416666666666667
2 0.764375 0.7758333333333334 0.049375 0.1375
2 0.925625 0.9375 0.08375 0.12416666666666666
2 0.96375 0.8966666666666666 0.071875 0.16833333333333333
2 0.59875 0.5608333333333333 0.03125 0.085
2 0.655625 0.5683333333333334 0.0375 0.08333333333333333