1 0.685625 0.355 0.1075 0.07416666666666667
1 0.504375 0.27 0.02875 0.034166666666666665
1 0.465 0.3525 0.079375 0.08
1 0.42 0.2425 0.025625 0.03
1 0.366875 0.255 0.024375 0.034166666666666665
1 0.341875 0.2608333333333333 0.02625 0.03333333333333333
1 0.305625 0.2608333333333333 0.025 0.035833333333333335
1 0.26625 0.265 0.023125 0.035833333333333335
1 0.900625 0.33 0.050625 0.0525
2 0.174375 0.6208333333333333 0.03875 0.10083333333333333
2 0.18875 0.49416666666666664 0.02375 0.075
2 0.211875 0.525 0.026875 0.08333333333333333
2 0.2575 0.44083333333333335 0.02375 0.06416666666666666
2 0.213125 0.435 0.0225 0.06166666666666667
2 0.050625 0.45916666666666667 0.02125 0.06416666666666666
2 0.140625 0.37833333333333335 0.01625 0.04833333333333333
2 0.160625 0.34833333333333333 0.015625 0.03916666666666667
2 0.208125 0.3491666666666667 0.014375 0.03916666666666667
2 0.26125 0.35833333333333334 0.0175 0.04
2 0.495625 0.405 0.046875 0.04083333333333333
2 0.429375 0.39 0.033125 0.0425
2 0.371875 0.36583333333333334 0.02 0.041666666666666664