1 0.166875 0.7208333333333333 0.19 0.2075
1 0.525 0.5308333333333334 0.106875 0.12
1 0.34 0.5241666666666667 0.141875 0.13416666666666666
1 0.36625 0.7083333333333334 0.176875 0.24583333333333332
1 0.151875 0.9191666666666667 0.256875 0.16166666666666665
1 0.465 0.42916666666666664 0.094375 0.10166666666666667
1 0.576875 0.435 0.096875 0.12666666666666668
1 0.165625 0.43166666666666664 0.15125 0.11666666666666667
1 0.679375 0.31583333333333335 0.064375 0.08416666666666667
1 0.634375 0.36083333333333334 0.07125 0.11166666666666666
0 0.581875 0.2708333333333333 0.13125 0.17583333333333334
0 0.665 0.2225 0.0525 0.10416666666666667
2 0.793125 0.7216666666666667 0.03625 0.075
2 0.801875 0.4866666666666667 0.031875 0.05