1 0.3875 0.26416666666666666 0.11625 0.09666666666666666
1 0.4225 0.16166666666666665 0.021875 0.041666666666666664
1 0.108125 0.275 0.105625 0.07833333333333334
1 0.565 0.17833333333333334 0.03 0.0525
1 0.6 0.15583333333333332 0.025 0.041666666666666664
2 0.29125 0.4533333333333333 0.048125 0.056666666666666664
2 0.18625 0.43916666666666665 0.07 0.0475
2 0.565 0.8308333333333333 0.0725 0.15333333333333332
2 0.409375 0.36083333333333334 0.051875 0.045
2 0.22875 0.4 0.0375 0.05333333333333334
2 0.015625 0.48 0.030625 0.08833333333333333
2 0.043125 0.37166666666666665 0.045625 0.049166666666666664
2 0.55 0.325 0.034375 0.035833333333333335
2 0.643125 0.31916666666666665 0.029375 0.035833333333333335
2 0.74125 0.28583333333333333 0.033125 0.0275
2 0.6775 0.2791666666666667 0.038125 0.029166666666666667
2 0.31625 0.3466666666666667 0.04125 0.03916666666666667