1 0.42375 0.8466666666666667 0.1175 0.30666666666666664
1 0.35625 0.5091666666666667 0.061875 0.12833333333333333
0 0.646875 0.21416666666666667 0.08125 0.12833333333333333
1 0.75125 0.5283333333333333 0.109375 0.1425
1 0.86875 0.5466666666666666 0.118125 0.12666666666666668
1 0.468125 0.3258333333333333 0.045625 0.07833333333333334
1 0.39 0.27416666666666667 0.043125 0.06833333333333333
1 0.6975 0.33 0.07 0.08333333333333333
1 0.621875 0.30666666666666664 0.0575 0.07833333333333334
1 0.590625 0.24333333333333335 0.040625 0.055
1 0.781875 0.3283333333333333 0.075 0.09083333333333334
2 0.065 0.6666666666666666 0.029375 0.09083333333333334