2 0.193125 0.75 0.12875 0.17416666666666666
2 0.228125 0.5066666666666667 0.104375 0.09583333333333334
2 0.18 0.28583333333333333 0.0725 0.06833333333333333
2 0.511875 0.7691666666666667 0.086875 0.1725
2 0.58 0.95 0.1175 0.09916666666666667
2 0.228125 0.6258333333333334 0.11375 0.12166666666666667
2 0.505625 0.2841666666666667 0.036875 0.1075
2 0.420625 0.5383333333333333 0.056875 0.155
2 0.421875 0.26916666666666667 0.041875 0.085
2 0.768125 0.9483333333333334 0.03875 0.10333333333333333
2 0.703125 0.8908333333333334 0.039375 0.13
2 0.9475 0.48 0.056875 0.155
2 0.57375 0.82 0.09625 0.17083333333333334
2 0.59 0.6625 0.1175 0.11083333333333334
1 0.515 0.10666666666666667 0.063125 0.095
2 0.5 0.6125 0.04625 0.09666666666666666
2 0.82 0.7666666666666667 0.039375 0.08916666666666667