1 0.456875 0.3233333333333333 0.04625 0.09083333333333334
1 0.2175 0.3516666666666667 0.059375 0.10416666666666667
1 0.859375 0.415 0.084375 0.11
1 0.944375 0.9291666666666667 0.11125 0.14166666666666666
1 0.640625 0.2375 0.050625 0.06916666666666667
1 0.569375 0.21 0.036875 0.0525
1 0.6125 0.18916666666666668 0.033125 0.045
1 0.40625 0.23833333333333334 0.04125 0.0725
1 0.246875 0.2608333333333333 0.054375 0.06833333333333333
2 0.15 0.6483333333333333 0.045625 0.10416666666666667
2 0.066875 0.5341666666666667 0.038125 0.08083333333333333
2 0.11 0.4166666666666667 0.025 0.060833333333333336
2 0.26625 0.3775 0.016875 0.0575
2 0.54625 0.3525 0.0425 0.059166666666666666
2 0.0125 0.44666666666666666 0.025 0.0625
2 0.09875 0.36083333333333334 0.03 0.05333333333333334
2 0.136875 0.3591666666666667 0.02625 0.049166666666666664