1 0.271875 0.5066666666666667 0.09125 0.14166666666666666
1 0.450625 0.37083333333333335 0.05875 0.12583333333333332
1 0.6975 0.4625 0.100625 0.14
1 0.62125 0.3258333333333333 0.065625 0.07833333333333334
1 0.73875 0.3675 0.080625 0.09583333333333334
1 0.663125 0.2683333333333333 0.053125 0.065
1 0.57 0.20583333333333334 0.038125 0.049166666666666664
1 0.614375 0.1925 0.045625 0.0575
1 0.941875 0.6875 0.11625 0.22833333333333333
1 0.265 0.1775 0.035625 0.065
1 0.454375 0.24166666666666667 0.043125 0.09833333333333333
1 0.381875 0.16333333333333333 0.024375 0.0375
1 0.8225 0.30916666666666665 0.056875 0.07666666666666666
0 0.9275 0.4666666666666667 0.145 0.2966666666666667
0 0.419375 0.15833333333333333 0.033125 0.085
2 0.12875 0.78 0.0575 0.11
0 0.67375 0.195 0.05875 0.10166666666666667
2 0.031875 0.92 0.06375 0.15666666666666668
2 0.18 0.5416666666666666 0.033125 0.08
2 0.05625 0.5866666666666667 0.043125 0.09416666666666666
2 0.090625 0.5233333333333333 0.033125 0.08833333333333333
2 0.1425 0.4375 0.0275 0.0625
2 0.23625 0.43166666666666664 0.026875 0.05333333333333334
2 0.1625 0.485 0.034375 0.06666666666666667
2 0.19625 0.355 0.0125 0.045
2 0.155625 0.37833333333333335 0.025 0.0625
2 0.125625 0.365 0.01875 0.0475
2 0.27125 0.42833333333333334 0.019375 0.0375
2 0.774375 0.33916666666666667 0.026875 0.050833333333333335
2 0.22 0.33916666666666667 0.02375 0.0475
2 0.026875 0.4741666666666667 0.02625 0.0625
2 0.04125 0.42916666666666664 0.02375 0.0475