1 0.295625 0.78 0.30875 0.43166666666666664
1 0.681875 0.37 0.0825 0.10666666666666667
1 0.750625 0.2825 0.03875 0.07916666666666666
1 0.79125 0.24333333333333335 0.03125 0.041666666666666664
2 0.731875 0.6525 0.04375 0.1275
2 0.984375 0.8291666666666667 0.03125 0.11666666666666667
2 0.88 0.5391666666666667 0.03125 0.060833333333333336
2 0.8275 0.5266666666666666 0.02125 0.06916666666666667
2 0.76 0.48333333333333334 0.024375 0.060833333333333336
2 0.8025 0.4058333333333333 0.018125 0.041666666666666664
2 0.44 0.6025 0.0475 0.11416666666666667
2 0.5325 0.495 0.044375 0.07333333333333333
2 0.5825 0.44666666666666666 0.036875 0.07083333333333333
2 0.480625 0.48833333333333334 0.040625 0.08166666666666667
2 0.435625 0.4891666666666667 0.035 0.0725
2 0.29375 0.5558333333333333 0.053125 0.06916666666666667
2 0.07625 0.7475 0.09875 0.16083333333333333
2 0.14625 0.8183333333333334 0.050625 0.09416666666666666
2 0.07875 0.5966666666666667 0.030625 0.0875
2 0.01875 0.505 0.0375 0.065
2 0.535 0.4091666666666667 0.04375 0.065
2 0.49 0.4141666666666667 0.0225 0.05416666666666667
2 0.611875 0.37666666666666665 0.02875 0.05583333333333333
2 0.943125 0.41333333333333333 0.018125 0.051666666666666666