1 0.758125 0.9066666666666666 0.32125 0.18666666666666668
1 0.51625 0.1075 0.0775 0.1125
1 0.605 0.1175 0.069375 0.1125
2 0.4125 0.8241666666666667 0.09875 0.1125
2 0.37 0.6383333333333333 0.10875 0.11833333333333333
2 0.37625 0.49583333333333335 0.0825 0.1225
2 0.196875 0.4525 0.121875 0.08166666666666667
2 0.66625 0.33666666666666667 0.0225 0.07916666666666666
2 0.6275 0.2966666666666667 0.0175 0.07666666666666666
2 0.83125 0.58 0.125 0.12666666666666668
2 0.954375 0.4775 0.0475 0.1625
2 0.51625 0.6675 0.11625 0.0875
2 0.51125 0.7941666666666667 0.125625 0.14166666666666666
2 0.57125 0.7375 0.115 0.13333333333333333
2 0.21625 0.8316666666666667 0.078125 0.1475
2 0.385625 0.3333333333333333 0.043125 0.10333333333333333