1 0.37875 0.4075 0.071875 0.11
1 0.474375 0.36916666666666664 0.06375 0.08916666666666667
1 0.55625 0.36083333333333334 0.1175 0.09166666666666666
1 0.9525 0.4841666666666667 0.095 0.13333333333333333
1 0.369375 0.2991666666666667 0.036875 0.051666666666666666
1 0.275625 0.285 0.03125 0.0525
1 0.349375 0.26416666666666666 0.03125 0.04
1 0.3025 0.26666666666666666 0.0275 0.041666666666666664
2 0.370625 0.8041666666666667 0.0475 0.13583333333333333
2 0.234375 0.7725 0.034375 0.14416666666666667
2 0.0875 0.74 0.045 0.13083333333333333
2 0.03625 0.6066666666666667 0.043125 0.1
2 0.11125 0.6225 0.049375 0.08166666666666667
2 0.194375 0.5066666666666667 0.031875 0.06666666666666667
2 0.24875 0.5175 0.036875 0.06833333333333333
2 0.215 0.6383333333333333 0.0375 0.09583333333333334
2 0.31 0.5866666666666667 0.034375 0.10666666666666667
2 0.3725 0.5941666666666666 0.043125 0.09
2 0.2675 0.41083333333333333 0.0325 0.05583333333333333
2 0.235 0.4558333333333333 0.030625 0.060833333333333336
2 0.1425 0.4041666666666667 0.02375 0.0475
2 0.068125 0.45416666666666666 0.029375 0.058333333333333334
2 0.18125 0.38 0.02 0.0375
2 0.225 0.3433333333333333 0.02 0.030833333333333334
2 0.291875 0.3875 0.018125 0.0475
2 0.338125 0.3433333333333333 0.0225 0.035833333333333335