2 0.271875 0.52 0.02375 0.085
2 0.21125 0.9075 0.056875 0.12333333333333334
2 0.103125 0.6191666666666666 0.06375 0.08333333333333333
2 0.13625 0.4375 0.02875 0.0525
2 0.18875 0.42083333333333334 0.019375 0.0525
2 0.2325 0.41333333333333333 0.021875 0.056666666666666664
2 0.086875 0.43583333333333335 0.0375 0.05416666666666667
2 0.270625 0.395 0.02875 0.051666666666666666
2 0.294375 0.3925 0.021875 0.056666666666666664
2 0.371875 0.37 0.01875 0.04833333333333333
2 0.42125 0.41583333333333333 0.021875 0.05416666666666667
2 0.325625 0.4166666666666667 0.04375 0.05583333333333333
2 0.35875 0.41083333333333333 0.043125 0.058333333333333334
2 0.7325 0.37666666666666665 0.038125 0.05
2 0.7925 0.39416666666666667 0.045 0.05583333333333333
2 0.85375 0.3725 0.0375 0.05
2 0.93875 0.36916666666666664 0.036875 0.051666666666666666
2 0.6625 0.31916666666666665 0.034375 0.025
1 0.62 0.3616666666666667 0.109375 0.065
1 0.61375 0.2975 0.05625 0.05
1 0.7675 0.3383333333333333 0.0775 0.051666666666666666
1 0.89125 0.32416666666666666 0.06625 0.05416666666666667
1 0.781875 0.3025 0.090625 0.0475
1 0.50875 0.255 0.03375 0.035
1 0.30125 0.25916666666666666 0.02875 0.0375
1 0.341875 0.255 0.030625 0.04583333333333333
1 0.26375 0.25833333333333336 0.02625 0.03916666666666667
1 0.2475 0.24166666666666667 0.018125 0.030833333333333334
1 0.309375 0.24083333333333334 0.02 0.029166666666666667
0 0.473125 0.22416666666666665 0.031875 0.04583333333333333
0 0.96875 0.325 0.0625 0.1