1 0.354375 0.8041666666666667 0.316875 0.32166666666666666
1 0.5775 0.4825 0.159375 0.2633333333333333
1 0.460625 0.27416666666666667 0.131875 0.235
1 0.6075 0.175 0.090625 0.15333333333333332
2 0.18875 0.4716666666666667 0.100625 0.11333333333333333
2 0.034375 0.98 0.039375 0.04
2 0.020625 0.5025 0.04125 0.07333333333333333
2 0.25375 0.6616666666666666 0.1175 0.15666666666666668
2 0.349375 0.39 0.054375 0.12333333333333334
2 0.485625 0.4508333333333333 0.05875 0.1175
2 0.725625 0.4075 0.023125 0.06833333333333333
2 0.706875 0.27166666666666667 0.03 0.10333333333333333
2 0.175 0.28 0.073125 0.09583333333333334
2 0.654375 0.105 0.023125 0.0625
2 0.779375 0.19083333333333333 0.02375 0.07
2 0.945 0.48 0.06625 0.16166666666666665
2 0.800625 0.5358333333333334 0.046875 0.14666666666666667
2 0.745 0.6375 0.04375 0.16333333333333333
2 0.784375 0.2658333333333333 0.031875 0.0975