0 0.4875 0.6375 0.545 0.7241666666666666
1 0.15375 0.3875 0.115625 0.13916666666666666
1 0.2175 0.2966666666666667 0.096875 0.12916666666666668
1 0.4075 0.31416666666666665 0.065 0.09833333333333333
1 0.561875 0.4025 0.134375 0.16
1 0.635 0.2925 0.0625 0.11
2 0.154375 0.7691666666666667 0.06 0.16
2 0.151875 0.9166666666666666 0.07125 0.16666666666666666
2 0.1775 0.5375 0.06375 0.10833333333333334
2 0.0225 0.3325 0.030625 0.0875
2 0.04 0.30083333333333334 0.02875 0.07916666666666666
2 0.843125 0.6191666666666666 0.08625 0.1475