1 0.38375 0.41333333333333333 0.071875 0.11166666666666666
1 0.323125 0.3375 0.046875 0.060833333333333336
1 0.344375 0.3075 0.035625 0.04666666666666667
1 0.951875 0.5241666666666667 0.09625 0.15
1 0.773125 0.37083333333333335 0.07625 0.0775
1 0.66875 0.35833333333333334 0.0675 0.0675
1 0.696875 0.26916666666666667 0.02875 0.02666666666666667
2 0.2475 0.6325 0.03875 0.10833333333333334
2 0.24 0.9358333333333333 0.06 0.1275
2 0.0475 0.505 0.025625 0.07333333333333333
2 0.24375 0.3675 0.015 0.045
2 0.21875 0.3541666666666667 0.01875 0.04083333333333333
2 0.266875 0.47333333333333333 0.030625 0.0775
2 0.593125 0.39166666666666666 0.041875 0.0375
2 0.56375 0.37916666666666665 0.01375 0.04083333333333333
2 0.550625 0.37083333333333335 0.0225 0.035833333333333335