2 0.174375 0.2816666666666667 0.07125 0.08583333333333333
2 0.1175 0.6858333333333333 0.111875 0.13416666666666666
2 0.260625 0.5925 0.114375 0.12
2 0.211875 0.49 0.10125 0.10583333333333333
2 0.2775 0.67 0.125 0.11833333333333333
2 0.501875 0.34 0.02625 0.11833333333333333
2 0.515 0.2791666666666667 0.031875 0.08833333333333333
2 0.7375 0.26416666666666666 0.026875 0.10833333333333334
2 0.776875 0.18583333333333332 0.028125 0.06416666666666666
2 0.714375 0.1075 0.0325 0.07666666666666666
2 0.875 0.6841666666666667 0.12875 0.13833333333333334
2 0.595625 0.7041666666666667 0.12875 0.1625
2 0.494375 0.8341666666666666 0.129375 0.2
1 0.51625 0.125 0.076875 0.13583333333333333