1 0.46125 0.755 0.119375 0.2891666666666667
1 0.341875 0.5616666666666666 0.0975 0.20833333333333334
1 0.6475 0.37833333333333335 0.056875 0.12916666666666668
1 0.78625 0.43916666666666665 0.11875 0.1575
1 0.670625 0.27666666666666667 0.066875 0.0925
1 0.454375 0.2975 0.070625 0.16666666666666666
2 0.09 0.5691666666666667 0.059375 0.065
2 0.083125 0.47583333333333333 0.031875 0.0525
2 0.34875 0.3425 0.04125 0.0625
2 0.016875 0.4975 0.031875 0.06333333333333334
2 0.963125 0.3933333333333333 0.049375 0.07833333333333334
2 0.216875 0.3641666666666667 0.021875 0.045
2 0.249375 0.3525 0.01875 0.050833333333333335
1 0.5625 0.18083333333333335 0.03875 0.0725
1 0.535 0.12833333333333333 0.026875 0.045
1 0.558125 0.12 0.0125 0.049166666666666664
1 0.5825 0.12 0.020625 0.043333333333333335