1 0.271875 0.3125 0.14875 0.13916666666666666
1 0.12625 0.3283333333333333 0.118125 0.165
1 0.05 0.26666666666666666 0.0575 0.14416666666666667
2 0.518125 0.6191666666666666 0.043125 0.14333333333333334
2 0.235 0.6566666666666666 0.07125 0.14416666666666667
2 0.151875 0.9383333333333334 0.06875 0.12333333333333334
2 0.15125 0.7841666666666667 0.05125 0.20416666666666666
2 0.415 0.5575 0.049375 0.13166666666666665
2 0.4775 0.4633333333333333 0.035 0.09
2 0.42 0.4691666666666667 0.055625 0.0775
2 0.15375 0.5141666666666667 0.068125 0.11
2 0.231875 0.3725 0.09 0.065
2 0.468125 0.36916666666666664 0.059375 0.08166666666666667
2 0.5525 0.43666666666666665 0.055625 0.1375
2 0.70375 0.785 0.09 0.15833333333333333
2 0.691875 0.9475 0.10375 0.10416666666666667
2 0.6475 0.43083333333333335 0.065 0.0975
1 0.743125 0.20166666666666666 0.075625 0.09166666666666666