1 0.544375 0.7016666666666667 0.249375 0.4225
1 0.950625 0.8241666666666667 0.09875 0.2975
2 0.32625 0.8275 0.059375 0.15166666666666667
2 0.218125 0.8533333333333334 0.069375 0.16833333333333333
2 0.218125 0.6425 0.049375 0.11
2 0.2675 0.5908333333333333 0.034375 0.10166666666666667
2 0.08875 0.5766666666666667 0.035 0.1025
2 0.031875 0.6008333333333333 0.0325 0.10416666666666667
2 0.049375 0.4741666666666667 0.0275 0.06
2 0.62625 0.3858333333333333 0.049375 0.05583333333333333
2 0.615 0.385 0.05375 0.0475
1 0.911875 0.47333333333333333 0.155 0.15583333333333332
1 0.5025 0.4025 0.094375 0.11
1 0.3925 0.3775 0.0575 0.08166666666666667
1 0.415625 0.3283333333333333 0.05125 0.056666666666666664
1 0.325625 0.2941666666666667 0.038125 0.04
1 0.800625 0.3975 0.0925 0.08083333333333333
1 0.8975 0.3358333333333333 0.084375 0.0725
1 0.58875 0.31166666666666665 0.068125 0.056666666666666664
1 0.524375 0.2916666666666667 0.0425 0.0525
1 0.605625 0.2941666666666667 0.044375 0.04416666666666667