1 0.363125 0.4925 0.21375 0.2925
2 0.175625 0.8375 0.14875 0.17416666666666666
1 0.51875 0.12416666666666666 0.0725 0.145
1 0.61375 0.14916666666666667 0.086875 0.15416666666666667
2 0.440625 0.24666666666666667 0.02875 0.08916666666666667
2 0.656875 0.28 0.0325 0.10916666666666666
2 0.691875 0.24833333333333332 0.0325 0.10916666666666666
2 0.78375 0.2575 0.03125 0.12166666666666667
2 0.776875 0.19083333333333333 0.025 0.06416666666666666
2 0.67875 0.11333333333333333 0.02625 0.08
2 0.1725 0.2783333333333333 0.069375 0.09583333333333334
2 0.098125 0.5158333333333334 0.103125 0.1125