2 0.26875 0.78 0.053125 0.1375
2 0.21 0.6508333333333334 0.0375 0.11833333333333333
2 0.2475 0.4225 0.0625 0.060833333333333336
2 0.585 0.38166666666666665 0.04375 0.041666666666666664
2 0.30125 0.3416666666666667 0.028125 0.04416666666666667
1 0.946875 0.5141666666666667 0.10625 0.1525
1 0.744375 0.395 0.081875 0.085
1 0.66 0.3475 0.061875 0.0725
1 0.601875 0.3175 0.069375 0.04833333333333333
1 0.734375 0.33916666666666667 0.07375 0.065
1 0.8125 0.3933333333333333 0.0825 0.08583333333333333
1 0.93625 0.435 0.1275 0.08916666666666667
1 0.945 0.3825 0.109375 0.065
1 0.490625 0.27 0.033125 0.035