1 0.3525 0.43583333333333335 0.019375 0.021666666666666667
1 0.29125 0.4375 0.0175 0.020833333333333332
1 0.27 0.5008333333333334 0.029375 0.051666666666666666
1 0.72125 0.73 0.116875 0.13083333333333333
3 0.22375 0.6316666666666667 0.056875 0.0975
1 0.039375 0.8633333333333333 0.07875 0.25
1 0.499375 0.49166666666666664 0.043125 0.0525
0 0.17875 0.5433333333333333 0.089375 0.1625
3 0.2425 0.45166666666666666 0.0375 0.11166666666666666
2 0.986875 0.85 0.02625 0.085
2 0.495625 0.5641666666666667 0.02 0.04
2 0.928125 0.965 0.05375 0.06916666666666667