2 0.80125 0.7091666666666666 0.10125 0.16166666666666665
2 0.76125 0.5683333333333334 0.065 0.12666666666666668
1 0.6775 0.2808333333333333 0.104375 0.09583333333333334
1 0.7875 0.2125 0.0475 0.06
1 0.845 0.18416666666666667 0.04125 0.045
1 0.18 0.3375 0.1075 0.11666666666666667
1 0.38375 0.33 0.13375 0.12916666666666668
2 0.140625 0.435 0.03125 0.10333333333333333
2 0.346875 0.6066666666666667 0.06125 0.15
2 0.465 0.5308333333333334 0.053125 0.11833333333333333
2 0.51625 0.44666666666666666 0.04875 0.09583333333333334
2 0.56625 0.4141666666666667 0.04375 0.08916666666666667
2 0.6275 0.5266666666666666 0.05 0.10666666666666667
2 0.21125 0.5966666666666667 0.05375 0.1425
2 0.149375 0.7891666666666667 0.064375 0.1725
2 0.15375 0.9441666666666667 0.06 0.11166666666666666
2 0.024375 0.5741666666666667 0.048125 0.06416666666666666
2 0.025625 0.6341666666666667 0.04625 0.10416666666666667
2 0.30625 0.3258333333333333 0.0275 0.05333333333333334
2 0.075 0.30583333333333335 0.0275 0.0575
2 0.03125 0.33666666666666667 0.02125 0.06333333333333334
2 0.54375 0.29333333333333333 0.035 0.0525
2 0.503125 0.29 0.025625 0.055
2 0.491875 0.28 0.02375 0.05583333333333333
2 0.83 0.33166666666666667 0.026875 0.049166666666666664
2 0.8725 0.31666666666666665 0.02375 0.055
2 0.79875 0.25916666666666666 0.016875 0.0375
2 0.34125 0.2783333333333333 0.029375 0.0375
2 0.4525 0.33666666666666667 0.02375 0.0575
2 0.60875 0.285 0.02125 0.06
2 0.58125 0.27666666666666667 0.02625 0.060833333333333336
2 0.234375 0.2941666666666667 0.02375 0.051666666666666666
2 0.195 0.25166666666666665 0.02375 0.050833333333333335