1 0.339375 0.5558333333333333 0.213125 0.18
2 0.380625 0.6966666666666667 0.09125 0.095
1 0.698125 0.36083333333333334 0.065625 0.08416666666666667
2 0.199375 0.625 0.060625 0.14916666666666667
2 0.7775 0.6333333333333333 0.074375 0.09083333333333334
2 0.48 0.515 0.049375 0.07166666666666667
2 0.06625 0.5633333333333334 0.049375 0.08416666666666667
2 0.87 0.7191666666666666 0.120625 0.125
2 0.584375 0.855 0.1275 0.17
2 0.15125 0.5333333333333333 0.040625 0.08833333333333333
2 0.075625 0.4925 0.036875 0.08583333333333333
2 0.5575 0.5641666666666667 0.07875 0.08083333333333333
2 0.67125 0.5558333333333333 0.09 0.09
2 0.618125 0.5133333333333333 0.071875 0.08416666666666667
2 0.591875 0.39666666666666667 0.025 0.07666666666666666
2 0.734375 0.4608333333333333 0.074375 0.0675
2 0.905 0.9425 0.14625 0.1125
2 0.936875 0.6166666666666667 0.095625 0.10166666666666667
1 0.72 0.31416666666666665 0.051875 0.075
1 0.74375 0.28583333333333333 0.04625 0.06833333333333333
3 0.77625 0.2475 0.04125 0.09
3 0.803125 0.22333333333333333 0.0325 0.08083333333333333
1 0.821875 0.22083333333333333 0.01625 0.0425
2 0.20625 0.4583333333333333 0.04 0.05333333333333334
2 0.9425 0.8283333333333334 0.105 0.12