1 0.585625 0.8966666666666666 0.38625 0.20666666666666667
1 0.845 0.7558333333333334 0.309375 0.23333333333333334
1 0.91 0.9075 0.18 0.18416666666666667
1 0.545625 0.345 0.200625 0.2375
1 0.606875 0.12583333333333332 0.068125 0.12916666666666668
1 0.5125 0.12 0.08 0.1375
2 0.19125 0.8008333333333333 0.150625 0.12333333333333334
2 0.375 0.7525 0.14375 0.15166666666666667
2 0.5075 0.7016666666666667 0.125625 0.1475
2 0.040625 0.8733333333333333 0.08125 0.13083333333333333
2 0.0475 0.4975 0.095 0.1125
2 0.265 0.4375 0.1025 0.10833333333333334
2 0.39 0.335 0.06375 0.1275
2 0.663125 0.6025 0.105625 0.125
2 0.770625 0.6008333333333333 0.111875 0.10666666666666667
2 0.593125 0.6558333333333334 0.11 0.13166666666666665
2 0.295625 0.7025 0.1275 0.11916666666666667
2 0.40125 0.6491666666666667 0.10375 0.10166666666666667
2 0.35875 0.5791666666666667 0.11875 0.1475
2 0.4175 0.21916666666666668 0.030625 0.09416666666666666
2 0.45125 0.1925 0.0225 0.085
2 0.784375 0.23166666666666666 0.059375 0.15583333333333332
2 0.939375 0.5683333333333334 0.12125 0.11416666666666667
2 0.98625 0.44916666666666666 0.0275 0.14666666666666667