2 0.189375 0.9475 0.03875 0.10416666666666667
2 0.155625 0.8741666666666666 0.055 0.22083333333333333
2 0.19125 0.5391666666666667 0.04125 0.1225
2 0.49 0.9283333333333333 0.06375 0.14333333333333334
2 0.6375 0.925 0.07375 0.15
2 0.515625 0.6391666666666667 0.0425 0.14833333333333334
2 0.37625 0.43333333333333335 0.030625 0.08916666666666667
2 0.4775 0.475 0.035 0.08583333333333333
1 0.119375 0.32166666666666666 0.099375 0.14583333333333334
1 0.03375 0.2625 0.0675 0.09833333333333333
1 0.688125 0.2225 0.07 0.0975
1 0.756875 0.19166666666666668 0.06 0.06916666666666667