1 0.07125 0.7683333333333333 0.08875 0.15916666666666668
1 0.680625 0.5791666666666667 0.066875 0.065
1 0.57625 0.5091666666666667 0.034375 0.03833333333333333
1 0.265 0.4375 0.016875 0.016666666666666666
2 0.60875 0.6558333333333334 0.02 0.03166666666666667
2 0.00875 0.7033333333333334 0.0175 0.115
2 0.55625 0.6125 0.01625 0.0725
2 0.720625 0.855 0.05125 0.13083333333333333
2 0.70625 0.6733333333333333 0.031875 0.0925
2 0.6325 0.6358333333333334 0.033125 0.095
2 0.490625 0.4775 0.0275 0.07083333333333333
2 0.45125 0.465 0.014375 0.045
2 0.41875 0.4375 0.015 0.0325
2 0.43875 0.4525 0.008125 0.04833333333333333
1 0.30375 0.40166666666666667 0.01375 0.05333333333333334
3 0.171875 0.7333333333333333 0.133125 0.3416666666666667