1 0.41 0.6575 0.2225 0.285
1 0.661875 0.23 0.075 0.09
1 0.741875 0.20166666666666666 0.056875 0.0725
1 0.81375 0.22 0.056875 0.065
1 0.975625 0.7541666666666667 0.04875 0.20666666666666667
2 0.2525 0.8483333333333334 0.069375 0.2225
2 0.13875 0.8225 0.061875 0.19416666666666665
2 0.219375 0.63 0.0525 0.10416666666666667
2 0.131875 0.6733333333333333 0.0575 0.11083333333333334
2 0.311875 0.76 0.0675 0.16666666666666666
2 0.83875 0.7125 0.099375 0.20833333333333334
2 0.70375 0.5558333333333333 0.061875 0.1375
0 0.375625 0.3333333333333333 0.25875 0.2808333333333333
2 0.91625 0.4525 0.0575 0.12666666666666668
1 0.83125 0.3275 0.09875 0.14