1 0.08625 0.7125 0.1725 0.335
1 0.391875 0.9241666666666667 0.48375 0.15166666666666667
2 0.22625 0.8825 0.191875 0.13916666666666666
2 0.308125 0.5891666666666666 0.13625 0.10666666666666667
2 0.40375 0.6875 0.131875 0.1275
2 0.51 0.6183333333333333 0.1225 0.145
2 0.683125 0.5783333333333334 0.163125 0.11916666666666667
2 0.681875 0.6741666666666667 0.130625 0.11583333333333333
2 0.94625 0.475 0.069375 0.15583333333333332
1 0.52125 0.11 0.08625 0.10166666666666667
2 0.179375 0.2808333333333333 0.0725 0.0875