1 0.525625 0.5675 0.083125 0.12333333333333334
1 0.681875 0.3 0.0425 0.08166666666666667
1 0.70375 0.24666666666666667 0.025 0.035
1 0.15625 0.8208333333333333 0.106875 0.21333333333333335
1 0.095625 0.6258333333333334 0.13375 0.15416666666666667
2 0.13 0.5425 0.04125 0.041666666666666664
2 0.22125 0.5375 0.038125 0.0675
2 0.316875 0.4708333333333333 0.033125 0.05416666666666667
2 0.61625 0.8025 0.02625 0.06833333333333333
2 0.19375 0.97 0.0375 0.06
2 0.07125 0.9708333333333333 0.023125 0.058333333333333334
2 0.0125 0.9441666666666667 0.025 0.11083333333333334
1 0.0175 0.29 0.035 0.056666666666666664
1 0.47875 0.25833333333333336 0.064375 0.051666666666666666
2 0.85625 0.5441666666666667 0.045 0.055
2 0.7 0.4975 0.01375 0.049166666666666664
2 0.61375 0.505 0.015625 0.050833333333333335
2 0.71 0.42 0.014375 0.030833333333333334
2 0.719375 0.3433333333333333 0.0075 0.025
2 0.756875 0.3525 0.008125 0.024166666666666666
2 0.62875 0.38666666666666666 0.0125 0.035
2 0.981875 0.5366666666666666 0.03625 0.06
2 0.965625 0.5233333333333333 0.03 0.05333333333333334
2 0.53625 0.3025 0.0125 0.030833333333333334
3 0.599375 0.20666666666666667 0.023125 0.05333333333333334