1 0.575625 0.6641666666666667 0.135 0.19083333333333333
1 0.32125 0.4716666666666667 0.06 0.11
1 0.39125 0.4175 0.06125 0.1
1 0.30625 0.3566666666666667 0.04625 0.065
1 0.35625 0.3475 0.045625 0.060833333333333336
1 0.9375 0.8783333333333333 0.125 0.24333333333333335
2 0.365625 0.7241666666666666 0.039375 0.0725
2 0.296875 0.7183333333333334 0.035625 0.08916666666666667
2 0.325 0.6591666666666667 0.031875 0.10333333333333333
2 0.418125 0.7266666666666667 0.034375 0.11166666666666666
2 0.471875 0.7958333333333333 0.03875 0.12833333333333333
2 0.5425 0.81 0.05625 0.13583333333333333
2 0.5475 0.9608333333333333 0.055625 0.0775
2 0.649375 0.9483333333333334 0.064375 0.1025
2 0.47625 0.9675 0.045 0.065
2 0.39375 0.9475 0.055 0.105
2 0.539375 0.5016666666666667 0.05 0.07416666666666667
2 0.4625 0.4716666666666667 0.025 0.06833333333333333
2 0.27 0.615 0.024375 0.08
1 0.285625 0.30333333333333334 0.0325 0.05333333333333334
1 0.33125 0.30333333333333334 0.03375 0.05333333333333334
2 0.22375 0.7266666666666667 0.035625 0.1075
2 0.17 0.7025 0.03625 0.11333333333333333
2 0.1625 0.9091666666666667 0.03875 0.08916666666666667
2 0.374375 0.83 0.03625 0.08916666666666667
2 0.30125 0.8616666666666667 0.044375 0.12083333333333333
2 0.241875 0.5658333333333333 0.01875 0.060833333333333336
2 0.258125 0.9541666666666667 0.053125 0.09166666666666666