2 0.2675 0.8633333333333333 0.0625 0.15416666666666667
2 0.280625 0.5808333333333333 0.03125 0.0875
2 0.1725 0.495 0.024375 0.09
2 0.094375 0.5316666666666666 0.0375 0.075
2 0.11125 0.4525 0.0275 0.05583333333333333
2 0.191875 0.43083333333333335 0.0275 0.05
2 0.366875 0.42583333333333334 0.025625 0.05416666666666667
2 0.335 0.39416666666666667 0.04125 0.04583333333333333
2 0.425 0.37 0.025 0.04
2 0.30625 0.37416666666666665 0.028125 0.035
2 0.28375 0.35833333333333334 0.024375 0.030833333333333334
2 0.049375 0.41583333333333333 0.0175 0.04833333333333333
1 0.69 0.36833333333333335 0.10375 0.08083333333333333
1 0.70125 0.3025 0.07125 0.05416666666666667