0 0.489375 0.4375 0.20875 0.3358333333333333
0 0.2725 0.2941666666666667 0.056875 0.09583333333333334
2 0.22625 0.5358333333333334 0.0475 0.065
2 0.2075 0.8525 0.053125 0.14333333333333334
2 0.340625 0.9566666666666667 0.08125 0.08666666666666667
2 0.70875 0.42583333333333334 0.0575 0.05416666666666667
2 0.6225 0.405 0.05375 0.04
2 0.260625 0.4225 0.019375 0.060833333333333336
2 0.17125 0.41083333333333333 0.055625 0.041666666666666664
2 0.04375 0.51 0.02625 0.06416666666666666
2 0.0175 0.5625 0.034375 0.08083333333333333
1 0.839375 0.4125 0.100625 0.1025
1 0.543125 0.25583333333333336 0.03125 0.04416666666666667
1 0.518125 0.2725 0.0325 0.029166666666666667
1 0.485 0.2783333333333333 0.0325 0.0375
1 0.334375 0.28833333333333333 0.0375 0.043333333333333335
1 0.3725 0.2608333333333333 0.0275 0.025