0 0.321875 0.5041666666666667 0.134375 0.3775
2 0.08625 0.5625 0.038125 0.09333333333333334
1 0.75 0.8908333333333334 0.205625 0.2175
1 0.310625 0.8825 0.14375 0.235
1 0.07875 0.9058333333333334 0.155 0.18833333333333332
1 0.15875 0.6608333333333334 0.138125 0.25833333333333336
2 0.07875 0.6933333333333334 0.043125 0.10916666666666666
2 0.155 0.445 0.020625 0.0725
1 0.36875 0.2025 0.0225 0.049166666666666664
2 0.964375 0.9033333333333333 0.070625 0.155
2 0.59875 0.4866666666666667 0.015625 0.0525
2 0.625625 0.4775 0.019375 0.058333333333333334
2 0.2275 0.3883333333333333 0.014375 0.05416666666666667
2 0.22875 0.3425 0.02125 0.04416666666666667
2 0.48375 0.35083333333333333 0.0125 0.04416666666666667