1 0.26125 0.8825 0.2025 0.235
1 0.313125 0.565 0.098125 0.2
1 0.364375 0.38333333333333336 0.065 0.15083333333333335
1 0.394375 0.27666666666666667 0.04375 0.10833333333333334
1 0.465 0.39166666666666666 0.055 0.15333333333333332
1 0.466875 0.26166666666666666 0.04 0.07916666666666666
1 0.44875 0.2125 0.0325 0.08166666666666667
1 0.406875 0.20083333333333334 0.025 0.0775
1 0.46625 0.17166666666666666 0.055625 0.08916666666666667
1 0.433125 0.12666666666666668 0.030625 0.06916666666666667
1 0.579375 0.21916666666666668 0.04125 0.08666666666666667
1 0.6 0.1825 0.028125 0.06916666666666667
1 0.539375 0.155 0.031875 0.07
0 0.70125 0.23916666666666667 0.1 0.21416666666666667
1 0.62875 0.16666666666666666 0.033125 0.09333333333333334