1 0.55125 0.6991666666666667 0.26375 0.4041666666666667
1 0.674375 0.555 0.215 0.21833333333333332
1 0.46125 0.4041666666666667 0.153125 0.14416666666666667
1 0.331875 0.30833333333333335 0.12625 0.125
1 0.7925 0.22416666666666665 0.065625 0.07666666666666666
2 0.21 0.825 0.080625 0.1775
2 0.27625 0.6775 0.056875 0.16666666666666666
2 0.370625 0.5975 0.06625 0.13083333333333333
2 0.180625 0.5691666666666667 0.0475 0.10833333333333334
2 0.293125 0.5675 0.05 0.10666666666666667
2 0.131875 0.5008333333333334 0.043125 0.09833333333333333
2 0.2175 0.4625 0.0525 0.09166666666666666
2 0.293125 0.4025 0.0575 0.08333333333333333
2 0.5575 0.4191666666666667 0.056875 0.07083333333333333
2 0.8225 0.7466666666666667 0.12875 0.12083333333333333
2 0.935 0.8775 0.13 0.1825
2 0.880625 0.6766666666666666 0.124375 0.13916666666666666
2 0.844375 0.4425 0.035 0.085
2 0.155625 0.3775 0.04 0.0725
2 0.17 0.2975 0.031875 0.051666666666666666
2 0.033125 0.2966666666666667 0.04 0.05416666666666667