1 0.486875 0.5841666666666666 0.16125 0.235
0 0.630625 0.30416666666666664 0.095625 0.155
1 0.62875 0.42 0.099375 0.14083333333333334
1 0.769375 0.44416666666666665 0.088125 0.14166666666666666
1 0.834375 0.31916666666666665 0.0525 0.0725
3 0.71125 0.31166666666666665 0.074375 0.155
1 0.60625 0.82 0.2125 0.315
1 0.770625 0.27416666666666667 0.04375 0.0625
2 0.218125 0.68 0.07125 0.125
2 0.054375 0.7091666666666666 0.043125 0.1225
2 0.393125 0.5558333333333333 0.0475 0.1025
2 0.5925 0.625 0.045625 0.10833333333333334
2 0.80375 0.9116666666666666 0.06125 0.17583333333333334
2 0.080625 0.4691666666666667 0.0375 0.07583333333333334
2 0.030625 0.4975 0.03375 0.08
2 0.0525 0.4816666666666667 0.02 0.07166666666666667
2 0.8625 0.39666666666666667 0.02 0.07333333333333333
2 0.88625 0.44 0.02625 0.09333333333333334