0 0.3875 0.13416666666666666 0.03125 0.059166666666666666
2 0.194375 0.25416666666666665 0.015 0.043333333333333335
2 0.82125 0.2625 0.02 0.05333333333333334
1 0.45625 0.1675 0.025625 0.034166666666666665
2 0.380625 0.25916666666666666 0.01375 0.04583333333333333
0 0.415625 0.16166666666666665 0.02625 0.08416666666666667
1 0.28875 0.1725 0.02625 0.0375
2 0.3475 0.26166666666666666 0.016875 0.06333333333333334
2 0.43125 0.24333333333333335 0.020625 0.06333333333333334
2 0.3625 0.22083333333333333 0.0125 0.05333333333333334
2 0.378125 0.20666666666666667 0.0125 0.04583333333333333
2 0.87375 0.24083333333333334 0.02375 0.05333333333333334
2 0.79 0.19916666666666666 0.0175 0.07083333333333333
2 0.723125 0.15583333333333332 0.01625 0.03833333333333333
2 0.278125 0.23083333333333333 0.015 0.05333333333333334
2 0.299375 0.22333333333333333 0.01875 0.06416666666666666
2 0.3175 0.22166666666666668 0.011875 0.06333333333333334
2 0.219375 0.19 0.011875 0.0475
1 0.46375 0.14416666666666667 0.024375 0.04083333333333333
1 0.465625 0.1225 0.024375 0.034166666666666665
1 0.4575 0.10916666666666666 0.026875 0.03333333333333333
1 0.45875 0.09 0.0175 0.025833333333333333
1 0.44125 0.075 0.011875 0.019166666666666665
1 0.43375 0.11083333333333334 0.015625 0.029166666666666667
1 0.3675 0.08 0.014375 0.03
1 0.38125 0.06833333333333333 0.009375 0.025