1 0.576875 0.21833333333333332 0.12 0.11583333333333333
1 0.598125 0.38416666666666666 0.08 0.14416666666666667
1 0.490625 0.30083333333333334 0.075625 0.13166666666666665
1 0.974375 0.3566666666666667 0.050625 0.10666666666666667
1 0.0975 0.22833333333333333 0.078125 0.08333333333333333
2 0.49 0.485 0.05375 0.08
2 0.33 0.35833333333333334 0.050625 0.095
1 0.01875 0.5716666666666667 0.0375 0.31333333333333335
1 0.71875 0.20166666666666666 0.05125 0.0625
1 0.801875 0.1575 0.036875 0.04416666666666667
2 0.023125 0.175 0.018125 0.05333333333333334
2 0.02875 0.22666666666666666 0.02375 0.0675
2 0.00625 0.25833333333333336 0.0125 0.0825
2 0.06625 0.325 0.043125 0.13083333333333333
2 0.145625 0.31333333333333335 0.029375 0.0975
2 0.186875 0.29083333333333333 0.034375 0.08333333333333333
2 0.2125 0.3325 0.03375 0.0925
2 0.18 0.4508333333333333 0.056875 0.11583333333333333
2 0.169375 0.6 0.055625 0.13333333333333333
2 0.465 0.865 0.11375 0.22
2 0.45375 0.39166666666666666 0.046875 0.0725
2 0.3875 0.35333333333333333 0.044375 0.08416666666666667
2 0.323125 0.29333333333333333 0.05125 0.04833333333333333
2 0.246875 0.33 0.0325 0.0725
2 0.69 0.23916666666666667 0.018125 0.05416666666666667
2 0.89375 0.3975 0.029375 0.09833333333333333
2 0.76875 0.16 0.023125 0.06416666666666666