2 0.10375 0.505 0.06 0.07333333333333333
2 0.124375 0.46416666666666667 0.04 0.05
2 0.4625 0.5175 0.040625 0.08166666666666667
2 0.533125 0.5008333333333334 0.0275 0.07916666666666666
2 0.57125 0.5133333333333333 0.03375 0.07666666666666666
2 0.6275 0.3883333333333333 0.02875 0.06
2 0.53625 0.3883333333333333 0.0175 0.04583333333333333
2 0.56375 0.4025 0.0275 0.06
2 0.700625 0.38083333333333336 0.025625 0.05416666666666667
2 0.675625 0.37666666666666665 0.02375 0.05
1 0.731875 0.31333333333333335 0.06375 0.09583333333333334