1 0.316875 0.8508333333333333 0.14625 0.2975
1 0.121875 0.815 0.17375 0.2941666666666667
1 0.338125 0.3016666666666667 0.055 0.08916666666666667
0 0.374375 0.21416666666666667 0.046875 0.10833333333333334
2 0.185 0.9666666666666667 0.075 0.06666666666666667
2 0.138125 0.6258333333333334 0.0475 0.09333333333333334
2 0.28 0.6258333333333334 0.02875 0.09833333333333333
2 0.018125 0.7958333333333333 0.03625 0.15
2 0.10625 0.5575 0.04375 0.08166666666666667
2 0.175625 0.445 0.025625 0.06
2 0.961875 0.8991666666666667 0.075 0.17916666666666667
2 0.27 0.37833333333333335 0.021875 0.0625