1 0.201875 0.5225 0.16 0.16416666666666666
2 0.906875 0.8041666666666667 0.13625 0.14833333333333334
2 0.454375 0.585 0.0825 0.0825
2 0.623125 0.5958333333333333 0.08 0.09416666666666666
0 0.75625 0.2475 0.056875 0.08583333333333333
2 0.31625 0.6425 0.074375 0.09
0 0.698125 0.35583333333333333 0.06125 0.09916666666666667
2 0.83625 0.6416666666666667 0.049375 0.09833333333333333
1 0.86625 0.21916666666666668 0.02375 0.025
0 0.69 0.2825 0.043125 0.04583333333333333
1 0.150625 0.815 0.203125 0.31166666666666665