3 0.394375 0.5233333333333333 0.120625 0.16166666666666665
1 0.7275 0.5725 0.124375 0.1925
1 0.42125 0.9166666666666666 0.3 0.16583333333333333
1 0.714375 0.9466666666666667 0.19375 0.10583333333333333
1 0.67 0.38916666666666666 0.075 0.09333333333333334
3 0.73 0.30833333333333335 0.059375 0.12666666666666668
1 0.5375 0.5041666666666667 0.12 0.14583333333333334
1 0.634375 0.35333333333333333 0.0575 0.09166666666666666
3 0.7125 0.2608333333333333 0.056875 0.11583333333333333
1 0.79125 0.2475 0.041875 0.08166666666666667
2 0.1825 0.8958333333333334 0.094375 0.20833333333333334
2 0.06 0.9225 0.12 0.155
2 0.28125 0.6866666666666666 0.053125 0.1325
2 0.146875 0.7525 0.081875 0.16083333333333333
2 0.84125 0.7375 0.039375 0.10083333333333333
1 0.8325 0.2925 0.035625 0.06