1 0.299375 0.6316666666666667 0.099375 0.185
1 0.461875 0.46416666666666667 0.065 0.13
1 0.655 0.2658333333333333 0.048125 0.06666666666666667
1 0.598125 0.2608333333333333 0.041875 0.0675
1 0.456875 0.2625 0.038125 0.07583333333333334
1 0.393125 0.2633333333333333 0.035625 0.07583333333333334
1 0.374375 0.1625 0.0325 0.03666666666666667
1 0.55 0.13416666666666666 0.02125 0.029166666666666667
2 0.06125 0.375 0.02125 0.05583333333333333
2 0.155 0.38 0.031875 0.07
2 0.20625 0.3925 0.026875 0.0625
2 0.185 0.3675 0.020625 0.0825
2 0.1175 0.32416666666666666 0.025 0.04666666666666667
2 0.22875 0.32 0.0225 0.051666666666666666
2 0.179375 0.31 0.03125 0.04083333333333333
2 0.044375 0.295 0.03375 0.049166666666666664
2 0.8675 0.3425 0.044375 0.060833333333333336
2 0.94875 0.33916666666666667 0.038125 0.0575
2 0.938125 0.4608333333333333 0.064375 0.06583333333333333
2 0.90375 0.4175 0.036875 0.0675
2 0.22375 0.27 0.018125 0.04
2 0.14875 0.25333333333333335 0.01875 0.07083333333333333
2 0.173125 0.2375 0.023125 0.058333333333333334
2 0.246875 0.25583333333333336 0.011875 0.03833333333333333
2 0.27 0.24 0.026875 0.05416666666666667
3 0.035 0.4791666666666667 0.07 0.13916666666666666
1 0.53 0.10083333333333333 0.01875 0.058333333333333334