2 0.618125 0.6808333333333333 0.125 0.11916666666666667
2 0.79125 0.7691666666666667 0.144375 0.12083333333333333
2 0.681875 0.4425 0.0425 0.1375
2 0.30625 0.4241666666666667 0.08125 0.135
2 0.4075 0.31083333333333335 0.043125 0.10833333333333334
2 0.54875 0.1925 0.035 0.09
2 0.636875 0.25166666666666665 0.0325 0.08583333333333333
2 0.056875 0.57 0.093125 0.10416666666666667
2 0.17375 0.5366666666666666 0.11875 0.1125
2 0.044375 0.5141666666666667 0.085 0.10416666666666667
2 0.9125 0.43916666666666665 0.034375 0.15583333333333332
2 0.445625 0.08083333333333333 0.030625 0.0625
2 0.76 0.18416666666666667 0.031875 0.07083333333333333
1 0.51 0.08916666666666667 0.074375 0.08166666666666667
1 0.826875 0.9008333333333334 0.34625 0.1975
3 0.135 0.6725 0.22375 0.215