0 0.234375 0.5691666666666667 0.395 0.4741666666666667
1 0.316875 0.7583333333333333 0.21 0.255
1 0.105625 0.9333333333333333 0.21125 0.13333333333333333
1 0.526875 0.5225 0.100625 0.135
1 0.5075 0.375 0.0675 0.08666666666666667
1 0.59 0.425 0.088125 0.11
1 0.575 0.31666666666666665 0.06125 0.08333333333333333
1 0.638125 0.345 0.058125 0.07
1 0.6375 0.2683333333333333 0.044375 0.0675
1 0.698125 0.3 0.045625 0.07
1 0.67125 0.23416666666666666 0.041875 0.04666666666666667
2 0.7925 0.8616666666666667 0.0325 0.07
2 0.83 0.48833333333333334 0.016875 0.05416666666666667