1 0.5675 0.5391666666666667 0.09 0.14
1 0.7725 0.44416666666666665 0.08625 0.06
2 0.89 0.5291666666666667 0.138125 0.125
2 0.623125 0.8391666666666666 0.0725 0.1525
2 0.339375 0.9475 0.05375 0.10416666666666667
2 0.45375 0.6891666666666667 0.034375 0.10583333333333333
2 0.403125 0.6491666666666667 0.0325 0.0875
2 0.5225 0.6591666666666667 0.045 0.0875
2 0.27 0.8816666666666667 0.04 0.14416666666666667
2 0.169375 0.8808333333333334 0.043125 0.13333333333333333
2 0.318125 0.7441666666666666 0.03875 0.11083333333333334
2 0.25625 0.7525 0.040625 0.09166666666666666
2 0.21375 0.7108333333333333 0.03375 0.09333333333333334
1 0.65125 0.39166666666666666 0.0575 0.05583333333333333
1 0.5775 0.36083333333333334 0.040625 0.0375