1 0.094375 0.79 0.185625 0.31833333333333336
1 0.2625 0.42583333333333334 0.059375 0.10333333333333333
1 0.329375 0.3675 0.055625 0.10166666666666667
1 0.358125 0.28833333333333333 0.04125 0.0625
1 0.379375 0.18 0.018125 0.025
2 0.0875 0.5558333333333333 0.055625 0.08833333333333333
2 0.14375 0.48333333333333334 0.02375 0.07666666666666666
2 0.171875 0.5033333333333333 0.02375 0.07833333333333334
2 0.15125 0.4025 0.03375 0.029166666666666667
2 0.215625 0.4125 0.028125 0.049166666666666664
2 0.22875 0.3375 0.0275 0.04833333333333333
2 0.2625 0.355 0.010625 0.04833333333333333
2 0.30875 0.30333333333333334 0.02 0.043333333333333335
2 0.326875 0.25833333333333336 0.014375 0.0475
2 0.58375 0.6808333333333333 0.0425 0.0975
2 0.815625 0.9658333333333333 0.05625 0.06583333333333333
2 0.894375 0.96 0.044375 0.0725
1 0.36125 0.16916666666666666 0.020625 0.04666666666666667
2 0.538125 0.46416666666666667 0.029375 0.05416666666666667
2 0.57 0.5516666666666666 0.034375 0.051666666666666666