2 0.250625 0.5916666666666667 0.055625 0.06666666666666667
2 0.11625 0.8758333333333334 0.04375 0.14333333333333334
2 0.63875 0.7508333333333334 0.035 0.10166666666666667
2 0.69625 0.8108333333333333 0.025625 0.0975
1 0.57375 0.47 0.07875 0.14333333333333334
1 0.39625 0.7441666666666666 0.16375 0.225
1 0.429375 0.9583333333333334 0.17375 0.08333333333333333
1 0.089375 0.6933333333333334 0.17875 0.24
1 0.68875 0.37666666666666665 0.049375 0.08583333333333333
1 0.671875 0.29333333333333333 0.03625 0.06916666666666667
1 0.694375 0.2575 0.03 0.056666666666666664
1 0.74875 0.24166666666666667 0.02375 0.060833333333333336
1 0.5975 0.305 0.045 0.065
0 0.5425 0.2725 0.0725 0.10166666666666667