1 0.38625 0.7441666666666666 0.32875 0.29833333333333334
1 0.521875 0.12416666666666666 0.074375 0.13916666666666666
2 0.728125 0.8133333333333334 0.138125 0.13583333333333333
2 0.836875 0.7508333333333334 0.13375 0.13666666666666666
2 0.82125 0.6425 0.12375 0.1075
2 0.923125 0.43333333333333335 0.06625 0.11916666666666667
2 0.77625 0.37583333333333335 0.05 0.11
2 0.816875 0.4558333333333333 0.058125 0.13
2 0.55375 0.26416666666666666 0.0275 0.095
2 0.584375 0.22916666666666666 0.025625 0.09083333333333334
2 0.411875 0.2808333333333333 0.036875 0.1025
2 0.181875 0.5916666666666667 0.110625 0.11583333333333333
2 0.114375 0.9625 0.15125 0.075
2 0.365625 0.9633333333333334 0.14875 0.07333333333333333
2 0.17 0.4558333333333333 0.09625 0.0825
2 0.30875 0.5108333333333334 0.1 0.09916666666666667
2 0.415625 0.15416666666666667 0.02875 0.07333333333333333
2 0.955 0.7216666666666667 0.09 0.11833333333333333