1 0.67625 0.4508333333333333 0.134375 0.11083333333333334
1 0.233125 0.285 0.10375 0.07
3 0.64 0.24083333333333334 0.02875 0.07333333333333333
1 0.526875 0.2475 0.028125 0.03666666666666667
1 0.500625 0.23916666666666667 0.021875 0.035833333333333335
3 0.5525 0.2225 0.03 0.0575
1 0.1875 0.2633333333333333 0.069375 0.059166666666666666
2 0.573125 0.455 0.05 0.065
2 0.64375 0.37583333333333335 0.034375 0.045
2 0.765 0.375 0.016875 0.043333333333333335
2 0.749375 0.35833333333333334 0.01125 0.0375
2 0.55875 0.36 0.035 0.051666666666666666
2 0.51375 0.4483333333333333 0.04375 0.058333333333333334
2 0.5075 0.4116666666666667 0.045625 0.050833333333333335
2 0.379375 0.4 0.0375 0.065
2 0.31875 0.45916666666666667 0.061875 0.059166666666666666
2 0.16 0.445 0.061875 0.07583333333333334
2 0.184375 0.32416666666666666 0.015625 0.0475
2 0.06 0.3858333333333333 0.025 0.0625
2 0.611875 0.30916666666666665 0.024375 0.030833333333333334
2 0.3075 0.2833333333333333 0.02875 0.03333333333333333