2 0.33625 0.8558333333333333 0.071875 0.185
2 0.445 0.9158333333333334 0.075 0.16
2 0.14 0.8225 0.0625 0.1775
2 0.251875 0.7075 0.056875 0.11833333333333333
2 0.335 0.6025 0.040625 0.10833333333333334
2 0.4075 0.6583333333333333 0.055625 0.10583333333333333
2 0.18875 0.5525 0.04125 0.1
2 0.12875 0.6783333333333333 0.05625 0.1125
2 0.0925 0.43833333333333335 0.04375 0.09333333333333334
2 0.283125 0.5208333333333334 0.02875 0.09416666666666666
2 0.381875 0.44416666666666665 0.019375 0.0875
1 0.469375 0.4975 0.0975 0.20166666666666666
1 0.488125 0.29333333333333333 0.10125 0.0975
1 0.72125 0.2025 0.065 0.06666666666666667
1 0.62875 0.8691666666666666 0.244375 0.2608333333333333
0 0.79 0.6683333333333333 0.42 0.6633333333333333
2 0.194375 0.9616666666666667 0.044375 0.07666666666666666