1 0.0825 0.6408333333333334 0.165 0.155
1 0.975 0.6516666666666666 0.05 0.14666666666666667
1 0.56125 0.3233333333333333 0.05625 0.0775
1 0.5275 0.30833333333333335 0.044375 0.075
1 0.6 0.2941666666666667 0.034375 0.058333333333333334
2 0.568125 0.24166666666666667 0.05 0.08083333333333333
2 0.338125 0.645 0.078125 0.07916666666666666
2 0.231875 0.6333333333333333 0.075 0.06416666666666666
2 0.448125 0.6158333333333333 0.075625 0.07666666666666666
2 0.535 0.6041666666666666 0.074375 0.06916666666666667
2 0.61375 0.5908333333333333 0.065625 0.07083333333333333
2 0.738125 0.5641666666666667 0.068125 0.06833333333333333
2 0.79 0.5383333333333333 0.06125 0.06
2 0.911875 0.5525 0.061875 0.06416666666666666
2 0.205 0.5958333333333333 0.05625 0.075
2 0.25875 0.5741666666666667 0.07125 0.06833333333333333
2 0.35625 0.5641666666666667 0.0675 0.056666666666666664
2 0.019375 0.5466666666666666 0.03875 0.043333333333333335
2 0.55375 0.535 0.0675 0.06666666666666667
2 0.32625 0.5266666666666666 0.06125 0.06416666666666666