1 0.521875 0.85 0.1725 0.2975
1 0.50625 0.5225 0.12875 0.16
1 0.288125 0.8516666666666667 0.20125 0.25583333333333336
0 0.09875 0.7525 0.195 0.44083333333333335
0 0.075625 0.42 0.150625 0.21916666666666668
1 0.31125 0.575 0.1425 0.1625
1 0.6375 0.33416666666666667 0.07 0.09083333333333334
1 0.7025 0.2783333333333333 0.04375 0.07083333333333333
0 0.7375 0.21666666666666667 0.05 0.08416666666666667
1 0.678125 0.22833333333333333 0.035625 0.06416666666666666
2 0.805625 0.6666666666666666 0.0175 0.08833333333333333
2 0.814375 0.44166666666666665 0.01125 0.049166666666666664
1 0.57875 0.31083333333333335 0.095625 0.13166666666666665