1 0.42 0.5483333333333333 0.1375 0.175
1 0.218125 0.8641666666666666 0.30375 0.2708333333333333
1 0.5075 0.44666666666666666 0.0725 0.09333333333333334
1 0.45875 0.32916666666666666 0.03625 0.09166666666666666
1 0.3725 0.3275 0.065625 0.08166666666666667
1 0.543125 0.3575 0.06 0.056666666666666664
2 0.851875 0.7675 0.035 0.10416666666666667
2 0.65375 0.9608333333333333 0.04625 0.0725
2 0.70625 0.6166666666666667 0.03 0.0725
2 0.61875 0.5441666666666667 0.025 0.06416666666666666
2 0.67375 0.5616666666666666 0.021875 0.0625
2 0.78 0.5725 0.03625 0.058333333333333334
2 0.195 0.395 0.04 0.051666666666666666