1 0.10875 0.23666666666666666 0.08625 0.09166666666666666
1 0.416875 0.37333333333333335 0.168125 0.17
1 0.974375 0.3575 0.05125 0.105
1 0.8 0.15833333333333333 0.0375 0.03666666666666667
2 0.221875 0.3566666666666667 0.041875 0.09083333333333334
1 0.018125 0.14083333333333334 0.03375 0.05
2 0.166875 0.4675 0.045 0.09833333333333333
2 0.0225 0.255 0.02 0.06583333333333333
2 0.228125 0.36083333333333334 0.028125 0.07916666666666666
1 0.018125 0.5733333333333334 0.03625 0.3016666666666667
1 0.680625 0.47583333333333333 0.010625 0.0875
2 0.440625 0.33666666666666667 0.02625 0.07666666666666666
2 0.76375 0.6591666666666667 0.11125 0.1775
2 0.648125 0.5133333333333333 0.07375 0.0975
2 0.580625 0.5316666666666666 0.078125 0.13583333333333333
2 0.603125 0.41083333333333333 0.050625 0.07583333333333334
2 0.54625 0.3175 0.02875 0.07666666666666666
2 0.240625 0.29083333333333333 0.03625 0.059166666666666666
2 0.198125 0.25583333333333336 0.031875 0.0575
2 0.036875 0.19666666666666666 0.031875 0.0575