1 0.305625 0.7116666666666667 0.1975 0.2833333333333333
1 0.330625 0.4825 0.130625 0.18416666666666667
1 0.45 0.5583333333333333 0.133125 0.1775
1 0.523125 0.7841666666666667 0.165625 0.3591666666666667
1 0.475 0.3858333333333333 0.075 0.08
1 0.499375 0.44083333333333335 0.129375 0.10083333333333333
1 0.553125 0.3425 0.075625 0.08333333333333333
1 0.3175 0.335 0.09625 0.13166666666666665
1 0.175 0.395 0.128125 0.11333333333333333
1 0.0475 0.5091666666666667 0.094375 0.16916666666666666
1 0.406875 0.31583333333333335 0.041875 0.08333333333333333