2 0.365 0.9308333333333333 0.09125 0.1225
2 0.359375 0.87 0.101875 0.1125
2 0.290625 0.665 0.079375 0.0875
1 0.0375 0.2833333333333333 0.07375 0.056666666666666664
1 0.325 0.265 0.059375 0.041666666666666664
1 0.925625 0.6675 0.14875 0.13916666666666666
1 0.990625 0.8508333333333333 0.018125 0.0925
2 0.52875 0.6675 0.07625 0.08416666666666667
2 0.053125 0.65 0.074375 0.08
2 0.12 0.565 0.06 0.06416666666666666
2 0.1525 0.5341666666666667 0.05125 0.07
2 0.198125 0.43083333333333335 0.043125 0.045
2 0.315625 0.36916666666666664 0.015 0.0475
1 0.755625 0.3516666666666667 0.038125 0.06583333333333333
1 0.58375 0.30083333333333334 0.0475 0.0675
1 0.525625 0.3075 0.044375 0.05333333333333334
1 0.55875 0.2875 0.03 0.043333333333333335
1 0.640625 0.2475 0.02375 0.03666666666666667
1 0.5875 0.23416666666666666 0.03 0.0375
1 0.71625 0.24416666666666667 0.021875 0.03666666666666667
1 0.78625 0.27416666666666667 0.02875 0.0525
2 0.548125 0.3566666666666667 0.034375 0.03833333333333333
1 0.6675 0.22333333333333333 0.0225 0.035
2 0.419375 0.36083333333333334 0.01625 0.0325
1 0.718125 0.215 0.01625 0.025
2 0.743125 0.6158333333333333 0.065625 0.06833333333333333
2 0.636875 0.595 0.061875 0.07166666666666667
2 0.728125 0.5425 0.025 0.04833333333333333
2 0.705625 0.5775 0.030625 0.065
2 0.22375 0.5925 0.068125 0.065
2 0.22875 0.5683333333333334 0.058125 0.06166666666666667
2 0.31625 0.5183333333333333 0.055 0.0725
2 0.35875 0.5425 0.0675 0.06916666666666667
2 0.339375 0.6216666666666667 0.053125 0.06833333333333333
2 0.60375 0.5433333333333333 0.050625 0.0625
2 0.505 0.5758333333333333 0.06625 0.0675
2 0.515625 0.6325 0.0475 0.056666666666666664
2 0.695 0.5216666666666666 0.0525 0.065
2 0.428125 0.5925 0.06875 0.0625
2 0.39375 0.5533333333333333 0.030625 0.07166666666666667
2 0.45125 0.5141666666666667 0.05375 0.059166666666666666
2 0.475625 0.5433333333333333 0.055625 0.055
2 0.8 0.5275 0.055625 0.06916666666666667
2 0.813125 0.6016666666666667 0.059375 0.0675
2 0.549375 0.5066666666666667 0.039375 0.055
2 0.56 0.5616666666666666 0.05375 0.056666666666666664
2 0.8625 0.5666666666666667 0.04125 0.05416666666666667
2 0.88875 0.5258333333333334 0.0375 0.049166666666666664
2 0.940625 0.5541666666666667 0.028125 0.06833333333333333
2 0.968125 0.5675 0.055 0.056666666666666664
2 0.920625 0.515 0.04 0.0675