1 0.43625 0.6308333333333334 0.178125 0.24416666666666667
1 0.6225 0.4275 0.105625 0.15833333333333333
1 0.84875 0.28583333333333333 0.046875 0.056666666666666664
2 0.2375 0.7008333333333333 0.07 0.14833333333333334
2 0.4075 0.9016666666666666 0.055 0.18916666666666668
2 0.49125 0.7941666666666667 0.0575 0.16416666666666666
2 0.7025 0.7558333333333334 0.0625 0.16833333333333333
2 0.58 0.6291666666666667 0.05375 0.15
2 0.53 0.6975 0.04625 0.14166666666666666
2 0.016875 0.87 0.03375 0.135
2 0.20375 0.5008333333333334 0.030625 0.0875
2 0.130625 0.49416666666666664 0.0425 0.075
2 0.27875 0.44333333333333336 0.065 0.06666666666666667
2 0.510625 0.43833333333333335 0.036875 0.07666666666666666
2 0.863125 0.8525 0.044375 0.11833333333333333
2 0.865625 0.6141666666666666 0.03875 0.0875
2 0.31375 0.6 0.061875 0.125
3 0.040625 0.48 0.08125 0.14333333333333334
1 0.0175 0.4575 0.03125 0.14333333333333334