1 0.55875 0.5166666666666667 0.1625 0.225
1 0.74875 0.48083333333333333 0.12125 0.21666666666666667
0 0.70875 0.9283333333333333 0.384375 0.12916666666666668
1 0.71125 0.32666666666666666 0.07875 0.13333333333333333
2 0.138125 0.8308333333333333 0.11625 0.16416666666666666
2 0.4025 0.8883333333333333 0.106875 0.19333333333333333
2 0.3575 0.7591666666666667 0.07625 0.12916666666666668
2 0.220625 0.6325 0.0725 0.10416666666666667
2 0.294375 0.6266666666666667 0.0575 0.1225
2 0.3475 0.6733333333333333 0.06 0.11666666666666667
2 0.455 0.56 0.049375 0.08583333333333333
2 0.4025 0.5525 0.049375 0.085
2 0.825625 0.8275 0.068125 0.12916666666666668
2 0.898125 0.6641666666666667 0.036875 0.07916666666666666
2 0.9675 0.7108333333333333 0.0475 0.115
2 0.850625 0.6566666666666666 0.035 0.08916666666666667
2 0.028125 0.8008333333333333 0.05625 0.1575
2 0.069375 0.4791666666666667 0.041875 0.08083333333333333
2 0.02625 0.4975 0.04 0.085
2 0.326875 0.45166666666666666 0.07875 0.05583333333333333
2 0.283125 0.9675 0.065 0.065
2 0.3775 0.5141666666666667 0.025625 0.075
2 0.458125 0.45 0.043125 0.06916666666666667
2 0.511875 0.39916666666666667 0.0325 0.05416666666666667
2 0.87125 0.535 0.02375 0.06916666666666667
2 0.90375 0.48833333333333334 0.03125 0.065
2 0.941875 0.5616666666666666 0.03375 0.07916666666666666