1 0.529375 0.67 0.101875 0.17916666666666667
1 0.63625 0.6558333333333334 0.1075 0.16583333333333333
2 0.964375 0.9033333333333333 0.066875 0.15583333333333332
2 0.1075 0.6375 0.04375 0.1
2 0.163125 0.465 0.0275 0.07333333333333333
2 0.2175 0.46 0.0225 0.0725
2 0.183125 0.3908333333333333 0.01625 0.05333333333333334
2 0.253125 0.3416666666666667 0.01375 0.051666666666666666
1 0.34875 0.4041666666666667 0.05 0.09
1 0.470625 0.4125 0.053125 0.08833333333333333
1 0.54125 0.4033333333333333 0.0675 0.12833333333333333
2 0.596875 0.4191666666666667 0.015 0.055
2 0.576875 0.43 0.008125 0.03666666666666667
0 0.45125 0.2825 0.049375 0.12
2 0.524375 0.32916666666666666 0.01 0.0225
2 0.53875 0.32083333333333336 0.010625 0.025833333333333333
2 0.293125 0.3225 0.0175 0.04583333333333333
2 0.321875 0.31333333333333335 0.011875 0.03916666666666667
1 0.36625 0.2725 0.03 0.06416666666666666
2 0.315625 0.2675 0.008125 0.029166666666666667