1 0.3525 0.45666666666666667 0.06875 0.19916666666666666
1 0.200625 0.4766666666666667 0.10375 0.20333333333333334
1 0.111875 0.8591666666666666 0.171875 0.2816666666666667
1 0.44375 0.315 0.03375 0.06
0 0.386875 0.14166666666666666 0.020625 0.055
2 0.8275 0.9441666666666667 0.03875 0.11
2 0.926875 0.8525 0.045 0.14416666666666667
2 0.75 0.7058333333333333 0.039375 0.11083333333333334
2 0.68125 0.6041666666666666 0.0275 0.08666666666666667
2 0.260625 0.7375 0.035625 0.11583333333333333
2 0.82 0.8158333333333333 0.065 0.11833333333333333