2 0.145 0.5941666666666666 0.05375 0.10833333333333334
2 0.174375 0.5675 0.05125 0.09333333333333334
2 0.223125 0.655 0.061875 0.135
2 0.343125 0.7283333333333334 0.09125 0.1375
2 0.383125 0.6466666666666666 0.06 0.115
2 0.513125 0.7175 0.10625 0.1375
2 0.59 0.7116666666666667 0.09375 0.13166666666666665
2 0.693125 0.7933333333333333 0.131875 0.16916666666666666
2 0.869375 0.8216666666666667 0.135 0.15416666666666667
2 0.9575 0.9275 0.084375 0.14166666666666666
2 0.434375 0.5666666666666667 0.07625 0.08583333333333333
2 0.735 0.72 0.08875 0.12666666666666668
2 0.79 0.67 0.094375 0.135
1 0.624375 0.35833333333333334 0.071875 0.1225
1 0.69375 0.36583333333333334 0.078125 0.115
0 0.684375 0.2633333333333333 0.08625 0.09583333333333334