2 0.3575 0.5891666666666666 0.030625 0.09333333333333334
2 0.2025 0.5283333333333333 0.03375 0.065
2 0.06 0.6175 0.0475 0.08166666666666667
2 0.308125 0.4525 0.036875 0.056666666666666664
2 0.261875 0.44083333333333335 0.036875 0.06
2 0.431875 0.385 0.046875 0.0475
2 0.369375 0.385 0.0325 0.0475
2 0.185 0.49 0.02 0.0775
2 0.08875 0.5475 0.0425 0.065
2 0.0075 0.6616666666666666 0.015 0.06
2 0.868125 0.38916666666666666 0.0325 0.04
1 0.77375 0.3025 0.078125 0.058333333333333334
1 0.936875 0.33416666666666667 0.095 0.07916666666666666
1 0.25625 0.2608333333333333 0.015625 0.035
1 0.30375 0.25583333333333336 0.03625 0.05583333333333333
1 0.221875 0.2708333333333333 0.03625 0.0475