1 0.343125 0.5658333333333333 0.17875 0.17916666666666667
1 0.725625 0.7683333333333333 0.305 0.3
1 0.69125 0.3525 0.071875 0.0975
1 0.81375 0.22416666666666665 0.035 0.04
1 0.17 0.4975 0.14125 0.10416666666666667
2 0.46125 0.77 0.11 0.135
2 0.369375 0.895 0.04875 0.09333333333333334
2 0.20875 0.6625 0.071875 0.08083333333333333
2 0.105 0.5958333333333333 0.0425 0.08583333333333333
2 0.055 0.5716666666666667 0.0425 0.0625
2 0.49625 0.5516666666666666 0.0675 0.1
2 0.7175 0.6041666666666666 0.08875 0.06916666666666667
2 0.674375 0.5491666666666667 0.0725 0.07666666666666666
2 0.72 0.4425 0.07 0.051666666666666666
2 0.825 0.5683333333333334 0.090625 0.09166666666666666
2 0.905625 0.7575 0.115625 0.14
2 0.305 0.6708333333333333 0.075625 0.1225
2 0.544375 0.5466666666666666 0.055625 0.07083333333333333
2 0.77375 0.41083333333333333 0.02375 0.05416666666666667
2 0.8125 0.4 0.0175 0.04416666666666667
2 0.855625 0.36916666666666664 0.018125 0.0375
2 0.911875 0.35 0.02875 0.041666666666666664
2 0.98 0.755 0.034375 0.11
2 0.43125 0.5166666666666667 0.05 0.06916666666666667