1 0.46125 0.43666666666666665 0.084375 0.12833333333333333
1 0.53625 0.38166666666666665 0.0925 0.0675
1 0.57125 0.3525 0.0975 0.06
1 0.640625 0.33 0.055625 0.049166666666666664
1 0.5375 0.315 0.0875 0.03833333333333333
1 0.721875 0.36833333333333335 0.07125 0.07416666666666667
1 0.73375 0.3458333333333333 0.0725 0.06416666666666666
1 0.860625 0.3958333333333333 0.098125 0.09166666666666666
2 0.115 0.48583333333333334 0.064375 0.075
2 0.216875 0.45666666666666667 0.023125 0.06416666666666666
2 0.193125 0.37833333333333335 0.019375 0.04833333333333333
2 0.230625 0.41833333333333333 0.0225 0.060833333333333336
2 0.14 0.38916666666666666 0.01875 0.049166666666666664
2 0.1 0.38083333333333336 0.023125 0.0525
2 0.3075 0.37083333333333335 0.015 0.04416666666666667
2 0.346875 0.33 0.01375 0.0425
2 0.7 0.43 0.05375 0.06916666666666667
2 0.75625 0.4716666666666667 0.06375 0.07916666666666666
1 0.79875 0.3458333333333333 0.065625 0.060833333333333336