1 0.19375 0.5766666666666667 0.179375 0.3025
1 0.176875 0.3975 0.10375 0.15666666666666668
1 0.26125 0.26666666666666666 0.054375 0.085
1 0.303125 0.3225 0.051875 0.10833333333333334
1 0.381875 0.2675 0.044375 0.08583333333333333
1 0.326875 0.24666666666666667 0.041875 0.0725
1 0.52875 0.26 0.05 0.09916666666666667
1 0.48125 0.17833333333333334 0.035 0.05583333333333333
1 0.98375 0.8941666666666667 0.0325 0.205
2 0.02625 0.4558333333333333 0.05 0.08666666666666667
2 0.06125 0.44083333333333335 0.03625 0.08583333333333333
2 0.09 0.42916666666666664 0.03125 0.09083333333333334
2 0.115 0.39 0.026875 0.07583333333333334
2 0.1775 0.2708333333333333 0.019375 0.06
2 0.14625 0.32416666666666666 0.01875 0.055
2 0.12875 0.3775 0.018125 0.056666666666666664
2 0.874375 0.32083333333333336 0.03 0.0625
2 0.986875 0.35 0.023125 0.0575