2 0.451875 0.555 0.06 0.07916666666666666
2 0.060625 0.6125 0.09125 0.08333333333333333
1 0.73 0.31 0.04 0.0725
1 0.518125 0.31333333333333335 0.038125 0.08166666666666667
1 0.56125 0.3258333333333333 0.0375 0.09583333333333334
1 0.59875 0.29333333333333333 0.043125 0.06916666666666667
0 0.564375 0.23916666666666667 0.06625 0.0875
1 0.625625 0.27166666666666667 0.02375 0.04833333333333333
1 0.6425 0.25333333333333335 0.043125 0.05416666666666667
1 0.650625 0.23083333333333333 0.03 0.05
1 0.669375 0.18583333333333332 0.02125 0.051666666666666666
2 0.44 0.335 0.01875 0.03916666666666667
2 0.4675 0.3308333333333333 0.01875 0.04
2 0.48125 0.3383333333333333 0.01875 0.035