1 0.906875 0.8808333333333334 0.18625 0.23833333333333334
1 0.611875 0.9616666666666667 0.134375 0.07583333333333334
1 0.328125 0.6 0.111875 0.28583333333333333
2 0.146875 0.6041666666666666 0.03125 0.08916666666666667
2 0.2275 0.6408333333333334 0.035 0.10916666666666666
2 0.13625 0.8225 0.05 0.1425
2 0.64625 0.49333333333333335 0.020625 0.059166666666666666
2 0.55 0.4633333333333333 0.019375 0.0625
2 0.583125 0.45666666666666667 0.015625 0.04666666666666667
2 0.571875 0.4058333333333333 0.014375 0.0425
2 0.50875 0.4675 0.018125 0.04416666666666667
1 0.35125 0.3591666666666667 0.054375 0.1
2 0.2275 0.4175 0.021875 0.058333333333333334
2 0.280625 0.4241666666666667 0.02125 0.0625
2 0.244375 0.35333333333333333 0.015625 0.04416666666666667
2 0.28625 0.32083333333333336 0.010625 0.04
2 0.300625 0.3358333333333333 0.009375 0.03833333333333333
2 0.325625 0.3233333333333333 0.009375 0.03916666666666667
2 0.24875 0.31333333333333335 0.0125 0.035833333333333335
2 0.284375 0.26166666666666666 0.006875 0.029166666666666667
2 0.5025 0.38 0.01375 0.035833333333333335
2 0.46 0.3283333333333333 0.00875 0.029166666666666667
2 0.4725 0.31583333333333335 0.01 0.03166666666666667