1 0.47 0.3925 0.154375 0.25333333333333335
1 0.5375 0.18583333333333332 0.1075 0.21916666666666668
2 0.43375 0.135 0.02875 0.11666666666666667
2 0.6075 0.1575 0.03125 0.1275
2 0.624375 0.29083333333333333 0.043125 0.1425
2 0.69 0.315 0.049375 0.17583333333333334
2 0.7425 0.4766666666666667 0.035625 0.1825
2 0.813125 0.6633333333333333 0.04875 0.21583333333333332
2 0.68375 0.155 0.0375 0.1525
2 0.3525 0.6683333333333333 0.08875 0.205
2 0.211875 0.7916666666666666 0.145625 0.11166666666666666
2 0.34125 0.68 0.108125 0.14
2 0.095 0.9066666666666666 0.145 0.13416666666666666
2 0.341875 0.6791666666666667 0.10875 0.13416666666666666
2 0.43125 0.15583333333333332 0.02875 0.09333333333333334
2 0.506875 0.6275 0.045 0.09
2 0.421875 0.73 0.054375 0.15166666666666667
2 0.38375 0.9108333333333334 0.16125 0.11333333333333333
2 0.739375 0.5175 0.0425 0.11083333333333334
2 0.686875 0.16333333333333333 0.031875 0.055
2 0.78375 0.26166666666666666 0.036875 0.10416666666666667
2 0.959375 0.4425 0.0775 0.105
1 0.6075 0.6908333333333333 0.248125 0.30583333333333335