1 0.355625 0.8541666666666666 0.375 0.29083333333333333
1 0.93 0.9516666666666667 0.14 0.09666666666666666
1 0.518125 0.095 0.060625 0.06416666666666666
2 0.78 0.18666666666666668 0.026875 0.065
2 0.78375 0.26666666666666666 0.026875 0.09666666666666666
2 0.718125 0.085 0.02625 0.065
2 0.69375 0.38333333333333336 0.02875 0.06916666666666667
2 0.784375 0.7575 0.03 0.07833333333333334
2 0.70125 0.865 0.05 0.11333333333333333
2 0.67125 0.7625 0.043125 0.12333333333333334
2 0.82875 0.85 0.13375 0.11666666666666667
2 0.930625 0.7608333333333334 0.109375 0.12416666666666666
2 0.094375 0.8633333333333333 0.153125 0.13166666666666665