1 0.25375 0.8516666666666667 0.13625 0.2966666666666667
1 0.33125 0.38333333333333336 0.04625 0.10333333333333333
1 0.5175 0.43 0.05875 0.10333333333333333
1 0.37375 0.21083333333333334 0.020625 0.045
0 0.45125 0.31666666666666665 0.051875 0.12083333333333333
2 0.4 0.9725 0.046875 0.05416666666666667
2 0.661875 0.7225 0.04 0.11833333333333333
2 0.620625 0.6041666666666666 0.025 0.05333333333333334
2 0.59625 0.5091666666666667 0.02125 0.05416666666666667
2 0.571875 0.4275 0.013125 0.04083333333333333
2 0.695625 0.6925 0.0275 0.06666666666666667
2 0.86 0.9066666666666666 0.056875 0.145
2 0.03125 0.68 0.04375 0.10583333333333333
2 0.146875 0.5066666666666667 0.029375 0.085
2 0.216875 0.54 0.029375 0.08833333333333333
2 0.22375 0.43083333333333335 0.026875 0.065
2 0.259375 0.3958333333333333 0.01125 0.05333333333333334
2 0.1725 0.36583333333333334 0.02375 0.05416666666666667
2 0.24625 0.3458333333333333 0.01375 0.049166666666666664
2 0.25625 0.3616666666666667 0.01625 0.04
2 0.2775 0.3 0.015625 0.043333333333333335