1 0.60375 0.6941666666666667 0.1525 0.25
1 0.68625 0.5616666666666666 0.135 0.1625
1 0.441875 0.5591666666666667 0.093125 0.13166666666666665
1 0.493125 0.435 0.05875 0.06666666666666667
1 0.408125 0.41833333333333333 0.05375 0.06666666666666667
2 0.49125 0.8141666666666667 0.0675 0.14166666666666666
2 0.791875 0.8 0.0775 0.15583333333333332
2 0.205625 0.7958333333333333 0.03625 0.13583333333333333
2 0.29375 0.9566666666666667 0.07 0.08666666666666667
2 0.31125 0.8308333333333333 0.0325 0.14416666666666667
2 0.246875 0.7333333333333333 0.03 0.11416666666666667
2 0.28 0.7641666666666667 0.02375 0.11916666666666667
2 0.218125 0.6608333333333334 0.031875 0.09333333333333334
2 0.030625 0.8133333333333334 0.0475 0.13166666666666665
2 0.06875 0.6808333333333333 0.03625 0.09