2 0.306875 0.76 0.06375 0.14166666666666666
2 0.5375 0.6425 0.071875 0.12666666666666668
2 0.4525 0.5125 0.05375 0.08916666666666667
2 0.661875 0.8816666666666667 0.099375 0.1775
2 0.635625 0.6475 0.05875 0.13333333333333333
2 0.306875 0.41583333333333333 0.040625 0.09
2 0.415 0.44416666666666665 0.05625 0.06666666666666667
2 0.861875 0.5133333333333333 0.07625 0.09333333333333334
1 0.54625 0.3883333333333333 0.086875 0.16833333333333333
1 0.64 0.2875 0.071875 0.13083333333333333
0 0.483125 0.24166666666666667 0.14125 0.20833333333333334
0 0.046875 0.2608333333333333 0.09375 0.21666666666666667
2 0.2375 0.3858333333333333 0.04375 0.07083333333333333
2 0.14 0.82 0.063125 0.165
1 0.844375 0.18583333333333332 0.04125 0.07083333333333333