1 0.405 0.5658333333333333 0.121875 0.21
1 0.231875 0.4791666666666667 0.088125 0.15833333333333333
1 0.299375 0.385 0.05875 0.09166666666666666
1 0.393125 0.38416666666666666 0.095 0.085
1 0.516875 0.38333333333333336 0.106875 0.08916666666666667
1 0.785 0.4041666666666667 0.09 0.08916666666666667
1 0.906875 0.4225 0.10125 0.1
1 0.70375 0.355 0.085 0.07916666666666666
1 0.236875 0.33166666666666667 0.04125 0.08083333333333333
1 0.335 0.35333333333333333 0.040625 0.07333333333333333
0 0.519375 0.33 0.280625 0.17666666666666667
0 0.669375 0.26166666666666666 0.111875 0.09
0 0.61 0.285 0.109375 0.10833333333333334
0 0.45875 0.2225 0.055625 0.06666666666666667
2 0.795 0.5383333333333333 0.081875 0.09
2 0.6825 0.44416666666666665 0.065 0.06833333333333333
2 0.575625 0.42083333333333334 0.0525 0.060833333333333336
2 0.1125 0.43833333333333335 0.021875 0.0625
2 0.060625 0.43416666666666665 0.024375 0.05416666666666667
1 0.32125 0.3275 0.03875 0.06
1 0.190625 0.3775 0.01875 0.035
1 0.62875 0.39166666666666666 0.02125 0.04416666666666667
1 0.6475 0.4041666666666667 0.018125 0.06916666666666667
2 0.6275 0.43083333333333335 0.036875 0.0525