0 0.370625 0.4716666666666667 0.10875 0.2791666666666667
1 0.4275 0.4008333333333333 0.063125 0.0975
1 0.40125 0.33416666666666667 0.0525 0.07583333333333334
1 0.818125 0.30666666666666664 0.081875 0.06
0 0.249375 0.23083333333333333 0.033125 0.049166666666666664
1 0.343125 0.26166666666666666 0.02625 0.03916666666666667
1 0.300625 0.2608333333333333 0.023125 0.029166666666666667
1 0.26625 0.2608333333333333 0.02625 0.03833333333333333
1 0.219375 0.27166666666666667 0.0225 0.034166666666666665
1 0.161875 0.2425 0.01875 0.030833333333333334
1 0.325625 0.24916666666666668 0.02 0.035833333333333335
2 0.063125 0.6216666666666667 0.038125 0.09166666666666666
2 0.171875 0.57 0.031875 0.09333333333333334
2 0.221875 0.5291666666666667 0.03 0.08333333333333333
2 0.224375 0.44333333333333336 0.025625 0.059166666666666666
2 0.18375 0.45666666666666667 0.0275 0.07
2 0.16 0.4875 0.026875 0.049166666666666664
2 0.148125 0.4525 0.0225 0.06416666666666666
2 0.13625 0.3525 0.01625 0.043333333333333335
2 0.21 0.38666666666666666 0.0175 0.04666666666666667
2 0.239375 0.3233333333333333 0.03125 0.03
2 0.2875 0.3433333333333333 0.024375 0.034166666666666665
2 0.613125 0.32 0.03 0.028333333333333332
2 0.723125 0.3275 0.03 0.024166666666666666
2 0.075 0.38916666666666666 0.013125 0.04666666666666667
2 0.086875 0.3516666666666667 0.014375 0.041666666666666664