1 0.74875 0.515 0.140625 0.275
1 0.469375 0.53 0.145 0.24583333333333332
1 0.813125 0.35 0.065625 0.08083333333333333
1 0.165625 0.8141666666666667 0.33125 0.37083333333333335
3 0.729375 0.2841666666666667 0.094375 0.16833333333333333
0 0.8675 0.2683333333333333 0.065 0.125
2 0.804375 0.9341666666666667 0.0725 0.12666666666666668
2 0.3775 0.8225 0.059375 0.1975
2 0.459375 0.7508333333333334 0.046875 0.17916666666666667
2 0.354375 0.5566666666666666 0.0475 0.10583333333333333
2 0.57375 0.6508333333333334 0.04375 0.12333333333333334
2 0.880625 0.6816666666666666 0.03 0.0975
2 0.84 0.6275 0.040625 0.12333333333333334
2 0.87875 0.5291666666666667 0.019375 0.0725
2 0.04625 0.7641666666666667 0.04 0.14166666666666666
2 0.16375 0.6691666666666667 0.038125 0.07666666666666666