1 0.233125 0.6041666666666666 0.20625 0.255
1 0.384375 0.6658333333333334 0.14 0.17833333333333334
1 0.5175 0.4141666666666667 0.08 0.11416666666666667
1 0.631875 0.3591666666666667 0.064375 0.08833333333333333
2 0.829375 0.29 0.01 0.034166666666666665
1 0.57625 0.3125 0.058125 0.07
1 0.63125 0.26916666666666667 0.051875 0.0875
1 0.678125 0.2791666666666667 0.0675 0.10833333333333334
1 0.72375 0.24666666666666667 0.03875 0.06916666666666667
1 0.7575 0.2075 0.025625 0.03333333333333333
1 0.73125 0.1925 0.025625 0.03166666666666667
1 0.754375 0.16833333333333333 0.018125 0.0225