1 0.518125 0.45166666666666666 0.121875 0.15583333333333332
1 0.631875 0.43166666666666664 0.0975 0.13083333333333333
1 0.699375 0.35583333333333333 0.055625 0.12083333333333333
0 0.650625 0.2966666666666667 0.10125 0.12333333333333334
2 0.250625 0.6825 0.08875 0.12333333333333334
2 0.34125 0.5966666666666667 0.055 0.09333333333333334
2 0.66 0.5616666666666666 0.046875 0.07916666666666666
2 0.7725 0.8383333333333334 0.06125 0.11
2 0.881875 0.825 0.043125 0.08916666666666667
2 0.918125 0.6608333333333334 0.036875 0.07333333333333333
2 0.8925 0.5808333333333333 0.05125 0.0525
2 0.834375 0.5308333333333334 0.05125 0.041666666666666664
2 0.03875 0.5608333333333333 0.05625 0.08916666666666667
2 0.14125 0.49416666666666664 0.031875 0.04
2 0.21125 0.4708333333333333 0.0625 0.05583333333333333
2 0.268125 0.4608333333333333 0.05 0.04833333333333333
2 0.38625 0.5058333333333334 0.055625 0.09
2 0.451875 0.45416666666666666 0.038125 0.08583333333333333