1 0.453125 0.465 0.08625 0.14166666666666666
1 0.638125 0.5191666666666667 0.13875 0.20166666666666666
1 0.934375 0.4816666666666667 0.13125 0.15333333333333332
1 0.854375 0.3908333333333333 0.106875 0.115
1 0.71125 0.36583333333333334 0.075 0.09
1 0.555 0.31416666666666665 0.081875 0.07333333333333333
1 0.64125 0.31916666666666665 0.0675 0.0725
1 0.643125 0.28583333333333333 0.05125 0.04416666666666667
1 0.92625 0.33416666666666667 0.046875 0.065
1 0.9825 0.34833333333333333 0.034375 0.058333333333333334
1 0.874375 0.3225 0.0725 0.04416666666666667
1 0.85125 0.3025 0.04625 0.043333333333333335
1 0.264375 0.26 0.02875 0.03916666666666667
1 0.295 0.255 0.0225 0.04583333333333333
1 0.335625 0.23333333333333334 0.031875 0.03333333333333333
2 0.213125 0.8041666666666667 0.05 0.13916666666666666
2 0.123125 0.57 0.07875 0.065
2 0.215 0.6316666666666667 0.061875 0.08916666666666667
2 0.20125 0.51 0.049375 0.0725
2 0.239375 0.41333333333333333 0.068125 0.04833333333333333
2 0.3125 0.39916666666666667 0.02625 0.05416666666666667
2 0.28625 0.37083333333333335 0.0175 0.041666666666666664
2 0.324375 0.36083333333333334 0.025 0.04583333333333333
2 0.57875 0.3933333333333333 0.0275 0.041666666666666664
2 0.614375 0.4091666666666667 0.044375 0.04
2 0.645 0.4083333333333333 0.03625 0.0475
2 0.09125 0.44 0.02875 0.058333333333333334