1 0.619375 0.7275 0.128125 0.2
1 0.33375 0.5016666666666667 0.07 0.1775
1 0.348125 0.35583333333333333 0.04625 0.10416666666666667
1 0.456875 0.3 0.03875 0.060833333333333336
1 0.43 0.21833333333333332 0.02625 0.03916666666666667
2 0.108125 0.8716666666666667 0.044375 0.1625
2 0.059375 0.695 0.045 0.12083333333333333
2 0.155 0.665 0.040625 0.1225
2 0.08125 0.5608333333333333 0.03 0.08583333333333333
2 0.199375 0.5283333333333333 0.0275 0.08166666666666667
2 0.225625 0.44 0.019375 0.06416666666666666
2 0.926875 0.8441666666666666 0.049375 0.1525
2 0.665625 0.6425 0.03875 0.09
2 0.6025 0.45166666666666666 0.01875 0.0475