1 0.61625 0.4083333333333333 0.135 0.1
1 0.565 0.33916666666666667 0.105 0.06
1 0.530625 0.28583333333333333 0.04875 0.04583333333333333
1 0.585 0.2841666666666667 0.05875 0.04583333333333333
1 0.264375 0.25916666666666666 0.03375 0.04583333333333333
1 0.705625 0.29583333333333334 0.07625 0.09416666666666666
1 0.37625 0.2525 0.03625 0.04833333333333333
1 0.4725 0.2733333333333333 0.04 0.035833333333333335
2 0.25375 0.3858333333333333 0.035 0.05
2 0.02 0.5475 0.03375 0.07916666666666666
2 0.088125 0.4175 0.024375 0.051666666666666666
2 0.324375 0.3358333333333333 0.02375 0.04
2 0.55375 0.38916666666666666 0.04375 0.0475
2 0.5275 0.38083333333333336 0.03375 0.04