1 0.015625 0.5716666666666667 0.03125 0.2866666666666667
1 0.03125 0.23583333333333334 0.061875 0.09583333333333334
1 0.32 0.3225 0.125 0.11916666666666667
1 0.138125 0.23583333333333334 0.075 0.0825
1 0.0275 0.17666666666666667 0.055 0.0625
2 0.069375 0.19833333333333333 0.015 0.02666666666666667
2 0.09 0.19083333333333333 0.01375 0.03
2 0.074375 0.3908333333333333 0.02875 0.0875
2 0.179375 0.5883333333333334 0.0475 0.14833333333333334
2 0.455625 0.4033333333333333 0.04375 0.09833333333333333
2 0.706875 0.5 0.0375 0.11416666666666667
2 0.60875 0.485 0.041875 0.1225
2 0.68 0.36083333333333334 0.024375 0.0875
2 0.545625 0.43333333333333335 0.035625 0.1025
2 0.846875 0.3775 0.026875 0.0675
2 0.8325 0.315 0.024375 0.06166666666666667
2 0.505 0.3908333333333333 0.030625 0.09166666666666666
2 0.9025 0.8916666666666667 0.1125 0.21666666666666667
2 0.879375 0.7191666666666666 0.080625 0.16916666666666666
1 0.97375 0.3591666666666667 0.0525 0.115
1 0.638125 0.2875 0.071875 0.11583333333333333
2 0.6 0.2608333333333333 0.016875 0.050833333333333335
2 0.160625 0.2966666666666667 0.034375 0.060833333333333336
2 0.06125 0.31166666666666665 0.026875 0.05583333333333333
2 0.2075 0.32083333333333336 0.036875 0.06916666666666667
2 0.21875 0.26 0.029375 0.05333333333333334
2 0.275625 0.23916666666666667 0.03375 0.05