2 0.334375 0.7483333333333333 0.031875 0.1075
1 0.254375 0.61 0.12 0.215
1 0.218125 0.4791666666666667 0.093125 0.15916666666666668
2 0.11875 0.5158333333333334 0.03125 0.0825
2 0.095 0.4775 0.028125 0.07416666666666667
2 0.396875 0.4125 0.013125 0.05583333333333333
1 0.48 0.4691666666666667 0.06 0.095
1 0.334375 0.41583333333333333 0.050625 0.09583333333333334
1 0.285 0.35333333333333333 0.05375 0.09083333333333334
1 0.354375 0.2925 0.03625 0.055
1 0.36875 0.23166666666666666 0.026875 0.05
1 0.441875 0.19416666666666665 0.02125 0.035833333333333335
1 0.419375 0.18166666666666667 0.016875 0.028333333333333332
2 0.574375 0.4225 0.015625 0.03666666666666667
2 0.555 0.3425 0.010625 0.03166666666666667
2 0.215 0.38 0.0225 0.05416666666666667
2 0.238125 0.35083333333333333 0.015625 0.045
2 0.265 0.32916666666666666 0.014375 0.04583333333333333