1 0.168125 0.895 0.25375 0.20916666666666667
1 0.045625 0.4575 0.089375 0.10416666666666667
1 0.411875 0.6475 0.14625 0.19166666666666668
1 0.18 0.6691666666666667 0.19375 0.19666666666666666
1 0.63125 0.36 0.065 0.08333333333333333
1 0.463125 0.4191666666666667 0.08625 0.1
1 0.54375 0.4525 0.114375 0.16916666666666666
1 0.60125 0.3016666666666667 0.05375 0.06333333333333334
1 0.708125 0.2783333333333333 0.045625 0.06416666666666666
1 0.521875 0.2225 0.065 0.08833333333333333
1 0.7175 0.19833333333333333 0.030625 0.04083333333333333
0 0.751875 0.15416666666666667 0.033125 0.05583333333333333