0 0.47375 0.5133333333333333 0.29375 0.5941666666666666
1 0.17875 0.865 0.34875 0.2608333333333333
1 0.10125 0.7483333333333333 0.201875 0.21166666666666667
1 0.62625 0.38333333333333336 0.06625 0.12916666666666668
1 0.665 0.33166666666666667 0.046875 0.065
1 0.6325 0.2675 0.04875 0.06666666666666667
1 0.700625 0.26916666666666667 0.034375 0.059166666666666666
1 0.695625 0.21583333333333332 0.0325 0.06666666666666667
1 0.728125 0.23333333333333334 0.028125 0.06166666666666667
2 0.77375 0.7675 0.0475 0.07833333333333334
2 0.80625 0.5366666666666666 0.034375 0.050833333333333335