1 0.363125 0.6416666666666667 0.206875 0.3325
1 0.57625 0.31416666666666665 0.085 0.145
0 0.73875 0.1975 0.05625 0.09833333333333333
1 0.559375 0.47 0.101875 0.23166666666666666
1 0.301875 0.3025 0.15125 0.10083333333333333
1 0.195 0.42333333333333334 0.12375 0.185
2 0.56375 0.6758333333333333 0.071875 0.25
2 0.244375 0.8025 0.080625 0.10833333333333334
2 0.669375 0.535 0.060625 0.08666666666666667
2 0.18 0.5725 0.0675 0.07333333333333333
2 0.144375 0.81 0.07 0.12833333333333333
2 0.025625 0.6166666666666667 0.045625 0.17083333333333334