2 0.048125 0.5441666666666667 0.036875 0.08333333333333333
2 0.158125 0.7416666666666667 0.05375 0.11416666666666667
2 0.29125 0.7208333333333333 0.03875 0.125
2 0.375625 0.7 0.043125 0.125
2 0.3975 0.625 0.0325 0.1
2 0.2375 0.6033333333333334 0.0425 0.09583333333333334
2 0.25375 0.5225 0.03125 0.08083333333333333
2 0.39875 0.49583333333333335 0.04 0.0775
2 0.29875 0.41333333333333333 0.01875 0.051666666666666666
2 0.1725 0.48 0.0275 0.065
2 0.200625 0.43083333333333335 0.02125 0.056666666666666664
2 0.8175 0.5625 0.069375 0.09166666666666666
2 0.379375 0.405 0.0275 0.04833333333333333
2 0.408125 0.37416666666666665 0.0225 0.05416666666666667
2 0.636875 0.37166666666666665 0.046875 0.043333333333333335
1 0.5775 0.2683333333333333 0.04875 0.05
1 0.92375 0.34 0.07625 0.06916666666666667