1 0.8075 0.7283333333333334 0.2525 0.35083333333333333
3 0.08 0.8666666666666667 0.159375 0.265
1 0.46625 0.22583333333333333 0.05 0.13083333333333333
1 0.4175 0.1925 0.05375 0.09833333333333333
2 0.568125 0.6575 0.14375 0.1475
2 0.426875 0.475 0.13875 0.09833333333333333
2 0.4975 0.7825 0.221875 0.1625
2 0.09625 0.3908333333333333 0.095 0.0825
2 0.210625 0.36083333333333334 0.081875 0.105
2 0.266875 0.31166666666666665 0.08 0.06333333333333334
2 0.768125 0.5025 0.141875 0.09166666666666666
2 0.6175 0.5133333333333333 0.1375 0.08833333333333333