2 0.971875 0.8116666666666666 0.055625 0.08583333333333333
2 0.865 0.7108333333333333 0.15375 0.11333333333333333
2 0.655 0.7391666666666666 0.176875 0.13083333333333333
2 0.525625 0.6841666666666667 0.15875 0.10666666666666667
2 0.325625 0.7741666666666667 0.1825 0.13333333333333333
2 0.075 0.7075 0.15 0.125
2 0.188125 0.6366666666666667 0.135625 0.11
2 0.040625 0.5966666666666667 0.080625 0.06833333333333333
2 0.036875 0.42583333333333334 0.07375 0.07166666666666667
2 0.800625 0.6166666666666667 0.129375 0.09333333333333334
2 0.694375 0.45166666666666666 0.040625 0.08916666666666667