1 0.4825 0.85 0.5075 0.3
1 0.49125 0.5925 0.483125 0.305
3 0.48625 0.19166666666666668 0.058125 0.13583333333333333
2 0.509375 0.32916666666666666 0.03125 0.07583333333333334
2 0.04 0.7291666666666666 0.07875 0.09916666666666667
2 0.050625 0.6166666666666667 0.10125 0.08666666666666667
2 0.24 0.5516666666666666 0.109375 0.09
2 0.10875 0.5275 0.111875 0.0975
2 0.1425 0.58 0.120625 0.09916666666666667
2 0.305625 0.5083333333333333 0.0975 0.0925
2 0.864375 0.565 0.114375 0.105
2 0.9775 0.5458333333333333 0.044375 0.0825
2 0.77625 0.51 0.1 0.085
2 0.765 0.6 0.07875 0.08333333333333333
2 0.28875 0.32166666666666666 0.0325 0.060833333333333336
2 0.409375 0.325 0.029375 0.07083333333333333
2 0.44375 0.3358333333333333 0.02375 0.06916666666666667
2 0.475625 0.31 0.03 0.06666666666666667
2 0.325 0.2725 0.0175 0.04666666666666667
2 0.34625 0.25083333333333335 0.02 0.043333333333333335
2 0.376875 0.24666666666666667 0.0225 0.045
2 0.675 0.2658333333333333 0.020625 0.03916666666666667
2 0.6275 0.235 0.0175 0.041666666666666664