1 0.741875 0.7916666666666666 0.46625 0.25333333333333335
2 0.081875 0.9258333333333333 0.16375 0.1425
2 0.119375 0.6425 0.135625 0.10416666666666667
2 0.255625 0.6216666666666667 0.13875 0.11916666666666667
2 0.101875 0.5516666666666666 0.1175 0.0975
2 0.45625 0.6383333333333333 0.145 0.10333333333333333
2 0.6475 0.6316666666666667 0.140625 0.0975
2 0.26875 0.9408333333333333 0.2025 0.11833333333333333
2 0.745625 0.935 0.15 0.13
2 0.51375 0.5791666666666667 0.10625 0.10083333333333333
2 0.8675 0.6258333333333334 0.143125 0.09833333333333333
2 0.59 0.54 0.05 0.0925