2 0.226875 0.8158333333333333 0.161875 0.17833333333333334
2 0.533125 0.8691666666666666 0.15625 0.17
2 0.738125 0.8208333333333333 0.11125 0.17416666666666666
2 0.5075 0.7241666666666666 0.093125 0.165
2 0.71875 0.6408333333333334 0.05625 0.15333333333333332
3 0.835 0.5758333333333333 0.1125 0.18833333333333332
2 0.040625 0.435 0.08125 0.08416666666666667
2 0.151875 0.36083333333333334 0.07125 0.06916666666666667
2 0.90125 0.4975 0.051875 0.08833333333333333
1 0.489375 0.24 0.055 0.08583333333333333
3 0.428125 0.20333333333333334 0.063125 0.11666666666666667