2 0.034375 0.615 0.06875 0.08
2 0.088125 0.6866666666666666 0.139375 0.09
2 0.54625 0.725 0.199375 0.1125
2 0.789375 0.6875 0.166875 0.1325
2 0.656875 0.5933333333333334 0.13375 0.08583333333333333
2 0.88875 0.5491666666666667 0.139375 0.08416666666666667
3 0.96875 0.7033333333333334 0.0625 0.30333333333333334
2 0.01375 0.4058333333333333 0.0275 0.07833333333333334
2 0.126875 0.3775 0.064375 0.07083333333333333
2 0.235 0.325 0.04125 0.04833333333333333
2 0.303125 0.31083333333333335 0.04 0.05
2 0.36375 0.3458333333333333 0.025625 0.06
2 0.53125 0.43666666666666665 0.058125 0.0775
2 0.61 0.41583333333333333 0.049375 0.08666666666666667
3 0.425 0.1825 0.0475 0.09166666666666666
1 0.485 0.195 0.05125 0.06916666666666667