1 0.46 0.8275 0.463125 0.31
1 0.49125 0.21 0.046875 0.07166666666666667
0 0.9625 0.49916666666666665 0.075 0.30083333333333334
2 0.085625 0.5333333333333333 0.1 0.07916666666666666
2 0.178125 0.3858333333333333 0.0825 0.08416666666666667
2 0.415 0.355 0.06875 0.075
2 0.23375 0.7708333333333334 0.164375 0.16333333333333333
2 0.075 0.8441666666666666 0.15 0.145
2 0.72875 0.9 0.1275 0.19833333333333333
2 0.028125 0.9666666666666667 0.05125 0.06666666666666667
2 0.168125 0.9783333333333334 0.194375 0.043333333333333335
2 0.47 0.34833333333333333 0.034375 0.075
2 0.51875 0.3458333333333333 0.035625 0.08
2 0.778125 0.4 0.065625 0.08
2 0.835625 0.4 0.049375 0.07583333333333334
2 0.053125 0.4325 0.07 0.0975
2 0.310625 0.2991666666666667 0.05375 0.049166666666666664
2 0.13625 0.7233333333333334 0.106875 0.13833333333333334
2 0.04375 0.675 0.085 0.17