1 0.238125 0.37333333333333335 0.1575 0.1325
1 0.42125 0.22083333333333333 0.05625 0.0675
1 0.484375 0.19416666666666665 0.045 0.056666666666666664
3 0.585 0.405 0.223125 0.26916666666666667
2 0.775625 0.6916666666666667 0.133125 0.1675
2 0.073125 0.3983333333333333 0.0675 0.07916666666666666
2 0.166875 0.35083333333333333 0.05375 0.07166666666666667
2 0.74375 0.43166666666666664 0.051875 0.0925
2 0.763125 0.3875 0.031875 0.07166666666666667
2 0.464375 0.31583333333333335 0.036875 0.06583333333333333
2 0.356875 0.32166666666666666 0.035625 0.075