2 0.468125 0.9266666666666666 0.17875 0.14583333333333334
2 0.861875 0.8783333333333333 0.163125 0.19
2 0.576875 0.7183333333333334 0.12875 0.1825
2 0.463125 0.5533333333333333 0.066875 0.1275
2 0.336875 0.5383333333333333 0.06 0.12666666666666668
2 0.293125 0.4666666666666667 0.054375 0.10083333333333333
2 0.246875 0.43 0.0525 0.09666666666666666
2 0.645 0.6441666666666667 0.10625 0.1525
2 0.864375 0.7 0.12 0.14583333333333334
2 0.805625 0.73 0.124375 0.175
2 0.96375 0.6175 0.071875 0.11333333333333333
2 0.830625 0.5925 0.11875 0.11333333333333333
2 0.876875 0.5491666666666667 0.115 0.11916666666666667
2 0.535 0.4608333333333333 0.055625 0.11
2 0.6375 0.4716666666666667 0.078125 0.10666666666666667
2 0.679375 0.4575 0.054375 0.09416666666666666
2 0.36 0.41333333333333333 0.060625 0.0975
2 0.43875 0.3958333333333333 0.053125 0.10833333333333334
2 0.719375 0.36833333333333335 0.034375 0.056666666666666664
1 0.471875 0.2833333333333333 0.074375 0.11666666666666667
1 0.420625 0.23833333333333334 0.06 0.08
3 0.751875 0.2891666666666667 0.145625 0.16166666666666665