2 0.598125 0.7541666666666667 0.173125 0.12083333333333333
2 0.48375 0.655 0.159375 0.11583333333333333
2 0.126875 0.825 0.171875 0.16333333333333333
2 0.040625 0.7066666666666667 0.08125 0.09
2 0.034375 0.4125 0.06875 0.07916666666666666
2 0.3775 0.385 0.03 0.07583333333333334
2 0.498125 0.4875 0.040625 0.095
2 0.68125 0.5191666666666667 0.095625 0.10083333333333333
2 0.621875 0.44416666666666665 0.061875 0.07083333333333333
2 0.5175 0.4058333333333333 0.02875 0.08416666666666667
2 0.454375 0.37833333333333335 0.038125 0.06166666666666667
2 0.923125 0.8466666666666667 0.15375 0.14
2 0.81625 0.43 0.0275 0.05583333333333333
2 0.72875 0.395 0.03 0.05583333333333333
2 0.956875 0.4008333333333333 0.04125 0.08
1 0.395625 0.24833333333333332 0.056875 0.065
1 0.48125 0.24416666666666667 0.06125 0.07333333333333333
1 0.48375 0.20333333333333334 0.0425 0.03916666666666667
1 0.43625 0.16166666666666665 0.034375 0.03666666666666667
1 0.48625 0.165 0.035 0.035833333333333335
2 0.85375 0.3725 0.03 0.050833333333333335
2 0.630625 0.315 0.0225 0.03666666666666667
2 0.6525 0.29833333333333334 0.013125 0.04083333333333333
2 0.68375 0.31833333333333336 0.01875 0.03916666666666667