1 0.4925 0.22 0.04875 0.0725
1 0.8075 0.8041666666666667 0.385 0.3225
1 0.30625 0.65 0.326875 0.23166666666666666
3 0.423125 0.18083333333333335 0.049375 0.06666666666666667
1 0.423125 0.225 0.04625 0.06333333333333334
1 0.65 0.2775 0.0825 0.0925
2 0.280625 0.8333333333333334 0.14 0.17
2 0.15375 0.36333333333333334 0.06 0.07
2 0.028125 0.5116666666666667 0.05625 0.07666666666666666
2 0.67375 0.7066666666666667 0.145 0.12666666666666668
2 0.626875 0.6008333333333333 0.053125 0.12166666666666667
2 0.58875 0.5316666666666666 0.05375 0.1125
2 0.691875 0.5158333333333334 0.0475 0.09666666666666666
3 0.423125 0.17833333333333334 0.041875 0.06916666666666667