2 0.531875 0.7041666666666667 0.11 0.15583333333333332
2 0.75875 0.6583333333333333 0.05375 0.14916666666666667
2 0.554375 0.5491666666666667 0.07 0.1125
2 0.985625 0.6625 0.02875 0.11166666666666666
2 0.013125 0.9608333333333333 0.02625 0.075
2 0.260625 0.33916666666666667 0.036875 0.065
2 0.314375 0.2891666666666667 0.02875 0.049166666666666664
2 0.123125 0.39416666666666667 0.053125 0.059166666666666666
1 0.055625 0.4216666666666667 0.11125 0.20666666666666667
1 0.490625 0.24 0.0575 0.08833333333333333
3 0.429375 0.2025 0.05625 0.11