1 0.03875 0.7608333333333334 0.0775 0.2683333333333333
1 0.726875 0.8075 0.4575 0.3
3 0.723125 0.32166666666666666 0.05625 0.11333333333333333
1 0.42 0.21666666666666667 0.051875 0.06666666666666667
1 0.489375 0.225 0.0575 0.0725
3 0.419375 0.15916666666666668 0.040625 0.055
3 0.480625 0.1775 0.0425 0.05
2 0.48875 0.47 0.07375 0.10333333333333333
2 0.40375 0.5416666666666666 0.1125 0.09916666666666667
2 0.475625 0.6408333333333334 0.13875 0.08833333333333333
2 0.608125 0.5408333333333334 0.12375 0.10916666666666666
2 0.4825 0.5783333333333334 0.133125 0.09083333333333334
2 0.3 0.5783333333333334 0.10375 0.10833333333333334
2 0.238125 0.6341666666666667 0.140625 0.1175
2 0.120625 0.6908333333333333 0.11625 0.08916666666666667
2 0.048125 0.5866666666666667 0.095625 0.115
2 0.0175 0.4191666666666667 0.034375 0.0575
2 0.194375 0.3441666666666667 0.050625 0.0625
2 0.89125 0.9708333333333333 0.061875 0.058333333333333334
2 0.681875 0.6508333333333334 0.155625 0.10833333333333334
2 0.64625 0.45 0.059375 0.07166666666666667
2 0.604375 0.4116666666666667 0.040625 0.04833333333333333
2 0.675625 0.39 0.024375 0.04416666666666667
2 0.7425 0.4025 0.03 0.04833333333333333
2 0.28625 0.31583333333333335 0.03 0.056666666666666664
2 0.315625 0.32416666666666666 0.02875 0.06916666666666667
2 0.3425 0.3333333333333333 0.0175 0.05583333333333333