3 0.6225 0.43416666666666665 0.1225 0.17166666666666666
1 0.70625 0.3416666666666667 0.12 0.17166666666666666
2 0.170625 0.8616666666666667 0.1775 0.15333333333333332
2 0.4425 0.8641666666666666 0.20875 0.16416666666666666
2 0.448125 0.7066666666666667 0.155 0.11833333333333333
2 0.724375 0.6466666666666666 0.143125 0.1325
2 0.39625 0.6191666666666666 0.079375 0.12166666666666667
2 0.0175 0.7141666666666666 0.035 0.1
2 0.066875 0.4075 0.068125 0.07666666666666666
2 0.23 0.3375 0.04625 0.06583333333333333
2 0.413125 0.4675 0.025625 0.09
2 0.480625 0.39666666666666667 0.031875 0.085
2 0.531875 0.4191666666666667 0.035 0.08333333333333333
2 0.680625 0.53 0.05875 0.1025
2 0.296875 0.3675 0.03125 0.0725
2 0.36125 0.3725 0.03125 0.07333333333333333
2 0.845625 0.36666666666666664 0.03875 0.09333333333333334
2 0.763125 0.2725 0.025 0.06916666666666667