1 0.711875 0.8333333333333334 0.364375 0.3333333333333333
1 0.865 0.5216666666666666 0.2525 0.2125
1 0.458125 0.31916666666666665 0.091875 0.12666666666666668
3 0.33 0.2425 0.178125 0.20666666666666667
3 0.49125 0.22833333333333333 0.065625 0.12083333333333333
3 0.47375 0.15166666666666667 0.0675 0.10583333333333333
2 0.58125 0.6658333333333334 0.0875 0.155
2 0.03125 0.4125 0.061875 0.08166666666666667
2 0.71875 0.5658333333333333 0.123125 0.11833333333333333
2 0.5025 0.42 0.08375 0.1025
2 0.97 0.6933333333333334 0.06 0.10333333333333333