2 0.3225 0.6916666666666667 0.1725 0.15333333333333332
2 0.05875 0.865 0.116875 0.18416666666666667
2 0.05625 0.6583333333333333 0.1125 0.12333333333333334
2 0.1375 0.5841666666666666 0.141875 0.135
2 0.091875 0.3858333333333333 0.081875 0.0875
2 0.210625 0.345 0.073125 0.0825
2 0.38875 0.3075 0.031875 0.05583333333333333
2 0.41625 0.3458333333333333 0.04375 0.08
2 0.551875 0.4033333333333333 0.064375 0.09333333333333334
2 0.5075 0.8658333333333333 0.17125 0.19166666666666668
2 0.94125 0.7291666666666666 0.11375 0.12333333333333334
2 0.840625 0.7075 0.068125 0.10916666666666666
2 0.54125 0.7308333333333333 0.17625 0.11166666666666666
2 0.60375 0.6125 0.149375 0.11416666666666667
2 0.719375 0.6775 0.108125 0.12166666666666667
2 0.810625 0.37166666666666665 0.05875 0.09333333333333334
1 0.66125 0.38166666666666665 0.108125 0.13083333333333333
1 0.45875 0.205 0.05 0.07
1 0.46625 0.16583333333333333 0.045 0.045
2 0.473125 0.345 0.04375 0.0775
2 0.30875 0.29583333333333334 0.04375 0.07916666666666666
2 0.42125 0.27666666666666667 0.034375 0.051666666666666666
2 0.95125 0.38416666666666666 0.0375 0.08416666666666667
3 0.580625 0.18083333333333335 0.059375 0.11833333333333333