2 0.016875 0.4075 0.03375 0.0675
1 0.709375 0.845 0.46375 0.3
1 0.160625 0.6541666666666667 0.32125 0.25583333333333336
1 0.034375 0.8191666666666667 0.06875 0.2608333333333333
1 0.410625 0.22416666666666665 0.048125 0.06916666666666667
2 0.960625 0.735 0.07875 0.13
2 0.445625 0.6191666666666666 0.138125 0.10666666666666667
2 0.35625 0.5583333333333333 0.101875 0.10666666666666667
2 0.17375 0.3541666666666667 0.055 0.07083333333333333
2 0.100625 0.5416666666666666 0.080625 0.043333333333333335
2 0.4 0.44166666666666665 0.07125 0.085
2 0.511875 0.6641666666666667 0.155 0.10916666666666666
2 0.325625 0.615 0.056875 0.10083333333333333
2 0.62375 0.5733333333333334 0.131875 0.09166666666666666
2 0.6375 0.6833333333333333 0.135625 0.11
2 0.708125 0.6208333333333333 0.13 0.11416666666666667
2 0.64625 0.475 0.093125 0.08583333333333333
2 0.6675 0.5333333333333333 0.1025 0.10083333333333333
2 0.955625 0.39166666666666666 0.05 0.0725
2 0.885625 0.36083333333333334 0.045 0.07
2 0.79875 0.6575 0.130625 0.09
2 0.52625 0.3958333333333333 0.061875 0.08916666666666667
2 0.465 0.185 0.034375 0.060833333333333336
2 0.40875 0.37416666666666665 0.04875 0.07583333333333334
2 0.479375 0.3308333333333333 0.026875 0.06833333333333333
2 0.443125 0.3258333333333333 0.030625 0.06166666666666667
2 0.408125 0.32083333333333336 0.03875 0.06416666666666666
2 0.6875 0.325 0.03375 0.07833333333333334
2 0.831875 0.3225 0.031875 0.060833333333333336