3 0.304375 0.6283333333333333 0.411875 0.3825
1 0.628125 0.44333333333333336 0.17 0.19666666666666666
1 0.68 0.32666666666666666 0.104375 0.16333333333333333
3 0.6425 0.20166666666666666 0.096875 0.105
3 0.48625 0.19 0.040625 0.08083333333333333
1 0.4425 0.22416666666666665 0.05125 0.07166666666666667
2 0.96375 0.4 0.060625 0.06416666666666666
2 0.856875 0.6158333333333333 0.121875 0.11166666666666666
2 0.98625 0.97 0.0275 0.06
2 0.488125 0.795 0.176875 0.15916666666666668
2 0.2 0.885 0.21875 0.15833333333333333
2 0.721875 0.64 0.12625 0.1325
2 0.76875 0.3675 0.019375 0.05416666666666667
2 0.145 0.40166666666666667 0.068125 0.0675
2 0.035 0.4066666666666667 0.07 0.08916666666666667
2 0.516875 0.3075 0.02625 0.049166666666666664
2 0.7925 0.35 0.02375 0.049166666666666664
2 0.505 0.375 0.038125 0.0825
2 0.519375 0.31 0.033125 0.051666666666666666
2 0.46 0.3441666666666667 0.03375 0.06666666666666667
2 0.415625 0.35333333333333333 0.0375 0.07333333333333333
2 0.330625 0.2925 0.02875 0.05333333333333334
2 0.225 0.3433333333333333 0.039375 0.06416666666666666
2 0.170625 0.3616666666666667 0.04625 0.0525
2 0.8225 0.31666666666666665 0.018125 0.0375
3 0.47875 0.13416666666666666 0.04125 0.045