1 0.48625 0.20833333333333334 0.048125 0.065
1 0.77625 0.38333333333333336 0.075 0.09833333333333333
2 0.191875 0.91 0.190625 0.17916666666666667
2 0.354375 0.7216666666666667 0.154375 0.16
2 0.724375 0.9216666666666666 0.14 0.15
2 0.6325 0.7458333333333333 0.089375 0.17583333333333334
2 0.755625 0.6858333333333333 0.073125 0.16166666666666665
2 0.835 0.71 0.056875 0.1
2 0.874375 0.8166666666666667 0.076875 0.0875
2 0.7125 0.5116666666666667 0.0575 0.105
2 0.599375 0.44916666666666666 0.061875 0.06666666666666667
2 0.465 0.34833333333333333 0.035625 0.08
2 0.41375 0.3308333333333333 0.035 0.05333333333333334
2 0.38 0.30083333333333334 0.033125 0.04583333333333333
2 0.308125 0.29583333333333334 0.034375 0.05583333333333333
2 0.241875 0.32166666666666666 0.03125 0.055
2 0.839375 0.36916666666666664 0.045625 0.10083333333333333
2 0.5525 0.175 0.019375 0.06333333333333334
2 0.7 0.2775 0.045 0.07166666666666667
1 0.4125 0.22 0.040625 0.056666666666666664
3 0.47625 0.13583333333333333 0.058125 0.08
1 0.613125 0.19916666666666666 0.054375 0.07666666666666666
2 0.51 0.30833333333333335 0.03125 0.04666666666666667
1 0.901875 0.54 0.124375 0.175