2 0.958125 0.8158333333333333 0.078125 0.10166666666666667
1 0.414375 0.22583333333333333 0.055 0.060833333333333336
2 0.72625 0.8458333333333333 0.065 0.1225
3 0.571875 0.16916666666666666 0.05625 0.1075
2 0.358125 0.8341666666666666 0.208125 0.13333333333333333
2 0.075625 0.8883333333333333 0.065625 0.12166666666666667
2 0.0525 0.7825 0.074375 0.08083333333333333
2 0.124375 0.7341666666666666 0.155625 0.105
2 0.24125 0.6816666666666666 0.174375 0.11833333333333333
2 0.036875 0.6566666666666666 0.07375 0.0975
2 0.11125 0.585 0.11625 0.1175
2 0.36125 0.6325 0.09375 0.07416666666666667
2 0.4375 0.6941666666666667 0.168125 0.10583333333333333
2 0.5075 0.5733333333333334 0.05 0.10833333333333334
2 0.550625 0.6283333333333333 0.11625 0.07916666666666666
2 0.724375 0.605 0.105625 0.11
2 0.514375 0.45916666666666667 0.0875 0.06583333333333333
2 0.445 0.4116666666666667 0.073125 0.0625
2 0.735 0.39666666666666667 0.03625 0.07583333333333334
2 0.855 0.7425 0.084375 0.135
2 0.96375 0.8141666666666667 0.06375 0.1975
2 0.933125 0.51 0.04625 0.10083333333333333
2 0.665 0.4275 0.049375 0.07
2 0.49875 0.33666666666666667 0.036875 0.07083333333333333
2 0.45625 0.3375 0.045625 0.0625
2 0.858125 0.4266666666666667 0.051875 0.12666666666666668
1 0.4975 0.20833333333333334 0.023125 0.0675
1 0.475 0.155 0.035625 0.051666666666666666
1 0.471875 0.11416666666666667 0.03 0.050833333333333335
2 0.526875 0.11583333333333333 0.014375 0.04416666666666667
2 0.661875 0.7258333333333333 0.144375 0.12166666666666667