1 0.11625 0.5058333333333334 0.211875 0.1775
3 0.49125 0.31666666666666665 0.09875 0.195
1 0.48375 0.19833333333333333 0.048125 0.045
2 0.375625 0.9533333333333334 0.2225 0.09166666666666666
2 0.579375 0.59 0.0825 0.11833333333333333
3 0.67875 0.27166666666666667 0.05875 0.09666666666666666
2 0.4325 0.4533333333333333 0.05625 0.10166666666666667
2 0.10625 0.3858333333333333 0.071875 0.0725
2 0.21375 0.3641666666666667 0.0725 0.05416666666666667
2 0.04 0.9033333333333333 0.075625 0.165
2 0.33375 0.7108333333333333 0.16 0.135
2 0.456875 0.7883333333333333 0.203125 0.13666666666666666
2 0.73375 0.5058333333333334 0.105 0.1025
2 0.39125 0.2791666666666667 0.04 0.06583333333333333
2 0.3675 0.235 0.024375 0.07333333333333333
2 0.4075 0.15666666666666668 0.0225 0.065
2 0.253125 0.3125 0.049375 0.04666666666666667
2 0.465 0.15583333333333332 0.02 0.05416666666666667
2 0.4325 0.2375 0.02125 0.07833333333333334
2 0.435625 0.18166666666666667 0.02375 0.04666666666666667
2 0.60375 0.16916666666666666 0.024375 0.06
2 0.648125 0.22166666666666668 0.014375 0.08083333333333333
2 0.630625 0.19333333333333333 0.015 0.060833333333333336