1 0.63625 0.8516666666666667 0.516875 0.2675
1 0.979375 0.8333333333333334 0.040625 0.19666666666666666
3 0.484375 0.19 0.07 0.12666666666666668
3 0.248125 0.785 0.220625 0.30083333333333334
3 0.71 0.2525 0.0825 0.125
2 0.421875 0.5858333333333333 0.115 0.0975
2 0.295625 0.5091666666666667 0.118125 0.08166666666666667
2 0.59 0.6608333333333334 0.13875 0.08333333333333333
2 0.70875 0.595 0.0575 0.0875
2 0.895625 0.68 0.093125 0.1125
2 0.931875 0.6375 0.1125 0.11
2 0.043125 0.7941666666666667 0.08625 0.09583333333333334
2 0.1475 0.7116666666666667 0.159375 0.13833333333333334
2 0.029375 0.6858333333333333 0.05875 0.09416666666666666
2 0.03625 0.545 0.0725 0.07916666666666666
2 0.15375 0.5475 0.135625 0.08416666666666667
2 0.586875 0.5483333333333333 0.105625 0.08
2 0.40875 0.325 0.04 0.0675
2 0.446875 0.335 0.031875 0.059166666666666666
2 0.508125 0.3333333333333333 0.03125 0.06166666666666667
2 0.2525 0.3233333333333333 0.04625 0.056666666666666664
2 0.30625 0.2875 0.02625 0.06583333333333333