1 0.82 0.7716666666666666 0.359375 0.2991666666666667
1 0.66125 0.34833333333333333 0.1425 0.15666666666666668
1 0.624375 0.255 0.065 0.075
1 0.480625 0.205 0.066875 0.08583333333333333
1 0.42125 0.21833333333333332 0.07375 0.0875
2 0.203125 0.76 0.17625 0.13666666666666666
2 0.34375 0.88 0.22625 0.1525
2 0.516875 0.7 0.213125 0.1325
2 0.483125 0.6 0.115 0.11833333333333333
2 0.4375 0.5133333333333333 0.07 0.09916666666666667
2 0.11875 0.6225 0.139375 0.12166666666666667
2 0.810625 0.6116666666666667 0.081875 0.1175