0 0.38375 0.6591666666666667 0.7675 0.495
2 0.03875 0.9525 0.0775 0.095
2 0.161875 0.8925 0.205 0.16583333333333333
2 0.38375 0.9316666666666666 0.19 0.13583333333333333
2 0.543125 0.9816666666666667 0.04375 0.035833333333333335
2 0.64875 0.915 0.184375 0.17
2 0.93 0.9691666666666666 0.055625 0.06166666666666667
2 0.97375 0.915 0.0525 0.10333333333333333
2 0.94125 0.615 0.1175 0.12416666666666666
2 0.79375 0.6525 0.05875 0.09083333333333334
2 0.7775 0.3025 0.033125 0.06166666666666667
1 0.68125 0.36083333333333334 0.086875 0.13416666666666666
2 0.6075 0.41833333333333333 0.048125 0.050833333333333335
2 0.518125 0.41083333333333333 0.055625 0.05416666666666667
3 0.489375 0.19 0.046875 0.10083333333333333
1 0.425 0.19833333333333333 0.045625 0.058333333333333334
1 0.543125 0.13 0.036875 0.059166666666666666
3 0.9725 0.32666666666666666 0.055 0.08833333333333333
2 0.255 0.3225 0.045625 0.07
2 0.035625 0.39 0.07125 0.049166666666666664
2 0.4475 0.4266666666666667 0.03 0.018333333333333333
2 0.39 0.2775 0.020625 0.051666666666666666
2 0.439375 0.26666666666666666 0.020625 0.04583333333333333