2 0.22375 0.53 0.124375 0.0975
2 0.665 0.565 0.145 0.1025
2 0.033125 0.6766666666666666 0.06625 0.12333333333333334
2 0.03875 0.5791666666666667 0.0775 0.08833333333333333
2 0.083125 0.94 0.16625 0.12
2 0.480625 0.9108333333333334 0.0975 0.11666666666666667
2 0.671875 0.895 0.160625 0.14666666666666667
2 0.14 0.36916666666666664 0.066875 0.07166666666666667
2 0.274375 0.3075 0.048125 0.060833333333333336
1 0.496875 0.7716666666666666 0.4425 0.2775
1 0.71 0.295 0.105625 0.08833333333333333
1 0.46125 0.20583333333333334 0.063125 0.065