2 0.3725 0.74 0.146875 0.12416666666666666
2 0.41375 0.6266666666666667 0.151875 0.08583333333333333
2 0.72375 0.6341666666666667 0.108125 0.13083333333333333
2 0.77125 0.49416666666666664 0.051875 0.09583333333333334
2 0.63 0.4816666666666667 0.063125 0.0875
2 0.678125 0.37833333333333335 0.036875 0.03916666666666667
2 0.479375 0.36833333333333335 0.05875 0.08166666666666667
2 0.255 0.3275 0.085 0.050833333333333335
2 0.156875 0.36 0.060625 0.03666666666666667
1 0.503125 0.24416666666666667 0.091875 0.08
3 0.42875 0.2125 0.064375 0.11