2 0.088125 0.9116666666666666 0.175625 0.17666666666666667
2 0.2825 0.7333333333333333 0.14625 0.18833333333333332
2 0.521875 0.6308333333333334 0.081875 0.15166666666666667
2 0.674375 0.6608333333333334 0.08375 0.1575
2 0.2575 0.625 0.12 0.1375
2 0.931875 0.69 0.13625 0.11666666666666667
2 0.755 0.505 0.0475 0.11666666666666667
2 0.65 0.4766666666666667 0.04625 0.12
2 0.51875 0.5141666666666667 0.06875 0.105
2 0.176875 0.385 0.051875 0.07583333333333334
2 0.0275 0.4816666666666667 0.055 0.06916666666666667
2 0.47625 0.38916666666666666 0.075625 0.07833333333333334
2 0.05375 0.42083333333333334 0.06625 0.06416666666666666
1 0.666875 0.23083333333333333 0.06875 0.07166666666666667
1 0.48 0.2175 0.0575 0.065
2 0.33625 0.2833333333333333 0.02 0.0575
2 0.440625 0.33416666666666667 0.023125 0.05333333333333334
1 0.479375 0.16666666666666666 0.041875 0.034166666666666665
2 0.83625 0.345 0.03125 0.06333333333333334
2 0.720625 0.30416666666666664 0.02875 0.0625
2 0.65375 0.375 0.026875 0.08083333333333333
2 0.605625 0.23916666666666667 0.020625 0.03666666666666667
2 0.525 0.35833333333333334 0.039375 0.08166666666666667