1 0.76875 0.7975 0.369375 0.4041666666666667
3 0.495625 0.185 0.084375 0.16
0 0.080625 0.5183333333333333 0.16125 0.3958333333333333
2 0.21625 0.79 0.21375 0.12583333333333332
2 0.246875 0.9241666666666667 0.270625 0.14916666666666667
2 0.32875 0.5866666666666667 0.180625 0.11166666666666666
2 0.20875 0.5166666666666667 0.1325 0.09583333333333334
2 0.571875 0.5608333333333333 0.151875 0.10833333333333334
2 0.466875 0.6275 0.17625 0.11666666666666667
2 0.4625 0.7975 0.225625 0.13083333333333333
2 0.689375 0.6058333333333333 0.085625 0.08666666666666667
2 0.815 0.5616666666666666 0.130625 0.1225
2 0.970625 0.5066666666666667 0.05875 0.12833333333333333