2 0.2625 0.7016666666666667 0.11375 0.11666666666666667
2 0.5075 0.7466666666666667 0.174375 0.12833333333333333
2 0.20875 0.955 0.230625 0.08916666666666667
2 0.441875 0.9675 0.05375 0.065
2 0.685625 0.9425 0.21375 0.115
2 0.948125 0.74 0.1025 0.12666666666666668
2 0.7075 0.6266666666666667 0.149375 0.11416666666666667
2 0.91625 0.59 0.065625 0.12083333333333333
2 0.44375 0.6808333333333333 0.146875 0.10166666666666667
2 0.376875 0.41583333333333333 0.04375 0.0775
2 0.47375 0.43083333333333335 0.0425 0.0875
2 0.52875 0.4025 0.03875 0.07583333333333334
2 0.04125 0.42333333333333334 0.0825 0.050833333333333335
2 0.29625 0.2916666666666667 0.03875 0.056666666666666664
2 0.358125 0.35833333333333334 0.02875 0.04666666666666667
2 0.67125 0.3075 0.034375 0.043333333333333335