1 0.416875 0.205 0.04 0.05416666666666667
3 0.49125 0.14916666666666667 0.041875 0.04583333333333333
1 0.810625 0.795 0.305 0.4025
1 0.170625 0.9216666666666666 0.34125 0.15666666666666668
2 0.1525 0.6675 0.145 0.115
2 0.245 0.3275 0.065 0.0525
2 0.435625 0.31083333333333335 0.07875 0.06583333333333333
2 0.746875 0.3025 0.0675 0.049166666666666664
2 0.918125 0.5833333333333334 0.101875 0.08083333333333333
1 0.48125 0.20916666666666667 0.04875 0.06416666666666666
1 0.549375 0.17083333333333334 0.040625 0.0775