1 0.481875 0.2125 0.048125 0.06833333333333333
1 0.413125 0.21166666666666667 0.05375 0.07083333333333333
2 0.489375 0.5558333333333333 0.1275 0.08916666666666667
2 0.643125 0.7816666666666666 0.17125 0.11416666666666667
2 0.830625 0.8608333333333333 0.1775 0.1375
2 0.769375 0.6408333333333334 0.135625 0.10083333333333333
2 0.365 0.8041666666666667 0.17375 0.14083333333333334
2 0.241875 0.9075 0.189375 0.125
2 0.296875 0.6083333333333333 0.13375 0.10916666666666666
2 0.1 0.7533333333333333 0.159375 0.105
2 0.116875 0.5775 0.125 0.09666666666666666
2 0.4825 0.6433333333333333 0.056875 0.09416666666666666
2 0.883125 0.7241666666666666 0.13375 0.11333333333333333
2 0.890625 0.5566666666666666 0.116875 0.08833333333333333