2 0.399375 0.8966666666666666 0.180625 0.1775
2 0.665 0.955 0.10125 0.08916666666666667
2 0.803125 0.7916666666666666 0.07125 0.09416666666666666
2 0.54375 0.5883333333333334 0.1125 0.13833333333333334
2 0.686875 0.6066666666666667 0.07375 0.155
2 0.46 0.7316666666666667 0.14375 0.1575
2 0.403125 0.3883333333333333 0.034375 0.08166666666666667
2 0.504375 0.4275 0.04625 0.1
2 0.739375 0.49083333333333334 0.04 0.0675
2 0.769375 0.6591666666666667 0.045 0.09166666666666666
2 0.251875 0.34833333333333333 0.061875 0.06583333333333333
2 0.203125 0.3466666666666667 0.048125 0.0575
3 0.485 0.29083333333333333 0.0825 0.1925
1 0.079375 0.43083333333333335 0.15875 0.16916666666666666
1 0.59625 0.21 0.0575 0.065
1 0.448125 0.18333333333333332 0.031875 0.05333333333333334