1 0.48625 0.21916666666666668 0.055 0.055
1 0.649375 0.25583333333333336 0.085 0.07583333333333334
1 0.40125 0.21666666666666667 0.04 0.059166666666666666
1 0.46125 0.20166666666666666 0.033125 0.04083333333333333
2 0.431875 0.15583333333333332 0.04375 0.03833333333333333
2 0.243125 0.6783333333333333 0.161875 0.14666666666666667
2 0.458125 0.7175 0.15375 0.1125
2 0.686875 0.805 0.13125 0.16083333333333333
2 0.87 0.7608333333333334 0.135625 0.1425
2 0.789375 0.6991666666666667 0.15625 0.1125
2 0.91375 0.6125 0.125 0.11
2 0.529375 0.5716666666666667 0.121875 0.0975
2 0.595 0.6075 0.12875 0.09416666666666666
2 0.455 0.6483333333333333 0.15625 0.1
2 0.449375 0.44166666666666665 0.0575 0.09833333333333333
2 0.2875 0.3225 0.045 0.059166666666666666
2 0.348125 0.26 0.01625 0.043333333333333335
2 0.5025 0.3441666666666667 0.02625 0.06583333333333333
2 0.746875 0.3333333333333333 0.03 0.056666666666666664
2 0.4225 0.3775 0.048125 0.0675
2 0.40875 0.305 0.021875 0.050833333333333335
2 0.735625 0.5766666666666667 0.104375 0.09833333333333333
2 0.6625 0.4775 0.05375 0.1025
2 0.56375 0.44166666666666665 0.0675 0.07333333333333333