1 0.64375 0.41833333333333333 0.14125 0.18166666666666667
2 0.21375 0.6566666666666666 0.1425 0.125
2 0.150625 0.9075 0.193125 0.155
2 0.48625 0.9358333333333333 0.23 0.1275
2 0.8625 0.9441666666666667 0.185 0.11166666666666666
2 0.854375 0.8433333333333334 0.189375 0.12666666666666668
2 0.9475 0.7841666666666667 0.105 0.12916666666666668
2 0.67375 0.7783333333333333 0.175625 0.135
2 0.84125 0.6675 0.14125 0.12
2 0.9275 0.5525 0.123125 0.12
2 0.561875 0.6783333333333333 0.17 0.1125
2 0.395625 0.7391666666666666 0.1825 0.13083333333333333
2 0.453125 0.8291666666666667 0.194375 0.12083333333333333
2 0.460625 0.605 0.151875 0.11833333333333333
2 0.11875 0.725 0.16875 0.12416666666666666
2 0.053125 0.8116666666666666 0.10625 0.10333333333333333
2 0.26125 0.3516666666666667 0.065625 0.059166666666666666
2 0.156875 0.37166666666666665 0.065625 0.0675
1 0.66 0.2966666666666667 0.093125 0.09
1 0.609375 0.21 0.060625 0.065
1 0.49125 0.22166666666666668 0.05625 0.0775
1 0.420625 0.21833333333333332 0.053125 0.07
1 0.469375 0.5833333333333334 0.045 0.13666666666666666
1 0.20875 0.6258333333333334 0.063125 0.1575
1 0.39875 0.7 0.06 0.17
1 0.45125 0.7933333333333333 0.063125 0.16083333333333333
1 0.49875 0.7833333333333333 0.055 0.17583333333333334
1 0.13625 0.8658333333333333 0.065625 0.1875
1 0.188125 0.8691666666666666 0.0875 0.19583333333333333
1 0.031875 0.7608333333333334 0.060625 0.18416666666666667
1 0.1225 0.6933333333333334 0.05875 0.17333333333333334
1 0.4925 0.9033333333333333 0.07 0.19333333333333333
1 0.875625 0.9191666666666667 0.080625 0.16166666666666665
1 0.87625 0.8116666666666666 0.07 0.18166666666666667
1 0.955625 0.7575 0.04125 0.16583333333333333
1 0.859375 0.6391666666666667 0.061875 0.1575
1 0.944375 0.5366666666666666 0.048125 0.13916666666666666
1 0.758125 0.5908333333333333 0.050625 0.1575
1 0.71125 0.55 0.055 0.14666666666666667
1 0.625625 0.5933333333333334 0.07 0.13083333333333333
1 0.57125 0.6516666666666666 0.061875 0.17166666666666666
1 0.686875 0.7391666666666666 0.0575 0.17
1 0.259375 0.32916666666666666 0.04125 0.09583333333333334