2 0.246875 0.91 0.18375 0.165
2 0.515625 0.8133333333333334 0.12625 0.19666666666666666
2 0.57875 0.5766666666666667 0.08375 0.13666666666666666
2 0.7 0.5791666666666667 0.05875 0.11666666666666667
2 0.690625 0.44166666666666665 0.034375 0.07583333333333334
2 0.62875 0.4033333333333333 0.04625 0.06583333333333333
2 0.375625 0.42916666666666664 0.031875 0.09
2 0.745 0.4058333333333333 0.02625 0.060833333333333336
2 0.701875 0.37666666666666665 0.03 0.04666666666666667
2 0.415625 0.3283333333333333 0.02625 0.060833333333333336
1 0.484375 0.38083333333333336 0.11625 0.17
1 0.11 0.44083333333333335 0.2125 0.19166666666666668
1 0.474375 0.20166666666666666 0.050625 0.06916666666666667