3 0.558125 0.4675 0.264375 0.3433333333333333
1 0.345625 0.30083333333333334 0.1125 0.125
2 0.53 0.73 0.175625 0.1225
2 0.144375 0.9366666666666666 0.22625 0.1225
2 0.100625 0.7675 0.164375 0.125
2 0.1275 0.6933333333333334 0.14 0.10833333333333334
2 0.918125 0.6716666666666666 0.135625 0.12666666666666668
2 0.400625 0.4866666666666667 0.051875 0.0925
2 0.1075 0.3875 0.065625 0.07166666666666667
2 0.03125 0.6541666666666667 0.061875 0.07583333333333334
2 0.3825 0.41833333333333333 0.04375 0.059166666666666666
1 0.465625 0.22583333333333333 0.05875 0.10583333333333333
2 0.165 0.35333333333333333 0.046875 0.0525
2 0.230625 0.345 0.038125 0.06666666666666667