2 0.279375 0.7983333333333333 0.149375 0.15083333333333335
2 0.1625 0.6883333333333334 0.1525 0.11833333333333333
2 0.3025 0.5925 0.104375 0.115
2 0.450625 0.745 0.119375 0.17333333333333334
2 0.741875 0.8658333333333333 0.189375 0.1425
2 0.881875 0.695 0.14375 0.11833333333333333
2 0.7475 0.6216666666666667 0.07 0.10416666666666667
2 0.625 0.6658333333333334 0.089375 0.12916666666666668
2 0.8125 0.545 0.061875 0.11416666666666667
2 0.9275 0.6533333333333333 0.11375 0.08833333333333333
2 0.87875 0.45416666666666666 0.048125 0.06916666666666667
2 0.511875 0.5241666666666667 0.11125 0.09416666666666666
2 0.501875 0.33 0.03875 0.051666666666666666
2 0.628125 0.38666666666666666 0.063125 0.059166666666666666
1 0.736875 0.38916666666666666 0.11125 0.18416666666666667
1 0.4225 0.215 0.046875 0.07