2 0.07625 0.4066666666666667 0.08125 0.08083333333333333
2 0.178125 0.35333333333333333 0.056875 0.06916666666666667
1 0.48625 0.20666666666666667 0.046875 0.06583333333333333
2 0.42625 0.5808333333333333 0.135 0.10416666666666667
2 0.11 0.6666666666666666 0.149375 0.13166666666666665
2 0.02625 0.6033333333333334 0.051875 0.09666666666666666
2 0.895625 0.64 0.13125 0.1125
2 0.97125 0.6875 0.054375 0.14
2 0.624375 0.6283333333333333 0.11625 0.11
2 0.45875 0.4025 0.050625 0.12
2 0.515625 0.39916666666666667 0.03875 0.12
2 0.583125 0.40166666666666667 0.06 0.11416666666666667
2 0.52125 0.2916666666666667 0.03125 0.06666666666666667
2 0.255625 0.31916666666666665 0.043125 0.06416666666666666
1 0.430625 0.7275 0.45125 0.2633333333333333
1 0.35125 0.88 0.701875 0.23916666666666667
3 0.47875 0.14583333333333334 0.054375 0.1
1 0.415 0.21916666666666668 0.04875 0.06
1 0.62375 0.19833333333333333 0.068125 0.07666666666666666