1 0.428125 0.7966666666666666 0.453125 0.2975
1 0.628125 0.26166666666666666 0.075 0.06916666666666667
1 0.39375 0.25333333333333335 0.08 0.0875
1 0.48625 0.18833333333333332 0.0425 0.0475
1 0.485 0.1575 0.035 0.024166666666666666
1 0.430625 0.16583333333333333 0.034375 0.028333333333333332
3 0.4775 0.13333333333333333 0.038125 0.049166666666666664
2 0.87875 0.7833333333333333 0.1775 0.14583333333333334
2 0.751875 0.7183333333333334 0.146875 0.1275
2 0.83875 0.6433333333333333 0.085 0.09583333333333334
2 0.954375 0.6366666666666667 0.090625 0.11916666666666667
2 0.933125 0.7383333333333333 0.12875 0.08833333333333333
2 0.675 0.635 0.064375 0.07083333333333333
2 0.768125 0.615 0.04625 0.0675
2 0.46375 0.5641666666666667 0.1275 0.105
2 0.385625 0.5108333333333334 0.06375 0.1025
2 0.453125 0.48083333333333333 0.0525 0.05416666666666667
2 0.524375 0.5016666666666667 0.07 0.105
2 0.5725 0.43416666666666665 0.056875 0.08833333333333333
2 0.625 0.38416666666666666 0.068125 0.075
2 0.045625 0.4008333333333333 0.069375 0.07583333333333334
2 0.191875 0.3491666666666667 0.054375 0.07083333333333333
2 0.283125 0.32 0.041875 0.06833333333333333
2 0.330625 0.2683333333333333 0.023125 0.03916666666666667
1 0.44625 0.20333333333333334 0.048125 0.0675
2 0.639375 0.5075 0.090625 0.09083333333333334
2 0.688125 0.445 0.046875 0.05
2 0.698125 0.5141666666666667 0.048125 0.07833333333333334
2 0.396875 0.3675 0.033125 0.08083333333333333
2 0.450625 0.41833333333333333 0.0375 0.04666666666666667
2 0.49875 0.3625 0.0425 0.07083333333333333
2 0.74125 0.33166666666666667 0.024375 0.043333333333333335
2 0.778125 0.31333333333333335 0.03125 0.05333333333333334
2 0.705 0.2991666666666667 0.018125 0.03