1 0.715625 0.2875 0.1125 0.12
1 0.670625 0.5133333333333333 0.189375 0.18416666666666667
1 0.4875 0.215 0.051875 0.07583333333333334
3 0.586875 0.8716666666666667 0.79625 0.25666666666666665
2 0.1075 0.685 0.13875 0.14083333333333334
2 0.11 0.965 0.146875 0.07
2 0.474375 0.7066666666666667 0.105625 0.13833333333333334
2 0.3575 0.6891666666666667 0.145 0.145
2 0.690625 0.6766666666666666 0.15875 0.11833333333333333
2 0.85625 0.6491666666666667 0.136875 0.11
2 0.323125 0.5933333333333334 0.123125 0.1225
2 0.509375 0.5858333333333333 0.093125 0.1025
2 0.3675 0.4091666666666667 0.06 0.08416666666666667
2 0.0325 0.4058333333333333 0.064375 0.055
2 0.418125 0.365 0.03875 0.07166666666666667
2 0.881875 0.4225 0.04 0.055
2 0.673125 0.3591666666666667 0.023125 0.055
2 0.545 0.36583333333333334 0.038125 0.0675
2 0.4825 0.37666666666666665 0.04125 0.06583333333333333