2 0.365 0.8058333333333333 0.136875 0.18416666666666667
2 0.726875 0.7658333333333334 0.11125 0.19
2 0.56 0.6333333333333333 0.0975 0.15166666666666667
2 0.411875 0.5583333333333333 0.1025 0.125
2 0.210625 0.37916666666666665 0.0675 0.06916666666666667
2 0.1325 0.3883333333333333 0.08125 0.07333333333333333
2 0.03625 0.41833333333333333 0.0725 0.09833333333333333
1 0.0225 0.5308333333333334 0.045 0.13416666666666666
2 0.526875 0.48583333333333334 0.060625 0.12083333333333333
2 0.756875 0.4141666666666667 0.034375 0.0575
2 0.713125 0.35083333333333333 0.033125 0.051666666666666666
2 0.865 0.3641666666666667 0.066875 0.0775
2 0.629375 0.3625 0.04375 0.04666666666666667
2 0.3175 0.33666666666666667 0.05625 0.08
2 0.36 0.29083333333333333 0.03125 0.060833333333333336
1 0.47625 0.215 0.046875 0.07