2 0.466875 0.9441666666666667 0.24 0.11166666666666666
2 0.68875 0.9441666666666667 0.120625 0.11166666666666666
2 0.376875 0.7525 0.165625 0.115
2 0.50375 0.8416666666666667 0.17125 0.09833333333333333
2 0.05875 0.8375 0.1175 0.115
2 0.99 0.6675 0.019375 0.06666666666666667
2 0.8 0.5358333333333334 0.02625 0.07916666666666666
2 0.92 0.49166666666666664 0.034375 0.08333333333333333
2 0.670625 0.49666666666666665 0.0425 0.07916666666666666
2 0.443125 0.4 0.063125 0.08333333333333333
2 0.3725 0.4058333333333333 0.046875 0.07166666666666667
2 0.295 0.38666666666666666 0.03125 0.07583333333333334
2 0.15875 0.3775 0.0575 0.07166666666666667
2 0.07375 0.4008333333333333 0.064375 0.07916666666666666
2 0.495625 0.345 0.03125 0.05333333333333334
2 0.856875 0.41083333333333333 0.04625 0.06166666666666667
2 0.73125 0.3675 0.035625 0.0425
2 0.6575 0.34 0.024375 0.043333333333333335