1 0.228125 0.37333333333333335 0.185625 0.1625
1 0.70625 0.2825 0.084375 0.08583333333333333
1 0.389375 0.2925 0.09 0.08666666666666667
1 0.440625 0.23666666666666666 0.059375 0.0775
1 0.4275 0.16583333333333333 0.03625 0.045
1 0.520625 0.11666666666666667 0.024375 0.03
3 0.48 0.15416666666666667 0.036875 0.06583333333333333
2 0.6025 0.44333333333333336 0.050625 0.08416666666666667
2 0.670625 0.8908333333333334 0.105625 0.215
2 0.83875 0.6741666666666667 0.133125 0.13
2 0.921875 0.5425 0.101875 0.10333333333333333
2 0.92125 0.39166666666666666 0.05875 0.07083333333333333
2 0.76125 0.4975 0.041875 0.11333333333333333
2 0.921875 0.395 0.0575 0.0725