1 0.06875 0.8458333333333333 0.136875 0.3016666666666667
1 0.429375 0.5758333333333333 0.36375 0.21083333333333334
1 0.411875 0.8266666666666667 0.369375 0.30916666666666665
1 0.416875 0.2 0.0475 0.065
3 0.4825 0.19166666666666668 0.0525 0.11916666666666667
2 0.79625 0.5158333333333334 0.10625 0.075
2 0.91125 0.8541666666666666 0.07625 0.09083333333333334
2 0.855 0.7616666666666667 0.05 0.095
2 0.7625 0.7991666666666667 0.04625 0.08
2 0.631875 0.8416666666666667 0.059375 0.0975
2 0.10625 0.7216666666666667 0.075 0.10416666666666667
2 0.64375 0.54 0.099375 0.08583333333333333