2 0.1175 0.8091666666666667 0.183125 0.17666666666666667
2 0.414375 0.6483333333333333 0.119375 0.14
2 0.60375 0.6266666666666667 0.1 0.12166666666666667
2 0.63375 0.5025 0.073125 0.075
1 0.08875 0.5216666666666666 0.1775 0.19833333333333333
1 0.058125 0.42583333333333334 0.11625 0.12416666666666666
2 0.421875 0.39916666666666667 0.051875 0.08166666666666667
2 0.723125 0.44416666666666665 0.035 0.06916666666666667
2 0.188125 0.3675 0.05125 0.06833333333333333
2 0.130625 0.37416666666666665 0.0525 0.06666666666666667
2 0.260625 0.3475 0.049375 0.0725
2 0.300625 0.2991666666666667 0.029375 0.0625
2 0.56625 0.4041666666666667 0.04625 0.0875
2 0.5125 0.415 0.046875 0.09416666666666666
2 0.95125 0.38916666666666666 0.063125 0.06833333333333333
2 0.450625 0.31083333333333335 0.025625 0.0625
2 0.48 0.2966666666666667 0.030625 0.058333333333333334
1 0.488125 0.22583333333333333 0.048125 0.08
1 0.418125 0.22333333333333333 0.04875 0.0675
3 0.47875 0.15583333333333332 0.0575 0.07416666666666667