1 0.563125 0.48583333333333334 0.220625 0.1925
1 0.650625 0.2966666666666667 0.093125 0.09833333333333333
1 0.465625 0.24333333333333335 0.060625 0.0675
3 0.556875 0.15 0.05875 0.08333333333333333
2 0.265625 0.8466666666666667 0.195 0.13666666666666666
2 0.53375 0.87 0.2125 0.14083333333333334
2 0.8325 0.7616666666666667 0.150625 0.12
2 0.9125 0.6216666666666667 0.136875 0.0925
2 0.685 0.7316666666666667 0.166875 0.12083333333333333
2 0.18375 0.7433333333333333 0.103125 0.16333333333333333
2 0.3725 0.6308333333333334 0.118125 0.14916666666666667
2 0.21 0.6241666666666666 0.133125 0.10583333333333333
2 0.0675 0.6591666666666667 0.134375 0.11666666666666667
2 0.0325 0.75 0.064375 0.1025
2 0.488125 0.7483333333333333 0.1675 0.11666666666666667