1 0.352 0.6723880597014925 0.217 0.35
1 0.5765 0.3283582089552239 0.0895 0.15223880597014924
0 0.747 0.20597014925373133 0.059 0.10373134328358209
1 0.5585 0.4917910447761194 0.107 0.24328358208955222
1 0.288 0.3156716417910448 0.1585 0.10597014925373134
1 0.176 0.44328358208955226 0.13 0.1947761194029851
2 0.563 0.7082089552238806 0.075 0.2626865671641791
3 0.5585 0.6514925373134328 0.029 0.13432835820895522
3 0.8535 0.47686567164179106 0.0495 0.1126865671641791
3 0.9135 0.6283582089552239 0.039 0.1917910447761194
3 0.759 0.5044776119402985 0.033 0.11567164179104478
3 0.6565 0.417910447761194 0.0295 0.0873134328358209
3 0.458 0.30597014925373134 0.014 0.10223880597014925
3 0.375 0.46044776119402986 0.0465 0.11492537313432835
3 0.219 0.7313432835820896 0.0405 0.14328358208955225
3 0.925 0.36716417910447763 0.033 0.06417910447761194
3 0.139 0.517910447761194 0.032 0.12611940298507462
3 0.033 0.2873134328358209 0.016 0.09701492537313433
3 0.0125 0.32611940298507464 0.022 0.07462686567164178
3 0.129 0.7283582089552239 0.0415 0.11716417910447761
2 0.228 0.8417910447761194 0.085 0.11417910447761194
2 0.6735 0.5597014925373134 0.0635 0.09104477611940298
2 0.16 0.6 0.071 0.07761194029850746
2 0.123 0.8492537313432836 0.073 0.13507462686567165
2 0.0105 0.6440298507462686 0.021 0.1798507462686567