1 0.55 0.832089552238806 0.107 0.15149253731343285
1 0.164 0.8671641791044776 0.0925 0.19552238805970149
1 0.42 0.5231343283582089 0.0315 0.05298507462686567
1 0.3715 0.5253731343283582 0.038 0.058208955223880594
4 0.404 0.673134328358209 0.0725 0.1761194029850746
4 0.0205 0.8641791044776119 0.041 0.2716417910447761
2 0.8825 0.9649253731343284 0.048 0.06940298507462686
2 0.8965 0.8365671641791045 0.041 0.056716417910447764
3 0.8925 0.9574626865671642 0.037 0.08507462686567165
3 0.8815 0.9492537313432836 0.0285 0.10074626865671642
3 0.8995 0.8111940298507463 0.0235 0.07462686567164178