1 0.4855 0.208955223880597 0.0925 0.23059701492537313
1 0.2795 0.4552238805970149 0.1365 0.2798507462686567
1 0.482 0.5843283582089552 0.3085 0.2626865671641791
2 0.307 0.814179104477612 0.148 0.19402985074626866
2 0.5265 0.9007462686567164 0.1965 0.19552238805970149
2 0.624 0.8134328358208955 0.1605 0.12238805970149254
2 0.6415 0.6082089552238806 0.105 0.13432835820895522
2 0.4245 0.3902985074626866 0.056 0.10970149253731343
3 0.2945 0.7880597014925373 0.081 0.1917910447761194
3 0.5315 0.8432835820895522 0.06 0.22761194029850745
3 0.4645 0.7343283582089553 0.058 0.1701492537313433
3 0.63 0.7917910447761194 0.066 0.1947761194029851
3 0.663 0.5798507462686567 0.073 0.1880597014925373
3 0.522 0.37089552238805973 0.03 0.18208955223880596
3 0.41 0.31865671641791044 0.014 0.09776119402985074
3 0.317 0.21194029850746268 0.0105 0.10522388059701493
3 0.3195 0.6037313432835821 0.07 0.19552238805970149