2 0.2405 0.8708955223880597 0.0845 0.20522388059701493
2 0.576 0.4007462686567164 0.037 0.0791044776119403
3 0.24 0.8097014925373134 0.058 0.19850746268656716
3 0.5705 0.367910447761194 0.0215 0.049253731343283584
0 0.333 0.2380597014925373 0.238 0.19029850746268656
1 0.758 0.29850746268656714 0.0815 0.09253731343283582
1 0.0375 0.2619402985074627 0.053 0.0664179104477612
1 0.0765 0.2507462686567164 0.073 0.057462686567164176
1 0.1085 0.23507462686567165 0.0895 0.07313432835820896
1 0.7095 0.23955223880597015 0.0325 0.06044776119402985
1 0.7175 0.20149253731343283 0.03 0.041044776119402986