1 0.622 0.5111940298507462 0.115 0.2
1 0.187 0.458955223880597 0.1445 0.1873134328358209
1 0.36 0.3656716417910448 0.075 0.1873134328358209
1 0.569 0.3335820895522388 0.084 0.1208955223880597
1 0.6835 0.3641791044776119 0.0845 0.1873134328358209
1 0.9345 0.5649253731343283 0.131 0.24029850746268658
1 0.941 0.9634328358208956 0.1175 0.07238805970149254
1 0.014 0.18208955223880596 0.028 0.05895522388059701
2 0.486 0.7805970149253731 0.055 0.18880597014925374
2 0.142 0.8194029850746268 0.047 0.22014925373134328
2 0.1165 0.6992537313432836 0.041 0.21044776119402986
2 0.7175 0.8858208955223881 0.083 0.22835820895522388
2 0.6085 0.9477611940298507 0.0665 0.1044776119402985
2 0.8145 0.5029850746268657 0.041 0.10522388059701493
2 0.7525 0.4544776119402985 0.037 0.10223880597014925
2 0.359 0.6007462686567164 0.0495 0.15746268656716417
2 0.5055 0.6268656716417911 0.045 0.1335820895522388
2 0.475 0.4798507462686567 0.0335 0.10970149253731343
2 0.272 0.35149253731343283 0.0335 0.07686567164179105
2 0.1035 0.4059701492537313 0.029 0.09253731343283582
3 0.3555 0.517910447761194 0.0505 0.13507462686567165
3 0.4765 0.7097014925373134 0.059 0.2455223880597015
3 0.6075 0.841044776119403 0.0705 0.1962686567164179
3 0.615 0.9007462686567164 0.075 0.19029850746268656
3 0.5255 0.9738805970149254 0.046 0.05223880597014925
3 0.7145 0.835820895522388 0.0615 0.24402985074626865
3 0.8145 0.46119402985074626 0.044 0.0955223880597015
3 0.7515 0.41865671641791047 0.0305 0.11791044776119403
3 0.007 0.858955223880597 0.014 0.1455223880597015
3 0.4725 0.40746268656716417 0.0385 0.11194029850746269
3 0.5015 0.5313432835820896 0.0335 0.11343283582089553