0 0.865 0.8835820895522388 0.27 0.23283582089552238
1 0.057 0.8805970149253731 0.114 0.23880597014925373
2 0.957 0.5 0.0855 0.0962686567164179
2 0.777 0.3723880597014925 0.101 0.0962686567164179
2 0.528 0.20149253731343283 0.0415 0.10223880597014925
2 0.4755 0.16791044776119404 0.032 0.09253731343283582
2 0.303 0.6261194029850746 0.035 0.0873134328358209
2 0.168 0.7186567164179104 0.139 0.14253731343283582
2 0.22 0.6328358208955224 0.0565 0.10970149253731343
2 0.0375 0.735820895522388 0.063 0.10820895522388059
3 0.9625 0.42761194029850746 0.048 0.09104477611940298
3 0.785 0.3119402985074627 0.038 0.08208955223880597
3 0.2985 0.5402985074626866 0.035 0.09850746268656717
3 0.169 0.8671641791044776 0.05 0.0708955223880597
3 0.122 0.6529850746268657 0.0405 0.10746268656716418
3 0.165 0.585820895522388 0.05 0.09850746268656717
3 0.4735 0.10671641791044777 0.028 0.06343283582089553