3 0.4685 0.7477611940298508 0.038 0.1044776119402985
3 0.541 0.7567164179104477 0.0415 0.10671641791044777
3 0.6285 0.8805970149253731 0.038 0.11716417910447761
3 0.6525 0.9044776119402985 0.044 0.12164179104477611
3 0.4775 0.914179104477612 0.0495 0.10671641791044777
3 0.5475 0.9082089552238806 0.0595 0.11716417910447761
3 0.397 0.8992537313432836 0.0505 0.10597014925373134
3 0.258 0.9007462686567164 0.0555 0.10597014925373134
3 0.294 0.7865671641791044 0.0465 0.10298507462686567
3 0.1655 0.8373134328358209 0.056 0.11716417910447761
3 0.2235 0.667910447761194 0.0335 0.08283582089552238
3 0.3215 0.6179104477611941 0.0275 0.08134328358208955
3 0.366 0.6917910447761194 0.04 0.08955223880597014
3 0.412 0.6626865671641791 0.036 0.07835820895522388
3 0.8335 0.6440298507462686 0.039 0.12761194029850748
3 0.293 0.6694029850746268 0.0405 0.08507462686567165
1 0.5755 0.664179104477612 0.135 0.191044776119403
1 0.3215 0.4716417910447761 0.06 0.10970149253731343
1 0.391 0.4171641791044776 0.061 0.1
1 0.3065 0.3567164179104478 0.0465 0.06492537313432836
1 0.3565 0.34701492537313433 0.0455 0.06044776119402985
1 0.9375 0.8783582089552239 0.125 0.24328358208955222
2 0.3655 0.7238805970149254 0.039 0.07238805970149254
2 0.2965 0.7186567164179104 0.036 0.08880597014925373
2 0.325 0.658955223880597 0.032 0.10373134328358209
2 0.418 0.7268656716417911 0.0345 0.11194029850746269
2 0.472 0.7955223880597015 0.039 0.12835820895522387
2 0.5425 0.8104477611940298 0.0565 0.13582089552238805
2 0.5475 0.9611940298507463 0.0555 0.07761194029850746
2 0.6495 0.9485074626865672 0.0645 0.10223880597014925
2 0.4765 0.9671641791044776 0.045 0.06567164179104477
2 0.3945 0.9477611940298507 0.0545 0.1044776119402985
2 0.5395 0.5014925373134328 0.05 0.07388059701492537
2 0.4625 0.4716417910447761 0.025 0.06791044776119402
2 0.27 0.6149253731343284 0.0245 0.08059701492537313
3 0.4615 0.44477611940298506 0.015 0.0626865671641791
3 0.538 0.4828358208955224 0.023 0.07388059701492537
1 0.2855 0.3029850746268657 0.0325 0.05298507462686567
1 0.3315 0.3029850746268657 0.034 0.05298507462686567
2 0.224 0.7261194029850746 0.0355 0.10820895522388059
2 0.1705 0.7022388059701492 0.0365 0.11343283582089553
2 0.163 0.9097014925373135 0.039 0.08880597014925373
3 0.172 0.6626865671641791 0.0235 0.11044776119402985
2 0.3745 0.8298507462686567 0.036 0.08880597014925373
3 0.369 0.7738805970149254 0.034 0.1
2 0.301 0.8611940298507462 0.0445 0.12014925373134329
3 0.2655 0.5671641791044776 0.0225 0.05373134328358209
2 0.242 0.5664179104477612 0.019 0.06044776119402985
3 0.2405 0.5223880597014925 0.0215 0.0664179104477612
2 0.2585 0.9537313432835821 0.053 0.09253731343283582