1 0.3935 0.6664179104477612 0.1775 0.23582089552238805
1 0.174 0.6701492537313433 0.194 0.2373134328358209
1 0.554 0.7164179104477612 0.139 0.21641791044776118
1 0.1055 0.9544776119402985 0.211 0.09104477611940298
1 0.4375 0.4537313432835821 0.1 0.11492537313432835
1 0.5415 0.5104477611940299 0.092 0.11791044776119403
1 0.608 0.41492537313432837 0.0875 0.10149253731343283
1 0.649 0.32686567164179103 0.056 0.0955223880597015
1 0.6545 0.25 0.0405 0.07462686567164178
1 0.715 0.29253731343283584 0.043 0.05970149253731343
0 0.56 0.2880597014925373 0.1375 0.19850746268656716
0 0.508 0.20671641791044776 0.111 0.1253731343283582
2 0.812 0.5425373134328358 0.029 0.06492537313432836
3 0.812 0.49477611940298505 0.0275 0.07238805970149254