2 0.3245 0.7716417910447761 0.0505 0.12835820895522387
2 0.292 0.926865671641791 0.0595 0.14626865671641792
2 0.2045 0.9738805970149254 0.067 0.05149253731343283
2 0.015 0.6477611940298508 0.03 0.1044776119402985
2 0.1835 0.4470149253731343 0.0245 0.05373134328358209
2 0.2575 0.42388059701492536 0.0285 0.049253731343283584
2 0.5335 0.4044776119402985 0.0555 0.04253731343283582
2 0.4705 0.3761194029850746 0.0505 0.03805970149253731
2 0.37 0.3611940298507463 0.027 0.030597014925373135
2 0.067 0.458955223880597 0.023 0.05522388059701493
2 0.0185 0.5126865671641792 0.0365 0.07462686567164178
2 0.0895 0.4246268656716418 0.0255 0.050746268656716415
2 0.611 0.3858208955223881 0.0395 0.03805970149253731
2 0.219 0.39477611940298507 0.02 0.03955223880597015
3 0.3215 0.6895522388059702 0.0395 0.10671641791044777
3 0.2775 0.8261194029850746 0.064 0.11940298507462686
3 0.2055 0.917910447761194 0.061 0.11119402985074626
3 0.0115 0.585820895522388 0.023 0.07238805970149254
3 0.172 0.3858208955223881 0.022 0.04626865671641791
3 0.0675 0.42388059701492536 0.022 0.06044776119402985
3 0.219 0.3641791044776119 0.02 0.03955223880597015
3 0.257 0.3888059701492537 0.0215 0.041044776119402986
3 0.182 0.4097014925373134 0.0245 0.04328358208955224
3 0.3885 0.31865671641791044 0.0165 0.03955223880597015
3 0.6565 0.367910447761194 0.023 0.05223880597014925
3 0.609 0.35895522388059703 0.0215 0.05522388059701493
3 0.528 0.3753731343283582 0.0175 0.050746268656716415
3 0.4635 0.3492537313432836 0.026 0.05522388059701493
3 0.0875 0.38283582089552237 0.023 0.05223880597014925
1 0.452 0.3164179104477612 0.087 0.07313432835820896
1 0.655 0.3582089552238806 0.0955 0.07014925373134329
1 0.9535 0.3455223880597015 0.093 0.0880597014925373
1 0.303 0.2537313432835821 0.026 0.03805970149253731
1 0.253 0.24477611940298508 0.0295 0.04328358208955224