1 0.202 0.5223880597014925 0.16 0.16417910447761194
2 0.9065 0.8044776119402985 0.136 0.14776119402985075
2 0.4545 0.5850746268656717 0.0825 0.08208955223880597
3 0.616 0.5559701492537313 0.025 0.1291044776119403
3 0.1175 0.9477611940298507 0.0855 0.10074626865671642
2 0.623 0.5962686567164179 0.08 0.09402985074626866
0 0.756 0.24701492537313433 0.057 0.08582089552238806
2 0.316 0.6425373134328358 0.0745 0.09029850746268657
0 0.698 0.35522388059701493 0.0615 0.09925373134328358
2 0.8365 0.641044776119403 0.0495 0.09850746268656717
1 0.866 0.21940298507462686 0.024 0.024626865671641792
0 0.69 0.282089552238806 0.043 0.04626865671641791
3 0.6305 0.5514925373134328 0.033 0.13059701492537312
3 0.687 0.5529850746268656 0.0345 0.1208955223880597
3 0.728 0.5932835820895522 0.0375 0.13507462686567165
3 0.8075 0.5902985074626865 0.0335 0.13656716417910447
3 0.452 0.5417910447761194 0.0235 0.12238805970149254
3 0.306 0.5985074626865672 0.027 0.1373134328358209
3 0.9065 0.7507462686567165 0.0505 0.1828358208955224
1 0.151 0.8156716417910448 0.203 0.3111940298507463