1 0.43 0.6208955223880597 0.179 0.24477611940298508
1 0.5405 0.44328358208955226 0.103 0.13582089552238805
1 0.6755 0.3880597014925373 0.0735 0.1791044776119403
4 0.748 0.2716417910447761 0.057 0.10373134328358209
1 0.496 0.8873134328358209 0.358 0.22462686567164178
1 0.025 0.4425373134328358 0.05 0.1208955223880597
2 0.1265 0.7888059701492537 0.106 0.1701492537313433
2 0.1875 0.6477611940298508 0.1025 0.10597014925373134
2 0.0545 0.65 0.0955 0.11044776119402985
2 0.3205 0.6014925373134329 0.08 0.13582089552238805
2 0.6035 0.6067164179104477 0.0455 0.1619402985074627
2 0.642 0.5082089552238805 0.039 0.12238805970149254
3 0.9455 0.7388059701492538 0.0635 0.15895522388059702
3 0.802 0.8798507462686567 0.0565 0.1746268656716418
3 0.851 0.7156716417910448 0.0575 0.17238805970149254
3 0.828 0.5895522388059702 0.047 0.11791044776119403
3 0.7975 0.47761194029850745 0.0315 0.10597014925373134
3 0.52 0.6582089552238806 0.057 0.1865671641791045
3 0.5525 0.585820895522388 0.0275 0.12985074626865672
3 0.614 0.5552238805970149 0.0415 0.14850746268656717
3 0.321 0.5514925373134328 0.0585 0.16417910447761194
3 0.197 0.5962686567164179 0.052 0.16492537313432837
3 0.1275 0.7276119402985075 0.072 0.20597014925373133
3 0.064 0.6171641791044776 0.067 0.17238805970149254
1 0.851 0.31716417910447764 0.0435 0.10597014925373134