2 0.4155 0.514179104477612 0.0325 0.09850746268656717
2 0.211 0.5261194029850746 0.0335 0.10597014925373134
2 0.129 0.46940298507462686 0.053 0.08507462686567165
2 0.5275 0.3753731343283582 0.0565 0.057462686567164176
2 0.594 0.35447761194029853 0.06 0.048507462686567165
2 0.8105 0.3701492537313433 0.064 0.03805970149253731
3 0.4205 0.4544776119402985 0.0365 0.0664179104477612
3 0.2085 0.46417910447761196 0.03 0.06791044776119402
3 0.129 0.4261194029850746 0.0265 0.07761194029850746
3 0.2125 0.3902985074626866 0.022 0.06791044776119402
3 0.52 0.33805970149253733 0.034 0.07014925373134329
3 0.5835 0.32611940298507464 0.023 0.07761194029850746
3 0.8135 0.34776119402985073 0.0205 0.07761194029850746
0 0.8005 0.2865671641791045 0.21 0.15895522388059702
1 0.991 0.2947761194029851 0.018 0.06044776119402985
1 0.3295 0.2865671641791045 0.074 0.08059701492537313