1 0.734 0.6276119402985074 0.131 0.1925373134328358
1 0.052 0.4671641791044776 0.103 0.12761194029850748
1 0.692 0.33507462686567163 0.075 0.08880597014925373
1 0.5515 0.3932835820895522 0.0825 0.11940298507462686
4 0.775 0.4141791044776119 0.0995 0.15447761194029852
3 0.8445 0.6716417910447762 0.0535 0.13507462686567165
3 0.931 0.9253731343283582 0.08 0.14776119402985075
3 0.7035 0.917910447761194 0.0765 0.15746268656716417
3 0.535 0.6649253731343283 0.0535 0.1761194029850746
2 0.5365 0.7276119402985075 0.0505 0.11716417910447761
2 0.269 0.4425373134328358 0.0575 0.05447761194029851
2 0.841 0.7388059701492538 0.0545 0.10298507462686567
2 0.6275 0.5873134328358209 0.0485 0.09701492537313433
2 0.26 0.7723880597014925 0.082 0.16492537313432837
2 0.1855 0.7231343283582089 0.0835 0.14253731343283582
2 0.499 0.5410447761194029 0.0395 0.07611940298507462
2 0.589 0.5320895522388059 0.0315 0.07835820895522388
2 0.3395 0.5873134328358209 0.05 0.10149253731343283
4 0.75 0.23208955223880598 0.053 0.07985074626865672
2 0.0755 0.8380597014925373 0.1175 0.16567164179104477
2 0.02 0.9485074626865672 0.04 0.09477611940298507
2 0.2345 0.6186567164179104 0.0665 0.08208955223880597
2 0.39 0.4455223880597015 0.066 0.06567164179104477
2 0.4215 0.6320895522388059 0.0875 0.10820895522388059
2 0.3785 0.5828358208955224 0.0295 0.1044776119402985
2 0.556 0.49477611940298505 0.034 0.09104477611940298
2 0.914 0.5477611940298508 0.034 0.08358208955223881
2 0.4765 0.41567164179104477 0.0695 0.06567164179104477
2 0.607 0.42313432835820897 0.028 0.06119402985074627
2 0.869 0.37910447761194027 0.032 0.04253731343283582
2 0.844 0.564179104477612 0.043 0.0664179104477612
2 0.8905 0.4664179104477612 0.0315 0.07388059701492537
2 0.9155 0.3940298507462687 0.0255 0.05223880597014925
2 0.935 0.4388059701492537 0.0245 0.03805970149253731
3 0.8015 0.8977611940298508 0.0585 0.13134328358208955
3 0.0835 0.7917910447761194 0.042 0.191044776119403
3 0.259 0.7156716417910448 0.0405 0.17164179104477612
3 0.178 0.6746268656716418 0.037 0.19402985074626866
3 0.2325 0.5828358208955224 0.0315 0.12835820895522387
3 0.267 0.41119402985074627 0.0225 0.11641791044776119
3 0.345 0.5470149253731343 0.026 0.11716417910447761
3 0.4165 0.582089552238806 0.033 0.11641791044776119
3 0.3935 0.5231343283582089 0.0205 0.06343283582089553
3 0.394 0.417910447761194 0.019 0.07985074626865672
3 0.4795 0.40671641791044777 0.023 0.10223880597014925
3 0.4375 0.4992537313432836 0.033 0.13880597014925372
3 0.502 0.49776119402985075 0.0235 0.09776119402985074
3 0.568 0.4380597014925373 0.017 0.07164179104477612
3 0.5935 0.4955223880597015 0.0175 0.11641791044776119
3 0.634 0.5373134328358209 0.023 0.11641791044776119
3 0.915 0.49402985074626865 0.027 0.06865671641791045
3 0.6105 0.38731343283582087 0.0235 0.04328358208955224
3 0.6325 0.3455223880597015 0.0205 0.034328358208955224
3 0.8655 0.34328358208955223 0.02 0.07462686567164178
3 0.9375 0.38656716417910447 0.0225 0.0626865671641791
3 0.915 0.3373134328358209 0.024 0.0626865671641791
3 0.886 0.41492537313432837 0.0245 0.05373134328358209
3 0.849 0.5 0.0335 0.06567164179104477