1 0.651 0.4992537313432836 0.0705 0.14029850746268657
1 0.9195 0.8417910447761194 0.161 0.3164179104477612
1 0.704 0.8828358208955224 0.185 0.2335820895522388
1 0.807 0.6432835820895523 0.137 0.21791044776119403
1 0.7565 0.47761194029850745 0.105 0.15223880597014924
1 0.7485 0.39104477611940297 0.0705 0.08432835820895522
1 0.6395 0.2619402985074627 0.0375 0.06567164179104477
1 0.711 0.30895522388059704 0.055 0.05970149253731343
1 0.713 0.3686567164179104 0.0465 0.08582089552238806
1 0.6975 0.2716417910447761 0.041 0.05223880597014925
1 0.6795 0.2298507462686567 0.033 0.056716417910447764
1 0.6355 0.19925373134328359 0.0295 0.030597014925373135
1 0.642 0.1761194029850746 0.028 0.03656716417910448
1 0.622 0.1417910447761194 0.023 0.023134328358208955
1 0.5935 0.15149253731343285 0.023 0.030597014925373135
2 0.969 0.7089552238805971 0.0575 0.11865671641791045
2 0.8775 0.5701492537313433 0.041 0.09179104477611941
2 0.9345 0.5574626865671641 0.0385 0.09029850746268657
2 0.8365 0.4097014925373134 0.031 0.06865671641791045
2 0.812 0.3649253731343284 0.019 0.05522388059701493
3 0.9325 0.5246268656716417 0.0285 0.10970149253731343
3 0.851 0.982089552238806 0.058 0.03582089552238806
3 0.8385 0.9604477611940299 0.05 0.0791044776119403
3 0.9655 0.6567164179104478 0.045 0.11567164179104478
3 0.886 0.5365671641791044 0.037 0.10074626865671642
3 0.88 0.45 0.0255 0.06119402985074627
3 0.8365 0.37089552238805973 0.0255 0.05
3 0.812 0.33880597014925373 0.022 0.05223880597014925
3 0.7665 0.33507462686567163 0.026 0.03955223880597015