1 0.5185 0.5 0.1025 0.17686567164179104
1 0.5795 0.33507462686567163 0.0755 0.08955223880597014
1 0.2155 0.3723880597014925 0.1055 0.09402985074626866
1 0.6155 0.27238805970149255 0.0325 0.05970149253731343
3 0.92 0.6805970149253732 0.044 0.18358208955223881
3 0.7875 0.6873134328358209 0.038 0.14328358208955225
3 0.7935 0.6440298507462686 0.044 0.11716417910447761
3 0.6765 0.6634328358208955 0.055 0.1328358208955224
3 0.572 0.8977611940298508 0.057 0.17761194029850746
3 0.581 0.8649253731343284 0.057 0.1791044776119403
3 0.732 0.508955223880597 0.0325 0.08358208955223881
3 0.815 0.4552238805970149 0.027 0.07238805970149254
3 0.788 0.38656716417910447 0.027 0.06194029850746269
3 0.6925 0.3843283582089552 0.0285 0.06044776119402985
3 0.9175 0.3850746268656716 0.026 0.04477611940298507
3 0.9755 0.4470149253731343 0.027 0.0664179104477612
3 0.4475 0.3656716417910448 0.021 0.06044776119402985
3 0.3825 0.3619402985074627 0.027 0.06194029850746269
3 0.4135 0.2962686567164179 0.018 0.03731343283582089
3 0.467 0.29701492537313434 0.0245 0.03880597014925373
2 0.441 0.3888059701492537 0.0495 0.05522388059701493
2 0.3715 0.3843283582089552 0.057 0.04626865671641791
2 0.5745 0.9417910447761194 0.0845 0.11567164179104478
2 0.675 0.7291044776119403 0.0485 0.15074626865671642
2 0.791 0.7305970149253731 0.07 0.15298507462686567
2 0.8155 0.49328358208955225 0.021 0.07835820895522388
2 0.734 0.567910447761194 0.047 0.11417910447761194
2 0.689 0.4216417910447761 0.0245 0.06492537313432836
2 0.786 0.42686567164179107 0.0315 0.058208955223880594
2 0.914 0.4216417910447761 0.03 0.06492537313432836
2 0.977 0.48059701492537316 0.039 0.05970149253731343
2 0.781 0.33507462686567163 0.0185 0.03208955223880597
2 0.6425 0.32985074626865674 0.021 0.04328358208955224
2 0.301 0.31791044776119404 0.0365 0.026119402985074626
2 0.265 0.3291044776119403 0.0405 0.027611940298507463