1 0.779 0.5298507462686567 0.147 0.2880597014925373
1 0.488 0.5455223880597015 0.152 0.2574626865671642
1 0.847 0.3567164179104478 0.0685 0.08432835820895522
1 0.1715 0.8238805970149253 0.343 0.3522388059701492
4 0.759 0.2880597014925373 0.0985 0.1761194029850746
0 0.9035 0.2708955223880597 0.0675 0.13059701492537312
2 0.837 0.95 0.0755 0.1
2 0.3915 0.8514925373134329 0.062 0.20671641791044776
2 0.477 0.7761194029850746 0.049 0.1873134328358209
2 0.3675 0.5738805970149253 0.05 0.11044776119402985
2 0.5965 0.6716417910447762 0.0455 0.1291044776119403
2 0.917 0.7044776119402985 0.031 0.10149253731343283
2 0.8745 0.6470149253731343 0.0425 0.1291044776119403
2 0.915 0.5447761194029851 0.0205 0.07537313432835821
2 0.046 0.7902985074626866 0.0415 0.14850746268656717
2 0.1685 0.6902985074626866 0.04 0.07985074626865672
3 0.2705 0.6246268656716418 0.044 0.08432835820895522
3 0.3815 0.8216417910447761 0.0585 0.20223880597014926
3 0.3985 0.7910447761194029 0.0415 0.19925373134328359
3 0.46 0.7440298507462687 0.0605 0.1582089552238806
3 0.84 0.8761194029850746 0.058 0.18582089552238806
3 0.8355 0.8641791044776119 0.0555 0.18582089552238806
3 0.3295 0.9485074626865672 0.069 0.10223880597014925
3 0.362 0.5447761194029851 0.0345 0.1253731343283582
3 0.1775 0.6462686567164179 0.0365 0.11044776119402985
3 0.204 0.6402985074626866 0.0335 0.1044776119402985
3 0.069 0.7126865671641791 0.054 0.14701492537313432
3 0.924 0.4798507462686567 0.0415 0.08880597014925373
3 0.609 0.514179104477612 0.053 0.09029850746268657
3 0.5965 0.5940298507462687 0.0375 0.10149253731343283