0 0.295 0.29328358208955224 0.1685 0.14850746268656717
1 0.038 0.31417910447761194 0.076 0.0873134328358209
2 0.286 0.758955223880597 0.092 0.08059701492537313
2 0.534 0.664179104477612 0.0745 0.0708955223880597
2 0.596 0.5567164179104478 0.054 0.07238805970149254
2 0.847 0.65 0.0645 0.08358208955223881
2 0.7385 0.5850746268656717 0.0695 0.0664179104477612
2 0.8605 0.9835820895522388 0.1025 0.03283582089552239
2 0.9355 0.8432835820895522 0.0645 0.12313432835820895
2 0.8185 0.8059701492537313 0.0305 0.10895522388059702
2 0.7175 0.8186567164179105 0.0975 0.11417910447761194
2 0.444 0.594776119402985 0.07 0.07238805970149254
2 0.6335 0.7708955223880597 0.088 0.07686567164179105
2 0.8485 0.917910447761194 0.092 0.11044776119402985
3 0.851 0.8761194029850746 0.0395 0.1335820895522388
3 0.879 0.8611940298507462 0.023 0.11716417910447761
3 0.827 0.7246268656716418 0.039 0.0626865671641791
3 0.7345 0.7835820895522388 0.0375 0.13134328358208955
3 0.5295 0.6320895522388059 0.0275 0.10522388059701493
3 0.277 0.7305970149253731 0.025 0.11492537313432835
3 0.5965 0.5380597014925373 0.024 0.08507462686567165
3 0.9185 0.7104477611940299 0.034 0.07014925373134329
3 0.639 0.7313432835820896 0.038 0.11492537313432835