3 0.3045 0.7 0.045 0.17388059701492536
3 0.4825 0.6835820895522388 0.041 0.17686567164179104
3 0.544 0.6686567164179105 0.0295 0.1582089552238806
3 0.5785 0.6805970149253732 0.041 0.15223880597014924
3 0.5755 0.6 0.001 0.014925373134328358
3 0.8825 0.7843283582089552 0.0605 0.22164179104477613
3 0.9925 0.8925373134328358 0.015 0.21492537313432836
3 0.1725 0.5925373134328358 0.0355 0.10746268656716418
3 0.2795 0.6156716417910447 0.039 0.11940298507462686
3 0.3545 0.6134328358208955 0.0655 0.18134328358208956
3 0.0855 0.5410447761194029 0.035 0.12686567164179105
3 0.1205 0.5343283582089552 0.0325 0.11044776119402985
3 0.401 0.5447761194029851 0.0305 0.15223880597014924
3 0.422 0.5402985074626866 0.0425 0.14925373134328357
3 0.54 0.5477611940298508 0.0475 0.12835820895522387
3 0.5195 0.5574626865671641 0.0365 0.1417910447761194
3 0.6225 0.594776119402985 0.0185 0.16940298507462687
3 0.6455 0.6014925373134329 0.0375 0.14477611940298507
3 0.7945 0.6373134328358209 0.055 0.13880597014925372
3 0.677 0.7574626865671642 0.0525 0.22761194029850745
3 0.713 0.6843283582089552 0.0315 0.1873134328358209
3 0.7435 0.6746268656716418 0.0315 0.15223880597014924
2 0.0965 0.6029850746268657 0.0585 0.11791044776119403
2 0.128 0.573134328358209 0.056 0.10149253731343283
2 0.1815 0.6686567164179105 0.067 0.14626865671641792
2 0.312 0.7485074626865672 0.0995 0.14925373134328357
2 0.3555 0.658955223880597 0.0655 0.1253731343283582
2 0.497 0.7365671641791045 0.1155 0.14925373134328357
2 0.58 0.7298507462686568 0.102 0.14328358208955225
2 0.6925 0.8186567164179105 0.1435 0.1843283582089552
2 0.8835 0.8492537313432836 0.147 0.16791044776119404
2 0.9665 0.9432835820895522 0.0665 0.11343283582089553
2 0.411 0.5723880597014925 0.083 0.09328358208955224
2 0.738 0.7395522388059701 0.097 0.1373134328358209
2 0.798 0.6850746268656717 0.103 0.14626865671641792
1 0.6175 0.34626865671641793 0.078 0.1328358208955224
1 0.693 0.35447761194029853 0.085 0.1253731343283582
0 0.6825 0.24253731343283583 0.0935 0.1044776119402985