1 0.2625 0.8305970149253732 0.4055 0.33880597014925373
1 0.537 0.03582089552238806 0.0735 0.07164179104477612
1 0.963 0.8895522388059701 0.0735 0.22014925373134328
2 0.605 0.7985074626865671 0.1555 0.15447761194029852
2 0.1845 0.9701492537313433 0.178 0.05970149253731343
2 0.0465 0.6276119402985074 0.093 0.11119402985074626
2 0.4655 0.7104477611940299 0.13 0.12985074626865672
2 0.374 0.4798507462686567 0.1085 0.1328358208955224
2 0.274 0.5029850746268657 0.1035 0.12985074626865672
2 0.1805 0.5567164179104478 0.1205 0.1126865671641791
2 0.429 0.2738805970149254 0.047 0.14253731343283582
2 0.5385 0.24104477611940298 0.033 0.10970149253731343
2 0.766 0.2671641791044776 0.047 0.13805970149253732
2 0.467 0.15970149253731344 0.0355 0.10522388059701493
2 0.4765 0.6067164179104477 0.14 0.11417910447761194
2 0.753 0.6082089552238806 0.145 0.13955223880597015
2 0.729 0.7097014925373134 0.143 0.11940298507462686
2 0.9545 0.7343283582089553 0.091 0.12835820895522387
2 0.833 0.8328358208955224 0.185 0.14850746268656717
2 0.9825 0.5888059701492537 0.0345 0.14850746268656717
3 0.536 0.16492537313432837 0.0365 0.07611940298507462
3 0.423 0.21865671641791046 0.0485 0.0962686567164179
3 0.4605 0.0962686567164179 0.032 0.07761194029850746
3 0.536 0.20298507462686566 0.033 0.03731343283582089
3 0.7705 0.22462686567164178 0.0355 0.11119402985074626
3 0.9825 0.6940298507462687 0.0345 0.16567164179104477
3 0.832 0.7902985074626866 0.0905 0.19328358208955224
3 0.613 0.7671641791044777 0.0625 0.19328358208955224
3 0.641 0.7619402985074627 0.058 0.19029850746268656
3 0.7365 0.6798507462686567 0.0495 0.16865671641791044
3 0.7595 0.564179104477612 0.054 0.18134328358208956
3 0.521 0.5701492537313433 0.059 0.15970149253731344
3 0.486 0.5805970149253732 0.0425 0.16119402985074627
3 0.457 0.6619402985074627 0.0615 0.1843283582089552
3 0.2585 0.4664179104477612 0.0375 0.15
3 0.2945 0.46940298507462686 0.0485 0.14850746268656717
3 0.168 0.5231343283582089 0.0425 0.13955223880597015
3 0.2065 0.5186567164179104 0.034 0.12985074626865672
3 0.03 0.5902985074626865 0.0595 0.18059701492537314
3 0.1735 0.9365671641791045 0.089 0.12611940298507462
2 0.9915 0.4417910447761194 0.0165 0.16567164179104477
2 0.838 0.2044776119402985 0.0415 0.12686567164179105
2 0.8365 0.12462686567164179 0.046 0.06940298507462686
2 0.1605 0.21940298507462686 0.105 0.11567164179104478