2 0.3075 0.7992537313432836 0.0425 0.15223880597014924
2 0.1005 0.5470149253731343 0.0465 0.10522388059701493
2 0.1795 0.4716417910447761 0.0385 0.07238805970149254
2 0.234 0.42313432835820897 0.0325 0.06343283582089553
2 0.0575 0.4082089552238806 0.0225 0.06044776119402985
2 0.6275 0.38283582089552237 0.049 0.049253731343283584
2 0.584 0.3694029850746269 0.0525 0.04328358208955224
3 0.3055 0.7067164179104478 0.056 0.13059701492537312
3 0.1055 0.44477611940298506 0.044 0.05149253731343283
3 0.1015 0.49850746268656715 0.036 0.06044776119402985
3 0.1825 0.4261194029850746 0.0375 0.057462686567164176
3 0.0585 0.373134328358209 0.02 0.05
3 0.2385 0.3850746268656716 0.0185 0.05298507462686567
3 0.295 0.3895522388059702 0.0225 0.055970149253731345
3 0.4835 0.32313432835820893 0.0215 0.04477611940298507
3 0.5785 0.3582089552238806 0.0215 0.07686567164179105
3 0.6185 0.3738805970149254 0.0235 0.07835820895522388
3 0.724 0.3358208955223881 0.021 0.06343283582089553
1 0.812 0.39104477611940297 0.0915 0.09776119402985074
1 0.8915 0.3850746268656716 0.0875 0.08880597014925373
1 0.8105 0.3291044776119403 0.075 0.06194029850746269
1 0.7225 0.31865671641791044 0.066 0.06492537313432836
1 0.5745 0.2992537313432836 0.0885 0.05
1 0.381 0.26865671641791045 0.0365 0.05149253731343283
1 0.3355 0.2738805970149254 0.0375 0.05298507462686567
1 0.2105 0.2865671641791045 0.0315 0.0664179104477612