1 0.503 0.4470149253731343 0.0945 0.14328358208955225
1 0.419 0.3843283582089552 0.1035 0.07611940298507462
1 0.3795 0.3522388059701492 0.109 0.06716417910447761
1 0.3015 0.32686567164179103 0.0625 0.05522388059701493
1 0.4175 0.31044776119402984 0.098 0.04253731343283582
1 0.2105 0.3701492537313433 0.08 0.08283582089552238
1 0.197 0.3447761194029851 0.081 0.07164179104477612
1 0.055 0.4007462686567164 0.1095 0.10223880597014925
2 0.891 0.5014925373134328 0.072 0.08432835820895522
3 0.895 0.48208955223880595 0.024 0.09402985074626866
2 0.7765 0.46865671641791046 0.026 0.07238805970149254
2 0.8035 0.3805970149253731 0.0215 0.05373134328358209
2 0.7615 0.4261194029850746 0.025 0.06791044776119402
2 0.8625 0.3932835820895522 0.0215 0.05447761194029851
2 0.9075 0.3843283582089552 0.0255 0.05895522388059701
2 0.675 0.373134328358209 0.0165 0.049253731343283584
2 0.6305 0.32686567164179103 0.0155 0.04701492537313433
3 0.6755 0.3402985074626866 0.0175 0.03731343283582089
3 0.7635 0.38656716417910447 0.022 0.04701492537313433
3 0.388 0.4126865671641791 0.0215 0.08656716417910448
2 0.2355 0.43955223880597016 0.0605 0.07686567164179105
2 0.172 0.48582089552238805 0.0715 0.08880597014925373
1 0.125 0.3447761194029851 0.0735 0.06791044776119402
3 0.1715 0.4671641791044776 0.0245 0.09029850746268657
3 0.2355 0.42313432835820897 0.0225 0.07985074626865672