1 0.7965 0.29328358208955224 0.1285 0.12462686567164179
2 0.85 0.9134328358208955 0.056 0.17313432835820897
2 0.628 0.6798507462686567 0.0525 0.15746268656716417
2 0.727 0.6850746268656717 0.0445 0.15895522388059702
2 0.737 0.5350746268656716 0.039 0.11492537313432835
2 0.893 0.3455223880597015 0.0725 0.07164179104477612
2 0.984 0.37089552238805973 0.032 0.08208955223880597
2 0.357 0.4052238805970149 0.0305 0.0873134328358209
2 0.4085 0.4537313432835821 0.0515 0.10746268656716418
2 0.7115 0.408955223880597 0.0485 0.09477611940298507
2 0.439 0.8194029850746268 0.0915 0.18208955223880596
2 0.538 0.7656716417910447 0.0495 0.1746268656716418
3 0.367 0.9634328358208956 0.0825 0.07313432835820896
3 0.634 0.5776119402985075 0.0535 0.10597014925373134
3 0.546 0.6514925373134328 0.0615 0.12761194029850748
3 0.447 0.7104477611940299 0.0705 0.1962686567164179
3 0.735 0.5708955223880597 0.042 0.11194029850746269
3 0.7545 0.458955223880597 0.0395 0.09776119402985074
3 0.7135 0.3529850746268657 0.033 0.07164179104477612
3 0.402 0.40373134328358207 0.0325 0.0962686567164179
3 0.356 0.3485074626865672 0.0325 0.07761194029850746
3 0.918 0.31791044776119404 0.0275 0.09029850746268657
3 0.8965 0.33059701492537313 0.017 0.11641791044776119
3 0.99 0.31865671641791044 0.0195 0.06567164179104477