1 0.8825 0.7268656716417911 0.2 0.2044776119402985
1 0.7275 0.5529850746268656 0.152 0.11492537313432835
1 0.5375 0.5574626865671641 0.116 0.1791044776119403
1 0.556 0.4216417910447761 0.1015 0.1335820895522388
1 0.4685 0.35447761194029853 0.072 0.09104477611940298
1 0.427 0.4671641791044776 0.0645 0.15223880597014924
1 0.393 0.3880597014925373 0.084 0.11791044776119403
1 0.3265 0.3238805970149254 0.0425 0.06940298507462686
1 0.433 0.3074626865671642 0.0605 0.06567164179104477
1 0.991 0.8798507462686567 0.018 0.17238805970149254
1 0.8695 0.926865671641791 0.261 0.14626865671641792
1 0.66 0.7179104477611941 0.2455 0.32985074626865674
0 0.364 0.23656716417910448 0.116 0.14477611940298507
3 0.206 0.6037313432835821 0.039 0.08134328358208955
3 0.178 0.44402985074626866 0.036 0.0708955223880597
2 0.21 0.6522388059701493 0.037 0.05522388059701493
2 0.183 0.4880597014925373 0.0225 0.0626865671641791