1 0.643 0.8940298507462686 0.227 0.21119402985074626
1 0.9035 0.8977611940298508 0.193 0.2044776119402985
1 0.261 0.9134328358208955 0.146 0.17313432835820897
1 0.451 0.4843283582089552 0.0715 0.12462686567164179
1 0.552 0.5410447761194029 0.088 0.11119402985074626
2 0.06 0.826865671641791 0.0385 0.1328358208955224
2 0.0095 0.7455223880597015 0.019 0.1253731343283582
2 0.122 0.608955223880597 0.0435 0.10671641791044777
2 0.2485 0.4470149253731343 0.029 0.06567164179104477
3 0.07 0.741044776119403 0.0445 0.07313432835820896
3 0.0175 0.6574626865671642 0.035 0.07462686567164178
3 0.1245 0.5447761194029851 0.0265 0.04626865671641791
2 0.8465 0.9574626865671642 0.069 0.08507462686567165
2 0.6865 0.7664179104477612 0.0325 0.07985074626865672