1 0.244 0.9149253731343283 0.394 0.1701492537313433
1 0.831 0.9529850746268657 0.338 0.09328358208955224
1 0.74 0.8022388059701493 0.3785 0.2738805970149254
1 0.507 0.38731343283582087 0.18 0.2455223880597015
1 0.609 0.1791044776119403 0.0965 0.1701492537313433
1 0.4925 0.11417910447761194 0.0795 0.15074626865671642
2 0.2695 0.7417910447761195 0.1225 0.1417910447761194
2 0.404 0.6753731343283582 0.139 0.1373134328358209
2 0.542 0.6291044776119403 0.1015 0.13432835820895522
2 0.6685 0.6082089552238806 0.11 0.0955223880597015
2 0.7715 0.5805970149253732 0.1045 0.12388059701492538
2 0.043 0.7955223880597015 0.086 0.12686567164179105
3 0.264 0.676865671641791 0.036 0.1253731343283582
3 0.293 0.6716417910447762 0.036 0.13582089552238805
3 0.0215 0.7298507462686568 0.043 0.1291044776119403
3 0.4225 0.6447761194029851 0.035 0.14776119402985075
3 0.3605 0.5604477611940298 0.0485 0.11641791044776119
3 0.336 0.43955223880597016 0.031 0.1253731343283582
3 0.324 0.3335820895522388 0.048 0.10895522388059702
3 0.383 0.208955223880597 0.035 0.10149253731343283
3 0.272 0.5194029850746269 0.047 0.15671641791044777
3 0.6755 0.24029850746268658 0.0485 0.08358208955223881
3 0.79 0.4082089552238806 0.041 0.11641791044776119
3 0.928 0.6216417910447761 0.0335 0.12835820895522387
3 0.5585 0.5619402985074626 0.048 0.14029850746268657
3 0.96 0.6208955223880597 0.031 0.1328358208955224