1 0.1535 0.7514925373134328 0.1665 0.23582089552238805
1 0.5635 0.6738805970149254 0.1265 0.1917910447761194
1 0.578 0.417910447761194 0.061 0.08358208955223881
1 0.672 0.43208955223880596 0.05 0.08880597014925373
1 0.232 0.5649253731343283 0.1295 0.14477611940298507
1 0.6825 0.3447761194029851 0.043 0.06791044776119402
3 0.702 0.6604477611940298 0.0365 0.0955223880597015
3 0.2475 0.7708955223880597 0.043 0.10820895522388059
3 0.1095 0.9343283582089552 0.064 0.13134328358208955
3 0.7205 0.8850746268656716 0.044 0.1291044776119403
3 0.7585 0.5432835820895522 0.028 0.06119402985074627
3 0.742 0.4619402985074627 0.0225 0.05447761194029851
2 0.121 0.9529850746268657 0.065 0.09328358208955224
2 0.249 0.8514925373134329 0.044 0.07761194029850746
2 0.7135 0.941044776119403 0.0385 0.08208955223880597
2 0.6975 0.7119402985074627 0.032 0.07611940298507462
2 0.76 0.5850746268656717 0.0235 0.05447761194029851
2 0.74 0.5 0.0235 0.05
2 0.7055 0.4634328358208955 0.017 0.04328358208955224
3 0.785 0.9694029850746269 0.0525 0.06119402985074627