1 0.086 0.7902985074626866 0.172 0.3291044776119403
1 0.251 0.4164179104477612 0.061 0.10597014925373134
1 0.3195 0.3567164179104478 0.057 0.1044776119402985
1 0.3485 0.27611940298507465 0.042 0.06417910447761194
3 0.9625 0.9746268656716418 0.041 0.05
3 0.133 0.4305970149253731 0.021 0.041044776119402986
1 0.371 0.16417910447761194 0.0185 0.026119402985074626
3 0.249 0.34253731343283583 0.014 0.03656716417910448
3 0.0785 0.49477611940298505 0.0245 0.07238805970149254
3 0.1615 0.45149253731343286 0.016 0.05149253731343283
3 0.1735 0.4007462686567164 0.0145 0.041044776119402986
3 0.1425 0.3604477611940298 0.0185 0.05223880597014925
3 0.209 0.3597014925373134 0.0305 0.04477611940298507
3 0.218 0.2992537313432836 0.021 0.04626865671641791
3 0.475 0.28134328358208954 0.0175 0.04029850746268657
3 0.588 0.37910447761194027 0.018 0.04328358208955224
3 0.627 0.4537313432835821 0.0275 0.04552238805970149
3 0.5935 0.6179104477611941 0.046 0.07388059701492537
3 0.759 0.9440298507462687 0.05 0.11194029850746269
3 0.754 0.9216417910447762 0.036 0.10298507462686567
3 0.81 0.9119402985074627 0.041 0.13507462686567165
3 0.924 0.9574626865671642 0.0435 0.08432835820895522
3 0.5385 0.4164179104477612 0.021 0.05149253731343283
3 0.5715 0.5044776119402985 0.028 0.06567164179104477
3 0.495 0.24253731343283583 0.015 0.023880597014925373
3 0.2975 0.26044776119402985 0.0135 0.023880597014925373
3 0.251 0.25298507462686565 0.0125 0.025373134328358207
2 0.071 0.55 0.0575 0.09104477611940298
2 0.1285 0.4753731343283582 0.0245 0.0791044776119403
2 0.157 0.49701492537313435 0.0245 0.08059701492537313
2 0.1365 0.3925373134328358 0.0345 0.030597014925373135
2 0.2025 0.40298507462686567 0.029 0.050746268656716415
2 0.216 0.32611940298507464 0.0285 0.049253731343283584
2 0.2505 0.3440298507462687 0.011 0.05
2 0.298 0.291044776119403 0.021 0.04477611940298507
2 0.3165 0.24477611940298508 0.015 0.048507462686567165
2 0.581 0.6791044776119403 0.044 0.1
2 0.819 0.9679104477611941 0.0565 0.06417910447761194
2 0.8995 0.9634328358208956 0.0465 0.07313432835820896
1 0.3525 0.15298507462686567 0.021 0.04776119402985075
2 0.5345 0.45597014925373136 0.0305 0.05522388059701493
2 0.5665 0.5462686567164179 0.035 0.05373134328358209