3 0.319 0.34776119402985073 0.0245 0.05522388059701493
3 0.4885 0.37910447761194027 0.02 0.07462686567164178
3 0.4015 0.3611940298507463 0.0275 0.07313432835820896
3 0.3415 0.3328358208955224 0.022 0.07014925373134329
3 0.6365 0.4417910447761194 0.0295 0.10149253731343283
3 0.834 0.4880597014925373 0.018 0.09253731343283582
3 0.8835 0.5305970149253731 0.0445 0.11119402985074626
3 0.2065 0.30074626865671644 0.014 0.04253731343283582
2 0.6375 0.47238805970149256 0.0665 0.07014925373134329
2 0.4965 0.408955223880597 0.05 0.06791044776119402
2 0.4065 0.39104477611940297 0.049 0.07014925373134329
2 0.321 0.3850746268656716 0.049 0.050746268656716415
2 0.3435 0.3611940298507463 0.0355 0.04776119402985075
2 0.2105 0.3276119402985075 0.034 0.05373134328358209
2 0.1255 0.3723880597014925 0.03 0.055970149253731345
2 0.8925 0.5701492537313433 0.0735 0.08582089552238806
2 0.8295 0.5104477611940299 0.0595 0.0791044776119403
1 0.7275 0.4216417910447761 0.1545 0.12985074626865672
1 0.314 0.282089552238806 0.054 0.04253731343283582
1 0.6705 0.31716417910447764 0.041 0.0664179104477612
1 0.6365 0.26791044776119405 0.031 0.05522388059701493
1 0.9765 0.5470149253731343 0.047 0.14850746268656717
1 0.239 0.27238805970149255 0.1265 0.09850746268656717
3 0.1155 0.34328358208955223 0.0255 0.05522388059701493