1 0.239 0.8335820895522388 0.213 0.3328358208955224
1 0.55 0.7171641791044776 0.236 0.34328358208955223
1 0.1385 0.3850746268656716 0.0665 0.10820895522388059
1 0.302 0.3537313432835821 0.089 0.09850746268656717
1 0.21 0.32164179104477614 0.058 0.10074626865671642
2 0.369 0.6902985074626866 0.0315 0.09253731343283582
3 0.3725 0.5970149253731343 0.0405 0.09477611940298507
2 0.8205 0.8947761194029851 0.0335 0.17686567164179104
2 0.8725 0.917910447761194 0.0425 0.12388059701492538
2 0.6995 0.7865671641791044 0.0445 0.15597014925373134
2 0.761 0.7082089552238806 0.041 0.13955223880597015
3 0.069 0.9171641791044776 0.0645 0.13955223880597015
3 0.9855 0.8328358208955224 0.0285 0.11194029850746269
3 0.9465 0.8029850746268656 0.032 0.10522388059701493
3 0.869 0.8044776119402985 0.057 0.11641791044776119
3 0.8025 0.7843283582089552 0.0475 0.0955223880597015
3 0.7435 0.6253731343283582 0.0385 0.08955223880597014
3 0.8375 0.6313432835820896 0.039 0.08656716417910448
3 0.7925 0.5708955223880597 0.0295 0.07835820895522388