1 0.4605 0.7074626865671642 0.301 0.35447761194029853
1 0.3605 0.46417910447761196 0.2025 0.27238805970149255
1 0.51 0.1843283582089552 0.093 0.22611940298507463
1 0.0365 0.5619402985074626 0.073 0.3656716417910448
2 0.692 0.4470149253731343 0.0665 0.14701492537313432
2 0.692 0.2656716417910448 0.036 0.07388059701492537
2 0.9145 0.44477611940298506 0.0225 0.1582089552238806
2 0.401 0.30970149253731344 0.044 0.0664179104477612
2 0.438 0.15671641791044777 0.0335 0.08358208955223881
2 0.7795 0.24925373134328357 0.0625 0.17388059701492536
3 0.594 0.3656716417910448 0.0385 0.14850746268656717
3 0.3955 0.2708955223880597 0.0375 0.12761194029850748
3 0.699 0.39925373134328357 0.043 0.1373134328358209
3 0.4385 0.10970149253731343 0.0405 0.08059701492537313