3 0.721 0.7850746268656716 0.0475 0.11940298507462686
3 0.702 0.514179104477612 0.0305 0.0962686567164179
3 0.821 0.4305970149253731 0.027 0.05895522388059701
3 0.9075 0.48134328358208955 0.0375 0.0708955223880597
3 0.802 0.37089552238805973 0.0245 0.04776119402985075
3 0.059 0.3455223880597015 0.0225 0.0708955223880597
3 0.3575 0.27238805970149255 0.0225 0.05223880597014925
3 0.465 0.2753731343283582 0.015 0.03731343283582089
3 0.4955 0.2835820895522388 0.0225 0.04328358208955224
3 0.539 0.2835820895522388 0.019 0.034328358208955224
3 0.609 0.3574626865671642 0.027 0.04626865671641791
2 0.717 0.8925373134328358 0.0695 0.17164179104477612
2 0.702 0.5783582089552238 0.0345 0.09776119402985074
2 0.8225 0.48208955223880595 0.027 0.10074626865671642
2 0.909 0.5231343283582089 0.0415 0.08358208955223881
2 0.89 0.43507462686567167 0.0305 0.06194029850746269
2 0.801 0.41044776119402987 0.0305 0.055970149253731345
2 0.6065 0.4052238805970149 0.0285 0.06044776119402985
2 0.642 0.3694029850746269 0.046 0.050746268656716415
2 0.5415 0.34328358208955223 0.028 0.04477611940298507
2 0.6735 0.34776119402985073 0.031 0.03880597014925373
2 0.6985 0.32985074626865674 0.027 0.034328358208955224
2 0.959 0.3940298507462687 0.019 0.05447761194029851
1 0.247 0.3402985074626866 0.1155 0.08955223880597014
1 0.235 0.2671641791044776 0.079 0.06044776119402985
3 0.1935 0.3335820895522388 0.0155 0.057462686567164176