1 0.1425 0.43507462686567167 0.1065 0.13955223880597015
1 0.343 0.3440298507462687 0.0495 0.11567164179104478
1 0.4165 0.341044776119403 0.0665 0.10373134328358209
1 0.617 0.30970149253731344 0.0945 0.08656716417910448
1 0.7705 0.29776119402985074 0.0745 0.09104477611940298
1 0.974 0.35522388059701493 0.048 0.0880597014925373
2 0.3405 0.5044776119402985 0.103 0.08582089552238806
2 0.104 0.5276119402985074 0.053 0.0873134328358209
2 0.2345 0.491044776119403 0.0385 0.10746268656716418
3 0.234 0.4417910447761194 0.035 0.11343283582089553
3 0.412 0.44776119402985076 0.0405 0.1
1 0.402 0.26940298507462684 0.0375 0.07014925373134329
3 0.714 0.3574626865671642 0.0225 0.07761194029850746
3 0.341 0.4917910447761194 0.0405 0.1253731343283582
2 0.4165 0.467910447761194 0.069 0.0873134328358209