1 0.903 0.7753731343283582 0.194 0.38283582089552237
1 0.485 0.4634328358208955 0.115 0.1619402985074627
1 0.4235 0.31716417910447764 0.0605 0.07761194029850746
1 0.883 0.40373134328358207 0.11 0.1126865671641791
1 0.5985 0.2791044776119403 0.0525 0.056716417910447764
2 0.254 0.5761194029850746 0.0305 0.10970149253731343
2 0.139 0.5119402985074627 0.074 0.08208955223880597
3 0.1335 0.49477611940298505 0.037 0.11716417910447761
3 0.253 0.5231343283582089 0.0345 0.07761194029850746
3 0.616 0.3567164179104478 0.022 0.07462686567164178
3 0.6505 0.34328358208955223 0.022 0.08582089552238806