3 0.0905 0.4126865671641791 0.0265 0.13805970149253732
3 0.668 0.5164179104477612 0.0365 0.1335820895522388
3 0.5685 0.28880597014925374 0.02 0.04701492537313433
3 0.627 0.282089552238806 0.022 0.041044776119402986
3 0.803 0.27238805970149255 0.025 0.04328358208955224
3 0.8535 0.2537313432835821 0.017 0.03955223880597015
3 0.777 0.22462686567164178 0.017 0.041044776119402986
2 0.568 0.3365671641791045 0.023 0.07462686567164178
2 0.624 0.32686567164179103 0.0215 0.06716417910447761
2 0.8015 0.3156716417910448 0.021 0.048507462686567165
2 0.775 0.25671641791044775 0.0175 0.034328358208955224
2 0.851 0.2880597014925373 0.0175 0.03805970149253731
2 0.828 0.26791044776119405 0.0145 0.03208955223880597
2 0.667 0.5559701492537313 0.073 0.13059701492537312
2 0.2685 0.3119402985074627 0.0345 0.06119402985074627
2 0.2965 0.2947761194029851 0.0205 0.04776119402985075
2 0.1335 0.26791044776119405 0.0245 0.04328358208955224
2 0.004 0.2537313432835821 0.0075 0.058208955223880594