1 0.3045 0.34253731343283583 0.0745 0.10970149253731343
1 0.218 0.24701492537313433 0.046 0.056716417910447764
2 0.486 0.7097014925373134 0.111 0.12238805970149254
1 0.361 0.33059701492537313 0.068 0.08134328358208955
1 0.1575 0.29253731343283584 0.045 0.05970149253731343
1 0.1175 0.21417910447761193 0.03 0.05
2 0.3375 0.7097014925373134 0.049 0.13880597014925372
3 0.359 0.6134328358208955 0.04 0.08656716417910448
3 0.3895 0.6462686567164179 0.0245 0.1664179104477612
2 0.661 0.7925373134328358 0.1075 0.11940298507462686
3 0.6675 0.735820895522388 0.0425 0.1791044776119403
3 0.696 0.7201492537313433 0.027 0.17238805970149254
3 0.5365 0.5388059701492537 0.033 0.09253731343283582
3 0.495 0.6514925373134328 0.053 0.16865671641791044
3 0.402 0.46492537313432836 0.027 0.10671641791044777
3 0.385 0.43955223880597016 0.0335 0.050746268656716415
2 0.855 0.6328358208955224 0.0605 0.11492537313432835
2 0.935 0.6313432835820896 0.038 0.0955223880597015
2 0.807 0.5962686567164179 0.054 0.10074626865671642