1 0.493 0.8805970149253731 0.3465 0.23880597014925373
2 0.7145 0.6902985074626866 0.1305 0.09850746268656717
2 0.789 0.8470149253731343 0.144 0.10522388059701493
2 0.568 0.7201492537313433 0.1225 0.10223880597014925
3 0.4435 0.7059701492537314 0.0745 0.15149253731343285
2 0.96 0.7798507462686567 0.08 0.09701492537313433
2 0.4315 0.7485074626865672 0.123 0.08358208955223881
3 0.7915 0.7985074626865671 0.0685 0.14626865671641792
2 0.109 0.6619402985074627 0.1145 0.12835820895522387
3 0.7185 0.6477611940298508 0.0605 0.13805970149253732
2 0.158 0.49776119402985075 0.065 0.08955223880597014
3 0.1015 0.65 0.07 0.18880597014925374
3 0.4065 0.5895522388059702 0.0655 0.19402985074626866
3 0.637 0.5708955223880597 0.052 0.1761194029850746
3 0.8075 0.8 0.038 0.24104477611940298
2 0.391 0.6134328358208955 0.1765 0.12985074626865672