1 0.5405 0.18880597014925374 0.1475 0.27611940298507465
1 0.4345 0.3880597014925373 0.1565 0.32238805970149254
1 0.8275 0.9783582089552239 0.345 0.04328358208955224
3 0.676 0.7425373134328358 0.0475 0.13059701492537312
3 0.768 0.8813432835820896 0.079 0.1828358208955224
3 0.4995 0.8111940298507463 0.065 0.17238805970149254
3 0.5995 0.6470149253731343 0.0415 0.14925373134328357
3 0.5175 0.5880597014925373 0.0375 0.09402985074626866
3 0.455 0.6268656716417911 0.0355 0.1291044776119403
3 0.387 0.5992537313432836 0.0485 0.13134328358208955
3 0.3585 0.8119402985074626 0.072 0.17537313432835822
3 0.233 0.6917910447761194 0.035 0.19552238805970149
3 0.307 0.46417910447761196 0.0165 0.12985074626865672
3 0.1125 0.5686567164179105 0.0485 0.18059701492537314
3 0.259 0.4208955223880597 0.062 0.13656716417910447
2 0.6685 0.7783582089552239 0.1535 0.1328358208955224
2 0.5975 0.6671641791044776 0.119 0.12686567164179105
2 0.455 0.7186567164179104 0.0555 0.15074626865671642
2 0.5165 0.664179104477612 0.0655 0.13582089552238805
2 0.496 0.8805970149253731 0.16 0.18059701492537314
2 0.3445 0.8701492537313433 0.159 0.20149253731343283