1 0.906 0.8813432835820896 0.1875 0.2373134328358209
1 0.2845 0.33507462686567163 0.0495 0.07313432835820896
1 0.456 0.3611940298507463 0.0505 0.06716417910447761
1 0.353 0.3402985074626866 0.0475 0.0873134328358209
1 0.349 0.24850746268656718 0.036 0.05522388059701493
2 0.7025 0.7888059701492537 0.0465 0.07686567164179105
2 0.0975 0.5574626865671641 0.0325 0.06343283582089553
3 0.5505 0.41119402985074627 0.0195 0.057462686567164176
3 0.179 0.5082089552238805 0.0305 0.11865671641791045
2 0.181 0.5522388059701493 0.04 0.09104477611940298
2 0.597 0.5746268656716418 0.029 0.09925373134328358
2 0.5175 0.44850746268656716 0.031 0.05522388059701493
2 0.1995 0.3738805970149254 0.02 0.06343283582089553
2 0.2455 0.3111940298507463 0.0145 0.05522388059701493
2 0.266 0.2798507462686567 0.0105 0.03731343283582089
2 0.542 0.35447761194029853 0.022 0.04029850746268657
2 0.6725 0.6320895522388059 0.0295 0.06716417910447761
2 0.4795 0.3044776119402985 0.02 0.04626865671641791
3 0.101 0.5283582089552239 0.031 0.10820895522388059
3 0.2045 0.35 0.019 0.05522388059701493
3 0.2465 0.2865671641791045 0.0195 0.041791044776119404
3 0.509 0.32611940298507464 0.019 0.05373134328358209
3 0.6755 0.5850746268656717 0.027 0.07985074626865672
3 0.5945 0.5328358208955224 0.024 0.07686567164179105
3 0.7055 0.7179104477611941 0.035 0.0873134328358209
3 0.5165 0.4134328358208955 0.017 0.06194029850746269