1 0.117 0.6604477611940298 0.1945 0.15149253731343285
2 0.6045 0.6425373134328358 0.078 0.0708955223880597
2 0.5455 0.9201492537313433 0.042 0.1291044776119403
2 0.329 0.9156716417910448 0.0425 0.13432835820895522
2 0.252 0.9492537313432836 0.048 0.10149253731343283
2 0.377 0.6462686567164179 0.0725 0.08208955223880597
2 0.4975 0.6164179104477612 0.074 0.06716417910447761
2 0.249 0.7455223880597015 0.0815 0.07462686567164178
2 0.96 0.7559701492537313 0.08 0.08656716417910448
2 0.784 0.641044776119403 0.0645 0.07462686567164178
2 0.7895 0.5350746268656716 0.0725 0.06567164179104477
2 0.6805 0.5761194029850746 0.07 0.06417910447761194
2 0.6095 0.5358208955223881 0.0605 0.07537313432835821
3 0.482 0.8462686567164179 0.0275 0.09776119402985074
3 0.5045 0.85 0.03 0.09104477611940298
3 0.9495 0.7007462686567164 0.0275 0.07388059701492537
3 0.3035 0.8514925373134329 0.0435 0.08432835820895522
3 0.2235 0.9007462686567164 0.0405 0.09402985074626866