1 0.577 0.7686567164179104 0.121 0.20671641791044776
1 0.341 0.34626865671641793 0.044 0.06791044776119402
0 0.146 0.6149253731343284 0.281 0.5783582089552238
1 0.4595 0.34626865671641793 0.0385 0.06194029850746269
0 0.371 0.2335820895522388 0.042 0.0955223880597015
1 0.294 0.40373134328358207 0.043 0.11044776119402985
3 0.986 0.8455223880597015 0.0275 0.14925373134328357
1 0.8315 0.8537313432835821 0.0565 0.09925373134328358
2 0.7115 0.5888059701492537 0.0265 0.041791044776119404
1 0.364 0.1455223880597015 0.0185 0.029104477611940297
2 0.921 0.8582089552238806 0.0695 0.1947761194029851