1 0.817 0.43283582089552236 0.026 0.027611940298507463
1 0.3345 0.5537313432835821 0.072 0.07313432835820896
1 0.7855 0.43656716417910446 0.025 0.03208955223880597
1 0.453 0.4761194029850746 0.0375 0.04253731343283582
3 0.268 0.5567164179104478 0.015 0.057462686567164176
3 0.476 0.5231343283582089 0.014 0.03955223880597015
1 0.7645 0.3925373134328358 0.0185 0.024626865671641792
0 0.6575 0.5455223880597015 0.066 0.14626865671641792
3 0.992 0.5492537313432836 0.016 0.03507462686567164
2 0.0885 0.8067164179104478 0.04 0.04253731343283582
3 0.8475 0.4007462686567164 0.0095 0.018656716417910446
1 0.8085 0.4305970149253731 0.0405 0.034328358208955224
3 0.213 0.7470149253731343 0.018 0.05223880597014925
3 0.221 0.7649253731343284 0.0295 0.06119402985074627
3 0.0975 0.6753731343283582 0.017 0.04776119402985075
3 0.0935 0.7940298507462686 0.03 0.05447761194029851
1 0.8485 0.40671641791044777 0.01 0.014925373134328358
3 0.2285 0.7634328358208955 0.0215 0.05
3 0.905 0.44776119402985076 0.01 0.026119402985074626
3 0.4715 0.5261194029850746 0.0125 0.03656716417910448
3 0.0885 0.7813432835820896 0.0415 0.07462686567164178
3 0.586 0.41865671641791047 0.0105 0.030597014925373135
3 0.5275 0.505223880597015 0.013 0.033582089552238806
3 0.538 0.4208955223880597 0.0155 0.03507462686567164
3 0.843 0.5261194029850746 0.0135 0.03283582089552239
3 0.8835 0.4470149253731343 0.0105 0.029850746268656716
3 0.9595 0.5246268656716417 0.0125 0.03955223880597015
3 0.9465 0.5238805970149254 0.022 0.04328358208955224
3 0.8915 0.46865671641791046 0.015 0.03208955223880597
3 0.127 0.6380597014925373 0.015 0.05522388059701493
3 0.5185 0.5029850746268657 0.0215 0.03955223880597015
3 0.896 0.467910447761194 0.0145 0.029850746268656716
1 0.8455 0.3932835820895522 0.0125 0.020149253731343283
3 0.214 0.7582089552238805 0.0275 0.07985074626865672
3 0.892 0.47686567164179106 0.0125 0.023134328358208955
1 0.841 0.3843283582089552 0.0145 0.01791044776119403
3 0.6125 0.41492537313432837 0.0105 0.033582089552238806
1 0.449 0.4671641791044776 0.026 0.026119402985074626
3 0.891 0.4582089552238806 0.028 0.04552238805970149
3 0.404 0.48880597014925375 0.015 0.03656716417910448
3 0.0915 0.676865671641791 0.0215 0.04328358208955224
3 0.588 0.4097014925373134 0.012 0.026865671641791045
3 0.1055 0.6783582089552239 0.022 0.049253731343283584