1 0.438 0.4962686567164179 0.1715 0.2373134328358209
1 0.2375 0.4582089552238806 0.128 0.2291044776119403
0 0.28 0.9313432835820895 0.4055 0.13656716417910447
1 0.277 0.2955223880597015 0.0835 0.141044776119403
2 0.882 0.8283582089552238 0.123 0.17313432835820897
2 0.6025 0.8888059701492538 0.113 0.20373134328358208
2 0.65 0.7522388059701492 0.081 0.13656716417910447
2 0.795 0.6186567164179104 0.0765 0.10970149253731343
2 0.717 0.6126865671641791 0.061 0.1291044776119403
2 0.661 0.6619402985074627 0.0635 0.12313432835820895
2 0.5475 0.5417910447761194 0.052 0.09104477611940298
2 0.6025 0.5335820895522388 0.052 0.08955223880597014
2 0.1565 0.8246268656716418 0.0715 0.13656716417910447
2 0.08 0.6529850746268657 0.039 0.08358208955223881
2 0.016 0.6992537313432836 0.0315 0.12238805970149254
2 0.13 0.6447761194029851 0.037 0.09402985074626866
2 0.984 0.7970149253731343 0.0315 0.1664179104477612
2 0.9545 0.45671641791044776 0.0445 0.08507462686567165
2 0.99 0.4753731343283582 0.02 0.09179104477611941
2 0.6825 0.42761194029850746 0.0835 0.05895522388059701
2 0.73 0.9679104477611941 0.068 0.06417910447761194
2 0.629 0.49328358208955225 0.027 0.0791044776119403
2 0.544 0.4261194029850746 0.0455 0.07313432835820896
2 0.4875 0.3723880597014925 0.0345 0.057462686567164176
2 0.1085 0.5156716417910447 0.0245 0.07313432835820896
2 0.0735 0.4664179104477612 0.033 0.06865671641791045
2 0.0335 0.5440298507462686 0.0355 0.08358208955223881
3 0.797 0.5522388059701493 0.0315 0.12014925373134329
3 0.7725 0.5440298507462686 0.029 0.11567164179104478
3 0.889 0.7619402985074627 0.0485 0.2171641791044776
3 0.7485 0.9402985074626866 0.07 0.11940298507462686
3 0.79 0.9485074626865672 0.045 0.10298507462686567
3 0.641 0.8253731343283582 0.071 0.18507462686567164
3 0.605 0.8097014925373134 0.0555 0.1925373134328358
3 0.646 0.6611940298507463 0.051 0.15970149253731344
3 0.662 0.576865671641791 0.034 0.0791044776119403
3 0.6565 0.5261194029850746 0.0315 0.07611940298507462
3 0.717 0.5694029850746268 0.038 0.14850746268656717
3 0.8005 0.5761194029850746 0.039 0.17164179104477612
3 0.157 0.7365671641791045 0.041 0.19776119402985073
3 0.0365 0.9656716417910448 0.049 0.06791044776119402
3 0.1325 0.5753731343283582 0.0395 0.15
3 0.072 0.5865671641791045 0.048 0.13955223880597015
3 0.0135 0.6156716417910447 0.027 0.13880597014925372
3 0.11 0.4746268656716418 0.038 0.09402985074626866
3 0.0355 0.48880597014925375 0.0355 0.12313432835820895
3 0.9935 0.417910447761194 0.013 0.06567164179104477
3 0.595 0.46865671641791046 0.0295 0.08507462686567165
3 0.5505 0.48208955223880595 0.033 0.07313432835820896
3 0.6105 0.44104477611940296 0.0315 0.07014925373134329
3 0.683 0.4014925373134328 0.0265 0.09701492537313433