2 0.193 0.75 0.129 0.1746268656716418
2 0.228 0.5059701492537313 0.1045 0.0962686567164179
2 0.18 0.28582089552238804 0.073 0.06791044776119402
2 0.512 0.7686567164179104 0.0865 0.17238805970149254
2 0.5805 0.95 0.1175 0.09925373134328358
2 0.228 0.6253731343283582 0.1135 0.12164179104477611
2 0.5055 0.28432835820895525 0.0365 0.10746268656716418
2 0.421 0.5380597014925373 0.057 0.15522388059701492
2 0.4215 0.26940298507462684 0.0415 0.08507462686567165
2 0.7675 0.9485074626865672 0.039 0.10298507462686567
2 0.703 0.891044776119403 0.0395 0.13059701492537312
2 0.9475 0.4798507462686567 0.057 0.15522388059701492
2 0.5735 0.8201492537313433 0.096 0.1701492537313433
2 0.59 0.6626865671641791 0.117 0.11119402985074626
1 0.515 0.10597014925373134 0.063 0.09477611940298507
3 0.2225 0.5828358208955224 0.054 0.10149253731343283
2 0.5 0.6126865671641791 0.046 0.0962686567164179
3 0.5035 0.5216417910447761 0.0445 0.09253731343283582
3 0.1805 0.7208955223880597 0.0585 0.15522388059701492
3 0.5645 0.4753731343283582 0.039 0.0955223880597015
3 0.624 0.4373134328358209 0.037 0.08507462686567165
3 0.518 0.7119402985074627 0.053 0.11492537313432835
3 0.588 0.932089552238806 0.062 0.12462686567164179
3 0.7135 0.7835820895522388 0.0435 0.10522388059701493
3 0.7855 0.8507462686567164 0.056 0.12313432835820895
3 0.8195 0.6597014925373135 0.0465 0.11641791044776119
2 0.82 0.7671641791044777 0.0395 0.08880597014925373
3 0.8985 0.5059701492537313 0.0415 0.0873134328358209