1 0.356 0.8544776119402985 0.375 0.291044776119403
1 0.93 0.9522388059701492 0.14 0.0955223880597015
1 0.518 0.0955223880597015 0.0605 0.06417910447761194
3 0.5755 0.36343283582089553 0.027 0.12761194029850748
3 0.64 0.09701492537313433 0.0295 0.0664179104477612
3 0.81 0.38283582089552237 0.0305 0.15074626865671642
3 0.6895 0.6619402985074627 0.0445 0.10746268656716418
3 0.717 0.7776119402985074 0.0555 0.15074626865671642
3 0.836 0.8402985074626865 0.0535 0.19850746268656716
3 0.8705 0.8276119402985075 0.0425 0.1925373134328358
3 0.927 0.7514925373134328 0.0475 0.20223880597014926
3 0.79 0.6664179104477612 0.0405 0.10149253731343283
3 0.0795 0.8313432835820895 0.0565 0.1626865671641791
3 0.049 0.8388059701492537 0.0505 0.141044776119403
3 0.4655 0.14776119402985075 0.0215 0.05149253731343283
3 0.517 0.1619402985074627 0.0265 0.056716417910447764
3 0.3515 0.29701492537313434 0.032 0.07164179104477612
3 0.6685 0.15223880597014924 0.024 0.06119402985074627
2 0.78 0.1865671641791045 0.027 0.06567164179104477
2 0.7835 0.2664179104477612 0.0265 0.0962686567164179
2 0.718 0.08507462686567165 0.026 0.06492537313432836
2 0.694 0.3835820895522388 0.0285 0.06940298507462686
2 0.784 0.7574626865671642 0.03 0.07835820895522388
2 0.7015 0.8649253731343284 0.05 0.1126865671641791
2 0.6715 0.7619402985074627 0.043 0.12388059701492538
2 0.8285 0.85 0.1335 0.11716417910447761
2 0.9305 0.7604477611940299 0.109 0.12388059701492538
2 0.094 0.8634328358208955 0.153 0.13134328358208955