2 0.6775 0.5970149253731343 0.0735 0.08955223880597014
2 0.6155 0.6335820895522388 0.085 0.08432835820895522
2 0.5615 0.6888059701492537 0.09 0.0791044776119403
3 0.557 0.6425373134328358 0.041 0.11940298507462686
3 0.612 0.5955223880597015 0.0335 0.10820895522388059
3 0.675 0.5664179104477612 0.038 0.13805970149253732
3 0.919 0.6253731343283582 0.0395 0.12388059701492538
2 0.9215 0.6477611940298508 0.0805 0.08059701492537313
1 0.182 0.29850746268656714 0.047 0.11716417910447761
1 0.4085 0.32164179104477614 0.045 0.08582089552238806
1 0.444 0.30074626865671644 0.0335 0.06119402985074627
4 0.3395 0.23059701492537313 0.0375 0.08582089552238806