1 0.4115 0.8276119402985075 0.133 0.2455223880597015
1 0.643 0.6582089552238806 0.1015 0.20597014925373133
1 0.814 0.8022388059701493 0.1515 0.2962686567164179
1 0.5325 0.34328358208955223 0.0505 0.0955223880597015
1 0.614 0.2574626865671642 0.037 0.05373134328358209
1 0.6665 0.24925373134328357 0.04 0.06417910447761194
1 0.563 0.1783582089552239 0.0285 0.041791044776119404
2 0.9825 0.7574626865671642 0.035 0.1126865671641791
2 0.856 0.6246268656716418 0.0435 0.09104477611940298
2 0.8615 0.5156716417910447 0.0375 0.09104477611940298
2 0.754 0.41865671641791047 0.037 0.07014925373134329
2 0.647 0.4716417910447761 0.0345 0.07462686567164178
2 0.2055 0.8664179104477612 0.058 0.15223880597014924
2 0.0695 0.9507462686567164 0.083 0.09776119402985074
2 0.3295 0.6373134328358209 0.0295 0.09850746268656717
2 0.389 0.5365671641791044 0.036 0.07014925373134329
2 0.3145 0.591044776119403 0.036 0.07164179104477612
2 0.6925 0.4007462686567164 0.0235 0.06417910447761194
2 0.7935 0.3902985074626866 0.0275 0.07313432835820896
3 0.8605 0.4626865671641791 0.0275 0.07164179104477612
3 0.982 0.6888059701492537 0.036 0.13432835820895522
3 0.857 0.5902985074626865 0.0385 0.1208955223880597
3 0.646 0.43656716417910446 0.0345 0.06417910447761194
3 0.694 0.36343283582089553 0.0225 0.05522388059701493
3 0.759 0.3940298507462687 0.025 0.06865671641791045
3 0.7895 0.3529850746268657 0.0225 0.04328358208955224
3 0.3855 0.5067164179104477 0.0425 0.06119402985074627
3 0.328 0.5955223880597015 0.0325 0.07164179104477612
3 0.299 0.7373134328358208 0.0535 0.09104477611940298
3 0.2065 0.814179104477612 0.036 0.07462686567164178
3 0.063 0.8052238805970149 0.036 0.15223880597014924
3 0.0805 0.941044776119403 0.059 0.11716417910447761
3 0.063 0.9485074626865672 0.067 0.10298507462686567
2 0.301 0.7970149253731343 0.0395 0.13582089552238805