1 0.7865 0.31044776119402984 0.074 0.1373134328358209
1 0.364 0.24776119402985075 0.133 0.0955223880597015
0 0.1085 0.18059701492537314 0.1655 0.16119402985074627
2 0.505 0.7865671641791044 0.057 0.18208955223880596
2 0.618 0.7179104477611941 0.0655 0.18358208955223881
2 0.731 0.5231343283582089 0.067 0.13507462686567165
2 0.136 0.7156716417910448 0.05 0.1708955223880597
2 0.1885 0.5216417910447761 0.0545 0.11791044776119403
2 0.185 0.95 0.0655 0.1
2 0.5085 0.34626865671641793 0.036 0.0791044776119403
2 0.612 0.34626865671641793 0.057 0.0708955223880597
2 0.5495 0.3492537313432836 0.0385 0.07388059701492537
2 0.6655 0.2619402985074627 0.028 0.05970149253731343
2 0.567 0.582089552238806 0.036 0.1253731343283582
2 0.386 0.3276119402985075 0.069 0.06417910447761194
2 0.3365 0.34253731343283583 0.0485 0.056716417910447764
2 0.287 0.3029850746268657 0.0615 0.07462686567164178
2 0.0715 0.3783582089552239 0.0445 0.08208955223880597
2 0.012 0.32985074626865674 0.024 0.0708955223880597
2 0.038 0.29776119402985074 0.035 0.0626865671641791
2 0.882 0.6805970149253732 0.106 0.1664179104477612
2 0.971 0.5268656716417911 0.0575 0.13805970149253732
3 0.5015 0.6798507462686567 0.044 0.15671641791044777
3 0.167 0.41865671641791047 0.024 0.06492537313432836
3 0.1775 0.4664179104477612 0.022 0.1253731343283582
3 0.506 0.682089552238806 0.049 0.1582089552238806
3 0.617 0.6417910447761194 0.05 0.15
3 0.546 0.43134328358208956 0.0455 0.12388059701492538
3 0.865 0.5365671641791044 0.0345 0.1455223880597015
3 0.887 0.5507462686567164 0.06 0.09328358208955224
3 0.905 0.6253731343283582 0.1055 0.11940298507462686
3 0.4755 0.30223880597014924 0.046 0.10671641791044777
3 0.0655 0.33880597014925373 0.025 0.07462686567164178
3 0.0295 0.2537313432835821 0.022 0.04029850746268657
3 0.008 0.2835820895522388 0.016 0.024626865671641792
3 0.7565 0.38656716417910447 0.032 0.0873134328358209
3 0.7285 0.4634328358208955 0.026 0.0873134328358209
3 0.74 0.49701492537313435 0.04 0.11417910447761194
3 0.606 0.32611940298507464 0.0225 0.11417910447761194
3 0.621 0.30970149253731344 0.025 0.07761194029850746
3 0.56 0.3111940298507463 0.0345 0.06119402985074627
3 0.5115 0.3156716417910448 0.028 0.08208955223880597
3 0.565 0.5074626865671642 0.0485 0.11492537313432835