1 0.3455 0.4343283582089552 0.0765 0.11716417910447761
1 0.447 0.3940298507462687 0.0685 0.09477611940298507
1 0.5345 0.3850746268656716 0.125 0.09776119402985074
1 0.953 0.5156716417910447 0.094 0.1417910447761194
1 0.335 0.3194029850746269 0.039 0.05447761194029851
1 0.2355 0.3037313432835821 0.0335 0.055970149253731345
1 0.314 0.282089552238806 0.0335 0.04328358208955224
1 0.2645 0.28432835820895525 0.029 0.04477611940298507
3 0.3325 0.7582089552238805 0.051 0.10671641791044777
3 0.191 0.7425373134328358 0.061 0.12313432835820895
3 0.2725 0.5708955223880597 0.0375 0.0962686567164179
3 0.3345 0.5761194029850746 0.034 0.09477611940298507
3 0.062 0.6074626865671642 0.04 0.08283582089552238
3 0.033 0.7082089552238806 0.05 0.09776119402985074
3 0.1425 0.4880597014925373 0.026 0.05447761194029851
3 0.204 0.4992537313432836 0.0385 0.06791044776119402
3 0.193 0.4544776119402985 0.025 0.04776119402985075
3 0.2265 0.40373134328358207 0.0215 0.04328358208955224
3 0.09 0.39925373134328357 0.019 0.04626865671641791
3 0.1315 0.3753731343283582 0.019 0.04328358208955224
3 0.224 0.4059701492537313 0.0165 0.041791044776119404
3 0.2465 0.3701492537313433 0.015 0.029850746268656716
3 0.5425 0.41119402985074627 0.0275 0.0873134328358209
3 0.4415 0.4014925373134328 0.0225 0.04776119402985075
3 0.394 0.367910447761194 0.015 0.04029850746268657
3 0.633 0.38731343283582087 0.025 0.08134328358208955
3 0.2605 0.35895522388059703 0.015 0.03731343283582089
2 0.3365 0.8574626865671642 0.051 0.14477611940298507
2 0.1915 0.823134328358209 0.0365 0.1537313432835821
2 0.0345 0.7895522388059701 0.0485 0.13955223880597015
2 0.06 0.664179104477612 0.0525 0.0873134328358209
2 0.1485 0.5402985074626866 0.034 0.0708955223880597
2 0.2065 0.5514925373134328 0.039 0.07238805970149254
2 0.1705 0.6805970149253732 0.04 0.10223880597014925
2 0.272 0.6253731343283582 0.0365 0.11417910447761194
2 0.3385 0.6328358208955224 0.046 0.0962686567164179
2 0.2265 0.4380597014925373 0.035 0.05895522388059701
2 0.1915 0.48582089552238805 0.0325 0.06492537313432836
2 0.093 0.43134328358208956 0.025 0.05
2 0.0145 0.4828358208955224 0.029 0.06119402985074627
2 0.1345 0.4052238805970149 0.0215 0.04029850746268657
2 0.1815 0.3656716417910448 0.0215 0.03283582089552239
2 0.2525 0.4134328358208955 0.019 0.05
2 0.3015 0.3656716417910448 0.024 0.03880597014925373