1 0.5705 0.3962686567164179 0.073 0.09850746268656717
1 0.592 0.32611940298507464 0.041 0.06716417910447761
1 0.699 0.26044776119402985 0.0275 0.04701492537313433
1 0.6625 0.2462686567164179 0.0305 0.03880597014925373
1 0.7425 0.24925373134328357 0.0275 0.05
1 0.6135 0.2873134328358209 0.0305 0.05149253731343283
0 0.537 0.20746268656716418 0.0355 0.04552238805970149
2 0.8675 0.608955223880597 0.036 0.09850746268656717
2 0.709 0.3529850746268657 0.0275 0.03731343283582089
2 0.7645 0.3567164179104478 0.0355 0.03731343283582089
2 0.801 0.34626865671641793 0.0145 0.03283582089552239
2 0.873 0.3798507462686567 0.0175 0.04552238805970149
2 0.8335 0.3485074626865672 0.0175 0.03731343283582089
2 0.8975 0.3574626865671642 0.0175 0.029850746268656716
2 0.5385 0.3291044776119403 0.0275 0.03582089552238806
2 0.984 0.7223880597014926 0.032 0.09850746268656717
2 0.31 0.31791044776119404 0.041 0.024626865671641792
2 0.3475 0.31343283582089554 0.042 0.026865671641791045
2 0.2495 0.33059701492537313 0.0275 0.02164179104477612
2 0.9465 0.3604477611940298 0.012 0.03283582089552239
3 0.872 0.5559701492537313 0.0305 0.06417910447761194
3 0.995 0.6805970149253732 0.01 0.10746268656716418
3 0.986 0.6477611940298508 0.028 0.10149253731343283
3 0.7155 0.32313432835820893 0.02 0.05
3 0.7645 0.32238805970149254 0.025 0.04701492537313433
3 0.803 0.32313432835820893 0.0195 0.04552238805970149
3 0.831 0.32164179104477614 0.0175 0.034328358208955224
3 0.8695 0.34776119402985073 0.021 0.029850746268656716
3 0.5355 0.3044776119402985 0.0195 0.03731343283582089
3 0.346 0.2865671641791045 0.0135 0.041044776119402986
3 0.313 0.2962686567164179 0.016 0.03880597014925373
3 0.255 0.30970149253731344 0.0145 0.03731343283582089
3 0.213 0.30671641791044774 0.0155 0.04402985074626865
3 0.925 0.4373134328358209 0.0305 0.0626865671641791
3 0.9465 0.33432835820895523 0.012 0.03731343283582089