1 0.574 0.5701492537313433 0.192 0.28507462686567164
1 0.242 0.5246268656716417 0.2505 0.29776119402985074
2 0.759 0.8440298507462687 0.072 0.20746268656716418
3 0.7495 0.8253731343283582 0.0505 0.1761194029850746
3 0.7625 0.8059701492537313 0.037 0.17313432835820897
2 0.456 0.9059701492537313 0.116 0.1880597014925373
3 0.4535 0.8626865671641791 0.061 0.17238805970149254
2 0.267 0.9149253731343283 0.1585 0.1701492537313433
3 0.2425 0.9156716417910448 0.0755 0.16791044776119404
3 0.2725 0.9111940298507463 0.0525 0.15671641791044777
2 0.258 0.8029850746268656 0.064 0.09029850746268657
3 0.258 0.7380597014925373 0.0525 0.14253731343283582
3 0.273 0.7276119402985075 0.0395 0.16716417910447762
2 0.3555 0.7305970149253731 0.0705 0.1708955223880597
3 0.3555 0.685820895522388 0.0605 0.18208955223880596
3 0.3765 0.6485074626865671 0.0295 0.16044776119402984
3 0.2425 0.3694029850746269 0.0335 0.08134328358208955
2 0.2235 0.40746268656716417 0.0265 0.026865671641791045
2 0.396 0.3574626865671642 0.042 0.10895522388059702
3 0.395 0.3156716417910448 0.0285 0.1208955223880597
3 0.401 0.2873134328358209 0.0165 0.1
2 0.422 0.26865671641791045 0.032 0.10223880597014925
3 0.42 0.22611940298507463 0.021 0.10895522388059702
2 0.441 0.19402985074626866 0.0245 0.0962686567164179
3 0.4435 0.14626865671641792 0.0205 0.058208955223880594
2 0.414 0.12611940298507462 0.024 0.08134328358208955
3 0.4155 0.08134328358208955 0.0195 0.05522388059701493
3 0.438 0.09402985074626866 0.0205 0.05447761194029851
2 0.437 0.13432835820895522 0.02 0.04402985074626865
1 0.5205 0.11865671641791045 0.075 0.13805970149253732
2 0.6 0.1253731343283582 0.024 0.08507462686567165
3 0.6005 0.1044776119402985 0.025 0.07686567164179105
3 0.6 0.07537313432835821 0.009 0.020895522388059702
2 0.634 0.10746268656716418 0.0285 0.07537313432835821
3 0.6345 0.08134328358208955 0.016 0.05223880597014925
2 0.453 0.09104477611940298 0.0205 0.056716417910447764
2 0.929 0.44402985074626866 0.0665 0.12462686567164179
2 0.711 0.6201492537313433 0.0455 0.17388059701492536
3 0.71 0.576865671641791 0.038 0.14925373134328357