3 0.594 0.46492537313432836 0.0285 0.1328358208955224
3 0.318 0.4007462686567164 0.0335 0.11940298507462686
3 0.36 0.3611940298507463 0.0205 0.056716417910447764
3 0.0085 0.491044776119403 0.0165 0.1746268656716418
1 0.3965 0.3716417910447761 0.135 0.10597014925373134
1 0.443 0.31865671641791044 0.1095 0.08134328358208955
1 0.459 0.33059701492537313 0.0405 0.06119402985074627
1 0.1765 0.376865671641791 0.136 0.14328358208955225
0 0.083 0.23283582089552238 0.1655 0.1701492537313433
1 0.6955 0.26343283582089555 0.0555 0.07985074626865672
2 0.597 0.49850746268656715 0.1265 0.10074626865671642