1 0.6465 0.49029850746268655 0.1215 0.21194029850746268
1 0.1865 0.43507462686567167 0.153 0.19850746268656716
1 0.3695 0.3358208955223881 0.0795 0.19850746268656716
1 0.5905 0.30223880597014924 0.0885 0.12761194029850748
1 0.7115 0.33432835820895523 0.0895 0.19850746268656716
1 0.954 0.5477611940298508 0.092 0.2544776119402985
1 0.9605 0.9641791044776119 0.079 0.06865671641791045
1 0.0095 0.1417910447761194 0.019 0.0626865671641791
2 0.5025 0.7753731343283582 0.0585 0.2
2 0.1395 0.8156716417910448 0.05 0.23283582089552238
2 0.1125 0.6888059701492537 0.043 0.22238805970149253
2 0.748 0.8835820895522388 0.088 0.23283582089552238
2 0.632 0.9477611940298507 0.07 0.1044776119402985
2 0.8495 0.48134328358208955 0.043 0.11119402985074626
2 0.7845 0.4305970149253731 0.039 0.10820895522388059
2 0.369 0.5843283582089552 0.0525 0.1664179104477612
2 0.5235 0.6126865671641791 0.0475 0.141044776119403
2 0.491 0.45671641791044776 0.0355 0.11567164179104478
2 0.2765 0.3208955223880597 0.0355 0.08134328358208955
2 0.0985 0.37910447761194027 0.0305 0.09776119402985074
3 0.365 0.49776119402985075 0.053 0.14253731343283582
3 0.493 0.7 0.0625 0.25970149253731345
3 0.6315 0.8395522388059702 0.0745 0.20746268656716418
3 0.6385 0.9 0.0795 0.19925373134328359
3 0.5445 0.9761194029850746 0.0485 0.04776119402985075
3 0.744 0.8335820895522388 0.065 0.2582089552238806
3 0.8495 0.4373134328358209 0.0465 0.10074626865671642
3 0.7835 0.3925373134328358 0.032 0.12462686567164179
3 0.4885 0.3805970149253731 0.0405 0.11865671641791045
3 0.519 0.5119402985074627 0.0355 0.12014925373134329