4 0.1565 0.7955223880597015 0.313 0.4082089552238806
1 0.62 0.7731343283582089 0.185 0.2880597014925373
1 0.5595 0.47761194029850745 0.156 0.2671641791044776
4 0.6695 0.35149253731343283 0.074 0.16791044776119404
4 0.835 0.4843283582089552 0.1015 0.26492537313432835
2 0.3225 0.6097014925373134 0.0575 0.10671641791044777
2 0.131 0.47238805970149256 0.0305 0.07388059701492537
2 0.2605 0.5664179104477612 0.033 0.06492537313432836
2 0.3885 0.508955223880597 0.0245 0.08358208955223881
2 0.472 0.491044776119403 0.028 0.08358208955223881
2 0.879 0.9097014925373135 0.04 0.10746268656716418
3 0.484 0.7052238805970149 0.0575 0.13880597014925372
3 0.3155 0.5492537313432836 0.0315 0.07462686567164178
3 0.401 0.4597014925373134 0.0385 0.06119402985074627