2 0.2615 0.8940298507462686 0.058 0.1791044776119403
2 0.0975 0.9559701492537314 0.072 0.0873134328358209
2 0.17 0.576865671641791 0.035 0.09328358208955224
2 0.2175 0.5335820895522388 0.026 0.08582089552238806
2 0.1225 0.49776119402985075 0.0305 0.07611940298507462
2 0.1545 0.4455223880597015 0.0225 0.058208955223880594
2 0.7975 0.5380597014925373 0.082 0.07388059701492537
2 0.674 0.4291044776119403 0.0595 0.0664179104477612
2 0.574 0.4253731343283582 0.051 0.05298507462686567
2 0.434 0.4261194029850746 0.043 0.058208955223880594
1 0.238 0.42313432835820897 0.076 0.1044776119402985
1 0.3135 0.3641791044776119 0.051 0.08880597014925373
1 0.299 0.33507462686567163 0.04 0.05447761194029851
1 0.3955 0.3753731343283582 0.094 0.0955223880597015
1 0.519 0.3940298507462687 0.101 0.09850746268656717
0 0.516 0.3253731343283582 0.285 0.1791044776119403
2 0.7715 0.4582089552238806 0.0665 0.04701492537313433
2 0.797 0.4373134328358209 0.0515 0.03880597014925373
2 0.633 0.42388059701492536 0.04 0.04701492537313433
3 0.2615 0.8007462686567164 0.0555 0.18208955223880596
3 0.1065 0.905223880597015 0.0615 0.16417910447761194
3 0.1675 0.5328358208955224 0.0335 0.07611940298507462
3 0.2135 0.48656716417910445 0.0235 0.07388059701492537
3 0.126 0.4671641791044776 0.026 0.09328358208955224
3 0.8025 0.5298507462686567 0.028 0.13208955223880597
3 0.7615 0.42835820895522386 0.0295 0.08507462686567165
3 0.791 0.41492537313432837 0.024 0.08582089552238806
3 0.428 0.40671641791044777 0.019 0.06940298507462686
3 0.5665 0.40746268656716417 0.031 0.08507462686567165
1 0.965 0.34253731343283583 0.07 0.08432835820895522
1 0.666 0.41044776119402987 0.026 0.0791044776119403
1 0.158 0.41194029850746267 0.022 0.06791044776119402
1 0.0295 0.4044776119402985 0.0235 0.05522388059701493
1 0.081 0.373134328358209 0.021 0.04328358208955224
1 0.13 0.3716417910447761 0.024 0.056716417910447764