1 0.6005 0.673134328358209 0.1365 0.22238805970149253
1 0.4625 0.34776119402985073 0.061 0.1253731343283582
1 0.4225 0.21567164179104478 0.0395 0.07686567164179105
1 0.1935 0.8932835820895523 0.1925 0.21343283582089553
2 0.364 0.5776119402985075 0.055 0.09477611940298507
2 0.1305 0.45149253731343286 0.053 0.0962686567164179
2 0.249 0.3716417910447761 0.024 0.05970149253731343
2 0.199 0.2746268656716418 0.0225 0.03507462686567164
2 0.2665 0.23507462686567165 0.03 0.050746268656716415
2 0.57 0.43582089552238806 0.0205 0.050746268656716415
2 0.6225 0.47388059701492535 0.029 0.0873134328358209
2 0.68 0.6305970149253731 0.048 0.13656716417910447
2 0.724 0.8365671641791045 0.0505 0.17164179104477612
2 0.769 0.8097014925373134 0.0515 0.13955223880597015
2 0.8955 0.7805970149253731 0.0705 0.13656716417910447
2 0.721 0.6074626865671642 0.0395 0.13656716417910447
2 0.6545 0.467910447761194 0.023 0.06567164179104477
3 0.568 0.4134328358208955 0.02 0.05223880597014925
3 0.1305 0.4014925373134328 0.0275 0.07388059701492537
3 0.2495 0.3402985074626866 0.023 0.05223880597014925
3 0.3655 0.5216417910447761 0.0405 0.07835820895522388
3 0.199 0.25298507462686565 0.026 0.033582089552238806
3 0.2625 0.20671641791044776 0.012 0.030597014925373135
3 0.629 0.4291044776119403 0.0265 0.06716417910447761
3 0.6595 0.42388059701492536 0.017 0.0626865671641791
3 0.6835 0.5708955223880597 0.019 0.0626865671641791
3 0.6915 0.591044776119403 0.018 0.058208955223880594
3 0.7265 0.5619402985074626 0.0335 0.07985074626865672
3 0.734 0.7888059701492537 0.029 0.10074626865671642
3 0.77 0.7626865671641792 0.029 0.1044776119402985
3 0.879 0.7044776119402985 0.019 0.12238805970149254
3 0.9 0.7104477611940299 0.0265 0.09776119402985074