1 0.094 0.7895522388059701 0.1855 0.31865671641791044
1 0.2625 0.4253731343283582 0.0595 0.10373134328358209
1 0.3295 0.36716417910447763 0.0555 0.10223880597014925
1 0.358 0.28880597014925374 0.041 0.06194029850746269
3 0.9555 0.9723880597014926 0.0405 0.05373134328358209
3 0.1485 0.43955223880597016 0.02 0.04029850746268657
1 0.3795 0.1798507462686567 0.018 0.025373134328358207
3 0.261 0.3529850746268657 0.0135 0.03507462686567164
3 0.095 0.5022388059701492 0.024 0.07014925373134329
3 0.176 0.4597014925373134 0.0155 0.05
3 0.1875 0.41044776119402987 0.0145 0.04029850746268657
3 0.1575 0.37089552238805973 0.018 0.050746268656716415
3 0.222 0.3701492537313433 0.0295 0.04328358208955224
3 0.231 0.3111940298507463 0.0205 0.04552238805970149
3 0.481 0.29328358208955224 0.017 0.03880597014925373
3 0.5905 0.3888059701492537 0.0175 0.04253731343283582
3 0.6285 0.4619402985074627 0.027 0.04477611940298507
3 0.596 0.6208955223880597 0.0445 0.07164179104477612
3 0.7575 0.9425373134328359 0.048 0.11417910447761194
3 0.752 0.9171641791044776 0.035 0.1
3 0.8065 0.9074626865671642 0.04 0.13134328358208955
3 0.918 0.9537313432835821 0.0415 0.08507462686567165
3 0.542 0.4253731343283582 0.0205 0.050746268656716415
3 0.5745 0.5111940298507462 0.027 0.06343283582089553
3 0.5005 0.25597014925373135 0.0145 0.023880597014925373
3 0.308 0.27313432835820894 0.013 0.023134328358208955
3 0.263 0.2664179104477612 0.012 0.024626865671641792
2 0.0875 0.5552238805970149 0.056 0.08880597014925373
2 0.144 0.4828358208955224 0.0235 0.07686567164179105
2 0.1715 0.503731343283582 0.024 0.07835820895522388
2 0.1515 0.40223880597014927 0.0335 0.029850746268656716
2 0.2155 0.4126865671641791 0.0285 0.049253731343283584
2 0.229 0.3373134328358209 0.0275 0.04776119402985075
2 0.2625 0.35522388059701493 0.011 0.048507462686567165
2 0.3085 0.3029850746268657 0.02 0.04328358208955224
2 0.3265 0.2582089552238806 0.0145 0.04701492537313433
2 0.584 0.6805970149253732 0.0425 0.09701492537313433
2 0.8155 0.9664179104477612 0.056 0.06567164179104477
2 0.8945 0.9597014925373134 0.0445 0.07313432835820896
1 0.3615 0.16865671641791044 0.0205 0.04626865671641791
2 0.5385 0.46417910447761196 0.0295 0.05373134328358209
2 0.57 0.5522388059701493 0.034 0.05223880597014925