1 0.721 0.5402985074626866 0.223 0.20970149253731343
1 0.9765 0.8716417910447761 0.047 0.24029850746268658
1 0.205 0.27686567164179104 0.103 0.07835820895522388
1 0.0145 0.5753731343283582 0.029 0.27686567164179104
2 0.506 0.4619402985074627 0.0515 0.09253731343283582
2 0.3795 0.34701492537313433 0.0435 0.07537313432835821
2 0.435 0.33880597014925373 0.046 0.07611940298507462
2 0.594 0.35895522388059703 0.0195 0.08582089552238806
2 0.045 0.3574626865671642 0.0245 0.08059701492537313
3 0.392 0.30671641791044774 0.0205 0.057462686567164176
3 0.5195 0.41492537313432837 0.0225 0.07388059701492537
3 0.039 0.30970149253731344 0.0255 0.041044776119402986
3 0.438 0.2992537313432836 0.0255 0.048507462686567165
1 0.637 0.25970149253731345 0.0825 0.09029850746268657