1 0.786 0.2917910447761194 0.077 0.08059701492537313
1 0.3465 0.25298507462686565 0.042 0.06343283582089553
1 0.3095 0.24253731343283583 0.042 0.05223880597014925
1 0.261 0.24701492537313433 0.0445 0.06716417910447761
2 0.2835 0.667910447761194 0.0695 0.10522388059701493
2 0.2165 0.48582089552238805 0.055 0.06417910447761194
2 0.1325 0.5 0.043 0.0873134328358209
2 0.266 0.44850746268656716 0.043 0.08059701492537313
2 0.3435 0.582089552238806 0.07 0.1
3 0.353 0.5298507462686567 0.0295 0.09179104477611941
3 0.2795 0.5925373134328358 0.0305 0.08059701492537313
3 0.2475 0.4044776119402985 0.0255 0.07238805970149254
3 0.207 0.43656716417910446 0.033 0.050746268656716415
3 0.1355 0.4626865671641791 0.0435 0.08358208955223881
3 0.7835 0.35447761194029853 0.035 0.07462686567164178
3 0.7895 0.28880597014925374 0.016 0.049253731343283584