1 0.849 0.8917910447761194 0.216 0.21641791044776118
1 0.653 0.591044776119403 0.0915 0.19701492537313434
3 0.054 0.5843283582089552 0.0255 0.09776119402985074
1 0.584 0.21791044776119403 0.0215 0.020895522388059702
3 0.804 0.44850746268656716 0.0245 0.0626865671641791
1 0.531 0.21194029850746268 0.024 0.023880597014925373
2 0.1335 0.8873134328358209 0.119 0.15597014925373134
1 0.5875 0.26791044776119405 0.0315 0.048507462686567165
3 0.7955 0.5126865671641792 0.019 0.05373134328358209
3 0.7385 0.39104477611940297 0.0195 0.04626865671641791
3 0.675 0.36268656716417913 0.023 0.04552238805970149
3 0.758 0.30597014925373134 0.014 0.05223880597014925
3 0.7505 0.3559701492537313 0.023 0.03805970149253731
3 0.1215 0.7962686567164179 0.0405 0.05970149253731343
2 0.352 0.4380597014925373 0.0235 0.04701492537313433
2 0.4225 0.39104477611940297 0.012 0.025373134328358207
1 0.5305 0.2044776119402985 0.0245 0.04253731343283582
2 0.8 0.5619402985074626 0.038 0.05373134328358209
2 0.7415 0.4208955223880597 0.0315 0.04626865671641791
2 0.8165 0.4843283582089552 0.024 0.0626865671641791
2 0.7545 0.3858208955223881 0.0215 0.03656716417910448
2 0.6395 0.29402985074626864 0.0165 0.034328358208955224
2 0.6825 0.3843283582089552 0.0385 0.050746268656716415
3 0.0525 0.5828358208955224 0.0235 0.10671641791044777
2 0.4705 0.31865671641791044 0.018 0.034328358208955224
2 0.431 0.30074626865671644 0.0075 0.05970149253731343
2 0.505 0.24776119402985075 0.014 0.05223880597014925
2 0.485 0.26044776119402985 0.0135 0.034328358208955224
2 0.459 0.2783582089552239 0.014 0.025373134328358207
2 0.6155 0.19925373134328359 0.015 0.026119402985074626
2 0.4855 0.2291044776119403 0.0135 0.03208955223880597
2 0.6565 0.20746268656716418 0.014 0.03134328358208955