1 0.233 0.6044776119402985 0.2065 0.2544776119402985
1 0.384 0.6656716417910448 0.14 0.1783582089552239
1 0.5175 0.4141791044776119 0.0795 0.11417910447761194
1 0.632 0.3597014925373134 0.064 0.08880597014925373
2 0.8295 0.2902985074626866 0.01 0.034328358208955224
3 0.8285 0.2701492537313433 0.0095 0.03134328358208955
1 0.5765 0.3126865671641791 0.058 0.07014925373134329
1 0.631 0.26865671641791045 0.052 0.0880597014925373
1 0.678 0.2791044776119403 0.068 0.10820895522388059
1 0.724 0.24701492537313433 0.0385 0.06865671641791045
1 0.7575 0.20746268656716418 0.0255 0.033582089552238806
1 0.731 0.1925373134328358 0.0255 0.03134328358208955
1 0.7545 0.16865671641791044 0.018 0.022388059701492536