1 0.403 0.5328358208955224 0.105 0.17388059701492536
1 0.7825 0.8097014925373134 0.2145 0.3111940298507463
1 0.4715 0.41940298507462687 0.079 0.10820895522388059
1 0.7825 0.35895522388059703 0.083 0.06492537313432836
1 0.533 0.2708955223880597 0.0555 0.06044776119402985
1 0.348 0.3194029850746269 0.041 0.05298507462686567
1 0.2995 0.34776119402985073 0.045 0.0664179104477612
1 0.476 0.8619402985074627 0.216 0.27611940298507465
1 0.2955 0.29328358208955224 0.038 0.03805970149253731
1 0.489 0.2537313432835821 0.036 0.03283582089552239
2 0.2555 0.7283582089552239 0.0365 0.1328358208955224
2 0.222 0.517910447761194 0.0355 0.08059701492537313
2 0.121 0.36716417910447763 0.019 0.04626865671641791
2 0.0365 0.45 0.0195 0.06194029850746269
2 0.072 0.3529850746268657 0.018 0.04253731343283582
2 0.223 0.33880597014925373 0.0195 0.04626865671641791
3 0.224 0.4701492537313433 0.0205 0.04701492537313433
3 0.254 0.6402985074626866 0.037 0.06492537313432836
3 0.1285 0.8067164179104478 0.055 0.10820895522388059
3 0.039 0.40746268656716417 0.0185 0.041044776119402986
2 0.6965 0.408955223880597 0.0265 0.05970149253731343
3 0.6845 0.3858208955223881 0.0185 0.05