1 0.378 0.40298507462686567 0.144 0.24776119402985075
1 0.4815 0.05447761194029851 0.0785 0.10820895522388059
1 0.3605 0.08656716417910448 0.08 0.17238805970149254
3 0.8475 0.24402985074626865 0.081 0.0791044776119403
3 0.536 0.5253731343283582 0.0545 0.15298507462686567
2 0.534 0.567910447761194 0.09 0.15522388059701492
2 0.702 0.4253731343283582 0.074 0.12611940298507462
3 0.563 0.55 0.0465 0.13507462686567165
1 0.8835 0.8985074626865671 0.233 0.20298507462686566
3 0.7075 0.37089552238805973 0.033 0.14701492537313432
3 0.6915 0.3447761194029851 0.028 0.12462686567164179
2 0.381 0.21641791044776118 0.0325 0.1
3 0.384 0.18507462686567164 0.026 0.09701492537313433
2 0.0155 0.4597014925373134 0.031 0.16716417910447762
2 0.175 0.22238805970149253 0.035 0.1126865671641791
2 0.1805 0.14029850746268657 0.032 0.07835820895522388