1 0.66 0.46865671641791046 0.0715 0.20746268656716418
1 0.8175 0.48955223880597015 0.108 0.21194029850746268
1 0.9105 0.8701492537313433 0.179 0.258955223880597
1 0.565 0.3208955223880597 0.035 0.0626865671641791
0 0.624 0.141044776119403 0.0215 0.057462686567164176
2 0.1675 0.9589552238805971 0.041 0.08208955223880597
2 0.063 0.8805970149253731 0.047 0.15
2 0.2465 0.7283582089552239 0.041 0.11492537313432835
2 0.318 0.6223880597014926 0.0285 0.09029850746268657
2 0.7555 0.7611940298507462 0.037 0.12014925373134329
3 0.7545 0.685820895522388 0.0335 0.06194029850746269
3 0.9695 0.6305970149253731 0.036 0.0664179104477612
3 0.9425 0.5126865671641792 0.027 0.04701492537313433
3 0.882 0.4634328358208955 0.0215 0.04477611940298507
3 0.3185 0.5813432835820895 0.0275 0.05373134328358209
3 0.174 0.8044776119402985 0.0435 0.08283582089552238
2 0.174 0.8432835820895522 0.0675 0.12313432835820895
3 0.243 0.6843283582089552 0.0305 0.0664179104477612