1 0.371 0.9156716417910448 0.214 0.16791044776119404
1 0.65 0.6805970149253732 0.147 0.3335820895522388
1 0.6165 0.4343283582089552 0.0855 0.16716417910447762
1 0.709 0.3970149253731343 0.0735 0.16119402985074627
3 0.396 0.6171641791044776 0.0475 0.15223880597014924
2 0.3805 0.6671641791044776 0.08 0.1291044776119403
2 0.464 0.4992537313432836 0.0505 0.1044776119402985
2 0.54 0.491044776119403 0.049 0.09328358208955224
2 0.4925 0.467910447761194 0.0485 0.09104477611940298
2 0.132 0.9529850746268657 0.1085 0.09402985074626866
3 0.136 0.8925373134328358 0.039 0.14477611940298507
3 0.4685 0.4619402985074627 0.026 0.11940298507462686
3 0.4985 0.42313432835820897 0.033 0.12014925373134329
3 0.5395 0.4470149253731343 0.032 0.11865671641791045