1 0.122 0.7425373134328358 0.2005 0.21865671641791046
1 0.5 0.5417910447761194 0.113 0.12686567164179105
1 0.3045 0.5343283582089552 0.15 0.1417910447761194
1 0.3325 0.7298507462686568 0.1865 0.25970149253731345
1 0.1205 0.932089552238806 0.241 0.1328358208955224
1 0.4365 0.4343283582089552 0.0995 0.10746268656716418
1 0.555 0.44104477611940296 0.1025 0.1335820895522388
1 0.121 0.4373134328358209 0.1595 0.12313432835820895
1 0.663 0.31492537313432833 0.0675 0.08880597014925373
1 0.6155 0.3619402985074627 0.075 0.11791044776119403
0 0.5605 0.2671641791044776 0.138 0.18582089552238806
0 0.648 0.21641791044776118 0.055 0.11044776119402985
2 0.783 0.7432835820895523 0.0385 0.0791044776119403
2 0.792 0.4955223880597015 0.0335 0.05298507462686567
3 0.7955 0.45298507462686566 0.0245 0.06194029850746269
3 0.7875 0.6649253731343283 0.0295 0.09402985074626866