2 0.2695 0.7805970149253731 0.054 0.14029850746268657
2 0.21 0.6492537313432836 0.038 0.12014925373134329
2 0.2485 0.4164179104477612 0.0635 0.06194029850746269
2 0.592 0.3753731343283582 0.0445 0.04253731343283582
2 0.303 0.33432835820895523 0.0285 0.04552238805970149
1 0.953 0.5082089552238805 0.094 0.15597014925373134
1 0.7535 0.3888059701492537 0.0835 0.08656716417910448
1 0.6675 0.3402985074626866 0.063 0.07388059701492537
1 0.609 0.30970149253731344 0.071 0.049253731343283584
1 0.7435 0.332089552238806 0.0745 0.0664179104477612
1 0.823 0.38656716417910447 0.0845 0.0873134328358209
1 0.942 0.42761194029850746 0.116 0.09029850746268657
1 0.951 0.3746268656716418 0.098 0.06567164179104477
3 0.271 0.685820895522388 0.0435 0.13432835820895522
3 0.2115 0.5917910447761194 0.0435 0.10149253731343283
3 0.1825 0.4753731343283582 0.0245 0.09328358208955224
3 0.2405 0.4059701492537313 0.027 0.08358208955223881
3 0.5905 0.3656716417910448 0.015 0.08507462686567165
1 0.4955 0.2619402985074627 0.0335 0.03582089552238806