0 0.282 0.7097014925373134 0.249 0.5798507462686567
1 0.21 0.514179104477612 0.1145 0.24402985074626865
0 0.3475 0.3417910447761194 0.09 0.16940298507462687
1 0.451 0.2835820895522388 0.031 0.056716417910447764
3 0.8555 0.5388059701492537 0.0135 0.08656716417910448
3 0.846 0.5320895522388059 0.01 0.0708955223880597
2 0.155 0.4552238805970149 0.0275 0.0791044776119403
3 0.1575 0.4305970149253731 0.0215 0.07537313432835821
2 0.216 0.3835820895522388 0.0185 0.028358208955223882
3 0.218 0.367910447761194 0.0135 0.03582089552238806
2 0.2565 0.34701492537313433 0.019 0.049253731343283584
3 0.258 0.32611940298507464 0.014 0.04402985074626865
2 0.2375 0.332089552238806 0.0145 0.03656716417910448
3 0.238 0.31417910447761194 0.0115 0.04626865671641791
2 0.2855 0.45149253731343286 0.026 0.05970149253731343
3 0.288 0.4253731343283582 0.0165 0.05298507462686567
2 0.527 0.31716417910447764 0.0125 0.03880597014925373
3 0.529 0.3074626865671642 0.01 0.03955223880597015
2 0.552 0.3201492537313433 0.0105 0.03731343283582089
3 0.553 0.3044776119402985 0.0115 0.03208955223880597
2 0.4885 0.282089552238806 0.0065 0.028358208955223882
3 0.4895 0.26791044776119405 0.0065 0.030597014925373135