4 0.409 0.5223880597014925 0.126 0.16940298507462687
1 0.757 0.573134328358209 0.13 0.20149253731343283
1 0.4375 0.923134328358209 0.3135 0.1537313432835821
1 0.7435 0.9544776119402985 0.2025 0.09104477611940298
1 0.6975 0.382089552238806 0.078 0.09776119402985074
4 0.76 0.29701492537313434 0.0615 0.13208955223880597
1 0.559 0.5022388059701492 0.1255 0.15298507462686567
1 0.66 0.3440298507462687 0.06 0.0962686567164179
4 0.7415 0.24701492537313433 0.0595 0.12164179104477611
1 0.8235 0.2335820895522388 0.0435 0.08507462686567165
2 0.187 0.9007462686567164 0.098 0.19850746268656716
2 0.0615 0.9291044776119403 0.1225 0.1417910447761194
2 0.291 0.6925373134328359 0.0555 0.13805970149253732
2 0.1505 0.7611940298507462 0.086 0.16865671641791044
2 0.876 0.746268656716418 0.041 0.10597014925373134
1 0.8665 0.28059701492537314 0.0375 0.06343283582089553
3 0.1485 0.667910447761194 0.0405 0.08880597014925373
3 0.291 0.6134328358208955 0.0485 0.08208955223880597
3 0.1815 0.7962686567164179 0.0525 0.09925373134328358
3 0.048 0.8559701492537314 0.056 0.10671641791044777
3 0.079 0.8276119402985075 0.041 0.11492537313432835
3 0.8785 0.6656716417910448 0.0435 0.10746268656716418