1 0.6015 0.7791044776119403 0.1395 0.2171641791044776
1 0.2905 0.5328358208955224 0.0765 0.19328358208955224
1 0.3065 0.3753731343283582 0.05 0.11343283582089553
1 0.425 0.31417910447761194 0.0425 0.0664179104477612
1 0.395 0.22462686567164178 0.029 0.04253731343283582
2 0.045 0.9223880597014925 0.049 0.15447761194029852
2 0.008 0.7425373134328358 0.016 0.1328358208955224
2 0.096 0.7111940298507463 0.044 0.1328358208955224
2 0.0165 0.5977611940298507 0.0325 0.09328358208955224
2 0.145 0.5626865671641791 0.0295 0.08880597014925373
2 0.173 0.4664179104477612 0.021 0.06940298507462686
2 0.9355 0.9059701492537313 0.0535 0.1664179104477612
2 0.6515 0.685820895522388 0.0425 0.09850746268656717
2 0.5825 0.4783582089552239 0.0205 0.05149253731343283
3 0.047 0.8604477611940299 0.0525 0.14477611940298507
3 0.068 0.8432835820895522 0.0375 0.1708955223880597
3 0.0115 0.6955223880597015 0.023 0.13059701492537312
3 0.1025 0.6738805970149254 0.04 0.14328358208955225
3 0.0195 0.5708955223880597 0.035 0.1208955223880597
3 0.146 0.5261194029850746 0.028 0.11044776119402985
3 0.1765 0.44104477611940296 0.023 0.0873134328358209
3 0.6505 0.5813432835820895 0.034 0.08134328358208955
3 0.6495 0.6507462686567164 0.052 0.08134328358208955
3 0.723 0.5253731343283582 0.027 0.10597014925373134