0 0.28 0.3932835820895522 0.0915 0.21641791044776118
1 0.581 0.5313432835820896 0.13 0.18059701492537314
1 0.447 0.35447761194029853 0.061 0.0791044776119403
1 0.3735 0.3611940298507463 0.0565 0.0955223880597015
1 0.73 0.3723880597014925 0.0835 0.08432835820895522
1 0.9455 0.4343283582089552 0.1085 0.09850746268656717
1 0.821 0.37089552238805973 0.091 0.0791044776119403
1 0.495 0.27313432835820894 0.0405 0.03880597014925373
1 0.664 0.31044776119402984 0.0625 0.05895522388059701
2 0.271 0.9037313432835821 0.054 0.1791044776119403
3 0.272 0.7955223880597015 0.045 0.09850746268656717
3 0.1615 0.65 0.0395 0.0708955223880597
3 0.2595 0.5940298507462687 0.0365 0.06791044776119402
3 0.361 0.6694029850746268 0.042 0.07462686567164178
3 0.2065 0.5156716417910447 0.0305 0.048507462686567165
1 0.135 0.5134328358208955 0.031 0.05373134328358209
2 0.1365 0.5701492537313433 0.035 0.09701492537313433
2 0.206 0.5753731343283582 0.035 0.09850746268656717
2 0.163 0.741044776119403 0.0445 0.1373134328358209
2 0.259 0.6686567164179105 0.039 0.12238805970149254
2 0.3605 0.7611940298507462 0.045 0.14029850746268657
2 0.574 0.3798507462686567 0.042 0.03507462686567164
2 0.6025 0.3716417910447761 0.0145 0.04029850746268657