1 0.26 0.7858208955223881 0.2505 0.36716417910447763
3 0.054 0.7089552238805971 0.055 0.16417910447761194
2 0.046 0.7932835820895522 0.0915 0.23283582089552238
3 0.768 0.6432835820895523 0.036 0.1947761194029851
3 0.432 0.8470149253731343 0.064 0.20746268656716418
3 0.5325 0.6888059701492537 0.0515 0.1783582089552239
3 0.624 0.5208955223880597 0.026 0.13805970149253732
3 0.912 0.5992537313432836 0.035 0.1373134328358209
2 0.764 0.685820895522388 0.117 0.17164179104477612
2 0.461 0.6373134328358209 0.041 0.11865671641791045
2 0.047 0.5694029850746268 0.049 0.09253731343283582
2 0.4295 0.9022388059701493 0.128 0.1947761194029851