1 0.379 0.40746268656716417 0.072 0.10970149253731343
1 0.474 0.3694029850746269 0.064 0.08880597014925373
1 0.556 0.3611940298507463 0.117 0.09179104477611941
1 0.9525 0.4843283582089552 0.095 0.1335820895522388
1 0.369 0.2992537313432836 0.0365 0.05149253731343283
1 0.276 0.28507462686567164 0.031 0.05298507462686567
1 0.349 0.26492537313432835 0.031 0.04029850746268657
1 0.3025 0.2664179104477612 0.0275 0.041791044776119404
3 0.367 0.7111940298507463 0.0475 0.1
3 0.234 0.6962686567164179 0.057 0.11492537313432835
3 0.3105 0.5350746268656716 0.035 0.09029850746268657
3 0.3685 0.5402985074626866 0.032 0.08880597014925373
3 0.1135 0.5694029850746268 0.0375 0.07761194029850746
3 0.086 0.664179104477612 0.047 0.09179104477611941
3 0.0405 0.5574626865671641 0.033 0.09029850746268657
3 0.1885 0.45746268656716416 0.024 0.05149253731343283
3 0.246 0.467910447761194 0.036 0.06417910447761194
3 0.236 0.4261194029850746 0.0235 0.04477611940298507
3 0.267 0.3783582089552239 0.0205 0.04029850746268657
3 0.1395 0.3746268656716418 0.018 0.04328358208955224
3 0.1785 0.3522388059701492 0.018 0.04029850746268657
3 0.265 0.3805970149253731 0.0155 0.03880597014925373
3 0.286 0.34701492537313433 0.014 0.027611940298507463
3 0.5635 0.3850746268656716 0.026 0.08208955223880597
3 0.469 0.3761194029850746 0.021 0.04477611940298507
3 0.424 0.3447761194029851 0.014 0.03731343283582089
3 0.6485 0.36343283582089553 0.0235 0.07611940298507462
3 0.299 0.3365671641791045 0.014 0.03507462686567164
2 0.3705 0.8044776119402985 0.0475 0.13582089552238805
2 0.2345 0.7723880597014925 0.0345 0.14477611940298507
2 0.0875 0.7402985074626866 0.0455 0.13059701492537312
2 0.0365 0.6067164179104477 0.043 0.1
2 0.1115 0.6231343283582089 0.049 0.08208955223880597
2 0.194 0.5067164179104477 0.032 0.0664179104477612
2 0.249 0.5171641791044777 0.0365 0.06791044776119402
2 0.215 0.6380597014925373 0.0375 0.0955223880597015
2 0.31 0.5865671641791045 0.0345 0.10671641791044777
2 0.3725 0.5940298507462687 0.043 0.09029850746268657
2 0.267 0.41119402985074627 0.033 0.05522388059701493
2 0.235 0.4552238805970149 0.0305 0.06119402985074627
2 0.142 0.4044776119402985 0.0235 0.04701492537313433
2 0.068 0.4544776119402985 0.0295 0.058208955223880594
2 0.181 0.3798507462686567 0.0205 0.03731343283582089
2 0.225 0.34328358208955223 0.0205 0.030597014925373135
2 0.292 0.38731343283582087 0.018 0.04701492537313433
2 0.338 0.34328358208955223 0.0225 0.03582089552238806