1 0.6035 0.6947761194029851 0.1525 0.25
1 0.6865 0.5619402985074626 0.135 0.1626865671641791
1 0.442 0.558955223880597 0.093 0.13208955223880597
1 0.4935 0.43507462686567167 0.0585 0.0664179104477612
1 0.408 0.417910447761194 0.054 0.0664179104477612
2 0.4915 0.814179104477612 0.067 0.1417910447761194
2 0.792 0.8 0.0775 0.15522388059701492
2 0.2055 0.7955223880597015 0.036 0.13582089552238805
2 0.294 0.9567164179104478 0.07 0.08656716417910448
2 0.311 0.8305970149253732 0.033 0.14477611940298507
2 0.247 0.7335820895522388 0.0295 0.11417910447761194
2 0.2795 0.764179104477612 0.0235 0.11940298507462686
2 0.2185 0.6604477611940298 0.032 0.09328358208955224
2 0.031 0.8134328358208955 0.0475 0.13208955223880597
2 0.069 0.6813432835820895 0.036 0.09029850746268657
3 0.1545 0.9656716417910448 0.056 0.06865671641791045
3 0.2885 0.8985074626865671 0.0595 0.1253731343283582
3 0.313 0.7529850746268657 0.043 0.10298507462686567
3 0.485 0.744776119402985 0.0445 0.11119402985074626
3 0.611 0.9477611940298507 0.0775 0.1044776119402985
3 0.7835 0.7328358208955223 0.0515 0.1126865671641791
3 0.246 0.6604477611940298 0.036 0.09029850746268657
3 0.282 0.6940298507462687 0.0345 0.10671641791044777
3 0.2055 0.7261194029850746 0.047 0.08880597014925373
3 0.0275 0.764179104477612 0.0415 0.15298507462686567
3 0.0665 0.6432835820895523 0.0265 0.1
3 0.5725 0.5447761194029851 0.04 0.0626865671641791
3 0.9275 0.5462686567164179 0.04 0.09029850746268657