3 0.1435 0.7559701492537313 0.042 0.15
2 0.1265 0.8388059701492537 0.106 0.14701492537313432
1 0.42 0.29328358208955224 0.0325 0.06492537313432836
1 0.474 0.2917910447761194 0.0445 0.07238805970149254
1 0.4075 0.23582089552238805 0.037 0.057462686567164176
1 0.44 0.2619402985074627 0.0445 0.055970149253731345
3 0.8865 0.9447761194029851 0.047 0.10970149253731343
3 0.659 0.7380597014925373 0.021 0.13582089552238805
3 0.959 0.8514925373134329 0.0495 0.1126865671641791
3 0.9825 0.9664179104477612 0.035 0.06716417910447761
2 0.092 0.5865671641791045 0.046 0.09850746268656717