1 0.436 0.5746268656716418 0.1345 0.18358208955223881
1 0.338 0.7761194029850746 0.194 0.25149253731343285
1 0.4865 0.46865671641791046 0.074 0.10298507462686567
1 0.531 0.3925373134328358 0.064 0.08582089552238806
1 0.4275 0.3686567164179104 0.0615 0.07238805970149254
1 0.303 0.3604477611940298 0.0885 0.09104477611940298
1 0.6335 0.25223880597014925 0.028 0.03507462686567164
1 0.0775 0.5029850746268657 0.1495 0.15223880597014924
0 0.142 0.3291044776119403 0.278 0.22313432835820896
1 0.678 0.43134328358208956 0.115 0.13656716417910447
1 0.394 0.291044776119403 0.0605 0.07313432835820896
1 0.673 0.8119402985074626 0.046 0.11791044776119403
3 0.622 0.6253731343283582 0.042 0.10970149253731343
3 0.5995 0.41865671641791047 0.018 0.05223880597014925
3 0.659 0.5298507462686567 0.0155 0.07164179104477612
3 0.371 0.3783582089552239 0.017 0.06492537313432836
3 0.2985 0.2701492537313433 0.008 0.041044776119402986
3 0.803 0.7149253731343284 0.034 0.09701492537313433
3 0.786 0.685820895522388 0.033 0.09776119402985074
3 0.898 0.7985074626865671 0.055 0.11492537313432835
3 0.807 0.9402985074626866 0.056 0.11865671641791045
3 0.7155 0.5985074626865672 0.0335 0.07611940298507462
3 0.6975 0.691044776119403 0.034 0.11865671641791045
3 0.9285 0.9559701492537314 0.046 0.08432835820895522
3 0.9035 0.9425373134328359 0.0265 0.0873134328358209
3 0.849 0.4261194029850746 0.012 0.09179104477611941
3 0.641 0.30223880597014924 0.0125 0.03731343283582089
3 0.6565 0.28955223880597014 0.0155 0.04552238805970149
3 0.6945 0.5126865671641792 0.025 0.07686567164179105
2 0.66 0.9074626865671642 0.0695 0.12611940298507462
2 0.754 0.8917910447761194 0.0415 0.09925373134328358
2 0.961 0.5365671641791044 0.0355 0.11044776119402985
2 0.8875 0.8805970149253731 0.0475 0.07238805970149254
1 0.98 0.8044776119402985 0.04 0.18134328358208956
2 0.618 0.673134328358209 0.033 0.11567164179104478
1 0.1065 0.9261194029850747 0.2075 0.14776119402985075
1 0.468 0.2656716417910448 0.058 0.04701492537313433
2 0.596 0.4634328358208955 0.0255 0.06791044776119402
2 0.795 0.7917910447761194 0.0345 0.07313432835820896
2 0.7445 0.5358208955223881 0.031 0.09925373134328358
2 0.846 0.4455223880597015 0.0415 0.07164179104477612
2 0.8965 0.4597014925373134 0.0485 0.06044776119402985
2 0.94 0.4253731343283582 0.038 0.06119402985074627
2 0.624 0.5395522388059701 0.0375 0.0626865671641791
2 0.6925 0.744776119402985 0.0345 0.08208955223880597