1 0.4965 0.3880597014925373 0.05 0.07313432835820896
3 0.0875 0.9783582089552239 0.0575 0.04253731343283582
3 0.1275 0.6462686567164179 0.0435 0.09328358208955224
3 0.1415 0.4843283582089552 0.0195 0.05447761194029851
2 0.126 0.7074626865671642 0.0335 0.08955223880597014
3 0.698 0.564179104477612 0.0305 0.06716417910447761
3 0.856 0.5395522388059701 0.0265 0.08432835820895522
3 0.6565 0.7007462686567164 0.0355 0.1126865671641791
3 0.588 0.5186567164179104 0.037 0.09850746268656717
3 0.177 0.5291044776119403 0.029 0.0955223880597015
2 0.1685 0.5626865671641791 0.037 0.08358208955223881
3 0.1425 0.43656716417910446 0.026 0.0880597014925373
2 0.1415 0.4835820895522388 0.047 0.05895522388059701
3 0.088 0.935820895522388 0.0425 0.05447761194029851