1 0.695 0.6164179104477612 0.139 0.25149253731343285
1 0.1735 0.8373134328358209 0.3465 0.3253731343283582
1 0.4955 0.5977611940298507 0.191 0.22611940298507463
1 0.608 0.4552238805970149 0.112 0.10820895522388059
1 0.69 0.3597014925373134 0.0765 0.11940298507462686
1 0.7855 0.4425373134328358 0.0825 0.1619402985074627
1 0.6105 0.3604477611940298 0.059 0.08358208955223881
2 0.3725 0.6447761194029851 0.0695 0.10373134328358209
2 0.026 0.8171641791044776 0.052 0.12686567164179105
2 0.89 0.6664179104477612 0.051 0.11044776119402985
2 0.879 0.5597014925373134 0.036 0.07537313432835821
2 0.9265 0.5014925373134328 0.02 0.0664179104477612
2 0.849 0.39850746268656717 0.023 0.048507462686567165
2 0.892 0.417910447761194 0.0215 0.04253731343283582
2 0.936 0.4417910447761194 0.028 0.05522388059701493
2 0.596 0.6276119402985074 0.051 0.14328358208955225
2 0.3205 0.7514925373134328 0.031 0.10970149253731343
2 0.6425 0.5022388059701492 0.04 0.09104477611940298
2 0.4245 0.5231343283582089 0.052 0.09104477611940298
2 0.3025 0.6052238805970149 0.0605 0.08955223880597014
2 0.237 0.6447761194029851 0.059 0.06417910447761194
3 0.1695 0.5902985074626865 0.0425 0.0880597014925373
3 0.256 0.5328358208955224 0.028 0.06417910447761194
3 0.296 0.5455223880597015 0.0225 0.08656716417910448
3 0.3095 0.5559701492537313 0.0265 0.09104477611940298
3 0.3765 0.5895522388059702 0.036 0.14925373134328357
3 0.5995 0.582089552238806 0.033 0.15746268656716417
3 0.893 0.5992537313432836 0.037 0.10074626865671642
3 0.883 0.5126865671641792 0.039 0.08955223880597014
3 0.168 0.5925373134328358 0.0185 0.0962686567164179
3 0.006 0.7104477611940299 0.0115 0.09776119402985074
3 0.0175 0.6873134328358209 0.0345 0.08880597014925373
3 0.077 0.6888059701492537 0.028 0.0955223880597015
3 0.069 0.6320895522388059 0.023 0.09253731343283582
3 0.105 0.5380597014925373 0.027 0.08358208955223881
3 0.288 0.47388059701492535 0.027 0.07985074626865672
3 0.3325 0.5149253731343284 0.023 0.09925373134328358
3 0.3495 0.4917910447761194 0.023 0.0962686567164179
3 0.4275 0.47313432835820896 0.0175 0.08955223880597014
3 0.4895 0.45597014925373136 0.016 0.06940298507462686
3 0.455 0.44104477611940296 0.0185 0.09104477611940298