1 0.4585 0.7052238805970149 0.3075 0.3619402985074627
1 0.356 0.45597014925373136 0.207 0.2783582089552239
1 0.5085 0.1701492537313433 0.095 0.23134328358208955
1 0.0305 0.5559701492537313 0.061 0.3746268656716418
2 0.695 0.43955223880597016 0.068 0.15074626865671642
2 0.6955 0.2537313432835821 0.037 0.07537313432835821
2 0.9225 0.43656716417910446 0.023 0.1619402985074627
2 0.397 0.29850746268656714 0.045 0.06791044776119402
2 0.435 0.14253731343283582 0.0345 0.08507462686567165
2 0.785 0.23656716417910448 0.064 0.17761194029850746
3 0.595 0.3559701492537313 0.039 0.15223880597014924
3 0.3915 0.258955223880597 0.0385 0.13059701492537312
3 0.702 0.3902985074626866 0.044 0.14029850746268657
3 0.4355 0.09402985074626866 0.0415 0.08208955223880597