1 0.478 0.85 0.1725 0.29701492537313434
1 0.4935 0.5231343283582089 0.1285 0.15970149253731344
1 0.7115 0.8514925373134329 0.2015 0.25522388059701495
0 0.901 0.7522388059701492 0.195 0.44104477611940296
0 0.9245 0.42014925373134326 0.151 0.21940298507462686
1 0.6885 0.5746268656716418 0.1425 0.1626865671641791
1 0.3625 0.33432835820895523 0.07 0.09029850746268657
1 0.2975 0.2783582089552239 0.0435 0.0708955223880597
0 0.2625 0.21641791044776118 0.05 0.08432835820895522
1 0.3215 0.22835820895522388 0.036 0.06417910447761194
2 0.1945 0.6671641791044776 0.0175 0.0880597014925373
3 0.1925 0.594776119402985 0.017 0.07388059701492537
2 0.186 0.4417910447761194 0.011 0.049253731343283584
3 0.1845 0.4126865671641791 0.0095 0.05
1 0.4215 0.31044776119402984 0.0955 0.13208955223880597