1 0.602 0.7694029850746269 0.28 0.46119402985074626
2 0.3585 0.9164179104477612 0.067 0.1664179104477612
2 0.236 0.9261194029850747 0.078 0.14776119402985075
2 0.2375 0.7119402985074627 0.055 0.12313432835820895
2 0.2925 0.6537313432835821 0.0385 0.11343283582089553
2 0.0925 0.6380597014925373 0.0395 0.11492537313432835
2 0.029 0.6649253731343283 0.037 0.11641791044776119
2 0.0485 0.5231343283582089 0.0305 0.06716417910447761
3 0.3565 0.8186567164179105 0.069 0.1664179104477612
3 0.2345 0.8582089552238806 0.063 0.15522388059701492
3 0.231 0.6320895522388059 0.035 0.09477611940298507
3 0.2865 0.5873134328358209 0.036 0.08582089552238806
3 0.093 0.582089552238806 0.041 0.09328358208955224
3 0.037 0.6141791044776119 0.035 0.11194029850746269
3 0.0465 0.4753731343283582 0.0315 0.057462686567164176
2 0.6945 0.4246268656716418 0.055 0.06194029850746269
2 0.6825 0.42313432835820897 0.0605 0.05298507462686567
3 0.672 0.38731343283582087 0.022 0.05298507462686567
3 0.697 0.3962686567164179 0.0185 0.06716417910447761
1 0.9635 0.5223880597014925 0.073 0.17388059701492536
1 0.5565 0.4425373134328358 0.106 0.12313432835820895
1 0.4325 0.41492537313432837 0.065 0.09179104477611941
1 0.4585 0.3604477611940298 0.058 0.06343283582089553
1 0.3575 0.32164179104477614 0.043 0.04477611940298507
1 0.89 0.4373134328358209 0.1035 0.09029850746268657
1 0.9755 0.367910447761194 0.049 0.07985074626865672
1 0.6525 0.3417910447761194 0.076 0.06343283582089553
1 0.5805 0.3194029850746269 0.0475 0.05895522388059701
1 0.672 0.32238805970149254 0.05 0.05