1 0.236 0.5597014925373134 0.2395 0.2253731343283582
1 0.7895 0.27686567164179104 0.1105 0.08432835820895522
1 0.9895 0.5962686567164179 0.021 0.3
2 0.467 0.4753731343283582 0.055 0.09925373134328358
2 0.602 0.35149253731343283 0.047 0.08059701492537313
2 0.543 0.34328358208955223 0.049 0.08208955223880597
2 0.3725 0.3649253731343284 0.021 0.09253731343283582
2 0.961 0.36343283582089553 0.0265 0.08656716417910448
3 0.589 0.30895522388059704 0.022 0.06194029850746269
3 0.4525 0.4253731343283582 0.024 0.07985074626865672
3 0.9675 0.3119402985074627 0.0275 0.04402985074626865
3 0.5395 0.30074626865671644 0.027 0.05223880597014925
1 0.326 0.2582089552238806 0.088 0.09776119402985074