1 0.461 0.43656716417910446 0.084 0.12761194029850748
1 0.536 0.3813432835820896 0.0925 0.06791044776119402
1 0.5715 0.3522388059701492 0.097 0.06044776119402985
1 0.641 0.32985074626865674 0.0555 0.049253731343283584
1 0.537 0.31492537313432833 0.0875 0.03805970149253731
1 0.722 0.3686567164179104 0.0715 0.07388059701492537
1 0.734 0.3455223880597015 0.072 0.06417910447761194
1 0.861 0.39552238805970147 0.098 0.09104477611940298
2 0.115 0.48582089552238805 0.064 0.07537313432835821
3 0.111 0.46865671641791046 0.021 0.08358208955223881
2 0.217 0.45597014925373136 0.023 0.06417910447761194
2 0.193 0.3776119402985075 0.0195 0.04776119402985075
2 0.2305 0.41865671641791047 0.0225 0.06044776119402985
2 0.14 0.3888059701492537 0.019 0.048507462686567165
2 0.1 0.3813432835820896 0.023 0.05298507462686567
2 0.3075 0.37089552238805973 0.015 0.04402985074626865
2 0.347 0.32985074626865674 0.014 0.04253731343283582
3 0.3075 0.3417910447761194 0.0155 0.033582089552238806
3 0.2285 0.38283582089552237 0.02 0.041791044776119404
3 0.5635 0.40671641791044777 0.019 0.07686567164179105
2 0.7 0.4298507462686567 0.054 0.06865671641791045
2 0.7565 0.4716417910447761 0.064 0.0791044776119403
1 0.7985 0.34626865671641793 0.0655 0.06119402985074627
3 0.757 0.4552238805970149 0.0215 0.08059701492537313
3 0.6995 0.41567164179104477 0.02 0.07164179104477612