0 0.729 0.7082089552238806 0.264 0.5835820895522388
1 0.805 0.517910447761194 0.1215 0.25970149253731345
0 0.659 0.33432835820895523 0.0955 0.1798507462686567
1 0.5495 0.27238805970149255 0.0325 0.06044776119402985
3 0.1205 0.5432835820895522 0.0145 0.09179104477611941
3 0.1305 0.5365671641791044 0.011 0.07537313432835821
2 0.863 0.4544776119402985 0.029 0.08358208955223881
3 0.8605 0.42835820895522386 0.023 0.08059701492537313
2 0.7985 0.37910447761194027 0.0195 0.030597014925373135
3 0.797 0.3619402985074627 0.0145 0.03805970149253731
2 0.7555 0.33955223880597013 0.02 0.05298507462686567
3 0.754 0.31791044776119404 0.0145 0.04701492537313433
2 0.7755 0.3246268656716418 0.0155 0.03880597014925373
3 0.7755 0.30522388059701494 0.012 0.049253731343283584
2 0.725 0.4507462686567164 0.0275 0.06343283582089553
3 0.7225 0.42313432835820897 0.0175 0.056716417910447764
2 0.4685 0.3082089552238806 0.013 0.041791044776119404
3 0.4665 0.29776119402985074 0.0105 0.04253731343283582
2 0.4425 0.3111940298507463 0.011 0.03955223880597015
3 0.441 0.2947761194029851 0.012 0.034328358208955224
2 0.51 0.2708955223880597 0.007 0.030597014925373135
3 0.5085 0.25597014925373135 0.007 0.03208955223880597