1 0.7415 0.31492537313432833 0.079 0.04552238805970149
3 0.99 0.3641791044776119 0.015 0.04477611940298507
2 0.8715 0.35522388059701493 0.0285 0.03805970149253731
2 0.2595 0.49850746268656715 0.055 0.0880597014925373
2 0.19 0.47313432835820896 0.055 0.08208955223880597
2 0.0505 0.6350746268656716 0.065 0.10970149253731343
2 0.0785 0.5044776119402985 0.0485 0.07611940298507462
2 0.3075 0.594776119402985 0.0565 0.10746268656716418
1 0.492 0.24850746268656718 0.039 0.06343283582089553
1 0.3045 0.26119402985074625 0.0285 0.0626865671641791
1 0.269 0.26940298507462684 0.0265 0.05970149253731343
1 0.339 0.25970149253731345 0.0255 0.05522388059701493
3 0.307 0.5313432835820896 0.0285 0.09402985074626866