1 0.083 0.6417910447761194 0.1655 0.15522388059701492
1 0.9755 0.6529850746268657 0.049 0.14701492537313432
1 0.561 0.3238805970149254 0.056 0.07761194029850746
1 0.5275 0.3082089552238806 0.0445 0.07462686567164178
1 0.6 0.2947761194029851 0.0345 0.058208955223880594
2 0.568 0.2417910447761194 0.05 0.08059701492537313
2 0.3385 0.6447761194029851 0.078 0.0791044776119403
2 0.232 0.6335820895522388 0.075 0.06417910447761194
2 0.448 0.6156716417910447 0.076 0.07611940298507462
2 0.535 0.6044776119402985 0.074 0.06940298507462686
2 0.614 0.591044776119403 0.0655 0.0708955223880597
2 0.738 0.5649253731343283 0.068 0.06791044776119402
2 0.79 0.5380597014925373 0.061 0.05970149253731343
2 0.912 0.5529850746268656 0.0615 0.06417910447761194
2 0.2045 0.5955223880597015 0.056 0.07462686567164178
2 0.259 0.5746268656716418 0.071 0.06791044776119402
2 0.356 0.5649253731343283 0.067 0.056716417910447764
2 0.0195 0.5462686567164179 0.039 0.04328358208955224
3 0.448 0.5895522388059702 0.0335 0.09328358208955224
3 0.336 0.6201492537313433 0.031 0.10671641791044777
3 0.353 0.5380597014925373 0.022 0.09029850746268657
3 0.204 0.5649253731343283 0.036 0.09179104477611941
3 0.231 0.6104477611940299 0.035 0.09328358208955224
3 0.011 0.5253731343283582 0.022 0.10522388059701493
3 0.074 0.5343283582089552 0.0305 0.0791044776119403
3 0.5365 0.5776119402985075 0.0265 0.1
3 0.614 0.5746268656716418 0.025 0.09850746268656717
3 0.735 0.5410447761194029 0.025 0.09850746268656717
3 0.7885 0.5201492537313432 0.028 0.08507462686567165
3 0.9145 0.5350746268656716 0.021 0.0873134328358209
3 0.5605 0.5126865671641792 0.0275 0.07761194029850746
2 0.554 0.5350746268656716 0.067 0.0664179104477612
2 0.3265 0.5261194029850746 0.061 0.06417910447761194
3 0.2475 0.5529850746268656 0.0295 0.08880597014925373
3 0.2665 0.5507462686567164 0.0235 0.07388059701492537
3 0.619 0.5350746268656716 0.019 0.06791044776119402
3 0.63 0.5373134328358209 0.0195 0.0664179104477612