0 0.6595 0.23283582089552238 0.1315 0.36268656716417913
1 0.5205 0.19701492537313434 0.074 0.1925373134328358
1 0.3485 0.40746268656716417 0.2915 0.45671641791044776
2 0.233 0.8798507462686567 0.0575 0.15970149253731344
2 0.46 0.7820895522388059 0.123 0.16343283582089552
2 0.5565 0.6246268656716418 0.072 0.1373134328358209
2 0.6475 0.5537313432835821 0.02 0.07985074626865672
2 0.748 0.49701492537313435 0.0275 0.06492537313432836
3 0.8615 0.4253731343283582 0.0245 0.14776119402985075
3 0.8075 0.4044776119402985 0.03 0.09328358208955224
3 0.654 0.4634328358208955 0.033 0.1
3 0.533 0.5 0.0355 0.08358208955223881
3 0.4525 0.7194029850746269 0.0545 0.10820895522388059
3 0.2345 0.758955223880597 0.054 0.11343283582089553
3 0.748 0.4044776119402985 0.031 0.05149253731343283