1 0.168 0.7402985074626866 0.0755 0.14626865671641792
1 0.1825 0.5716417910447761 0.041 0.06567164179104477
1 0.252 0.4880597014925373 0.0355 0.06492537313432836
1 0.2805 0.46567164179104475 0.022 0.05298507462686567
4 0.353 0.4873134328358209 0.038 0.10074626865671642
1 0.3955 0.48134328358208955 0.0285 0.05970149253731343
3 0.595 0.6164179104477612 0.018 0.06417910447761194
3 0.6375 0.6044776119402985 0.0145 0.06940298507462686
3 0.6975 0.6402985074626866 0.013 0.07985074626865672
3 0.766 0.673134328358209 0.014 0.07611940298507462
2 0.77 0.6805970149253732 0.037 0.04477611940298507
2 0.6985 0.6507462686567164 0.028 0.05373134328358209
2 0.592 0.6425373134328358 0.025 0.03283582089552239
2 0.6405 0.6208955223880597 0.025 0.05149253731343283