1 0.2795 0.4955223880597015 0.0935 0.1455223880597015
1 0.4635 0.3567164179104478 0.06 0.1291044776119403
1 0.717 0.4507462686567164 0.104 0.14402985074626865
1 0.639 0.30970149253731344 0.068 0.08059701492537313
1 0.7595 0.3529850746268657 0.083 0.09850746268656717
1 0.6815 0.2507462686567164 0.0545 0.06716417910447761
1 0.586 0.1865671641791045 0.0395 0.050746268656716415
1 0.6315 0.17313432835820897 0.047 0.05970149253731343
1 0.9535 0.6798507462686567 0.093 0.23134328358208955
1 0.2725 0.15746268656716417 0.037 0.06716417910447761
1 0.4675 0.22313432835820896 0.0445 0.10149253731343283
1 0.3925 0.14328358208955225 0.025 0.03880597014925373
1 0.846 0.29253731343283584 0.0585 0.0791044776119403
0 0.9385 0.4537313432835821 0.123 0.3074626865671642
0 0.4315 0.13805970149253732 0.0345 0.0880597014925373
2 0.1325 0.7768656716417911 0.0595 0.11343283582089553
0 0.693 0.1761194029850746 0.06 0.1044776119402985
2 0.032 0.9186567164179105 0.064 0.15970149253731344
2 0.1855 0.5320895522388059 0.0345 0.08208955223880597
2 0.058 0.5783582089552238 0.0445 0.09701492537313433
2 0.0935 0.5126865671641792 0.0345 0.09104477611940298
2 0.1465 0.4253731343283582 0.0285 0.06417910447761194
2 0.243 0.41940298507462687 0.0275 0.05522388059701493
2 0.1675 0.47313432835820896 0.035 0.06865671641791045
2 0.202 0.3402985074626866 0.0125 0.04626865671641791
2 0.16 0.3641791044776119 0.026 0.06417910447761194
2 0.1295 0.35074626865671643 0.019 0.049253731343283584
2 0.2785 0.41567164179104477 0.02 0.03880597014925373
2 0.796 0.3238805970149254 0.0275 0.05223880597014925
2 0.2265 0.3238805970149254 0.0245 0.049253731343283584
2 0.0275 0.4626865671641791 0.027 0.06417910447761194
2 0.042 0.4164179104477612 0.0245 0.049253731343283584
3 0.14 0.6955223880597015 0.0425 0.08059701492537313
3 0.032 0.8649253731343284 0.051 0.1455223880597015
3 0.061 0.5373134328358209 0.0435 0.08955223880597014
3 0.1845 0.49850746268656715 0.0275 0.08059701492537313
3 0.244 0.3888059701492537 0.026 0.05970149253731343
3 0.282 0.39477611940298507 0.0235 0.05373134328358209
3 0.2015 0.3111940298507463 0.025 0.029850746268656716
3 0.226 0.29701492537313434 0.0235 0.03134328358208955
3 0.2395 0.26343283582089555 0.0215 0.03582089552238806
3 0.1115 0.3843283582089552 0.03 0.050746268656716415
3 0.091 0.46492537313432836 0.03 0.04477611940298507
3 0.06 0.5216417910447761 0.04 0.058208955223880594