0 0.709 0.5126865671641792 0.189 0.30522388059701494
1 0.4905 0.47761194029850745 0.081 0.15074626865671642
1 0.1925 0.6141791044776119 0.114 0.21343283582089553
1 0.2315 0.49029850746268655 0.0685 0.1335820895522388
1 0.298 0.42686567164179107 0.0795 0.09179104477611941
0 0.295 0.29253731343283584 0.0665 0.14328358208955225
2 0.3455 0.753731343283582 0.0335 0.12388059701492538
2 0.31 0.6276119402985074 0.038 0.10074626865671642
2 0.7175 0.9671641791044776 0.031 0.06567164179104477
2 0.522 0.7298507462686568 0.0275 0.07611940298507462
2 0.0475 0.6208955223880597 0.0295 0.10149253731343283
3 0.0575 0.5537313432835821 0.0285 0.06343283582089553
3 0.313 0.5686567164179105 0.0275 0.049253731343283584
3 0.3515 0.6798507462686567 0.03 0.06716417910447761
3 0.7175 0.8880597014925373 0.0405 0.0955223880597015
3 0.5215 0.6708955223880597 0.0265 0.05895522388059701
3 0.9215 0.8067164179104478 0.0435 0.12835820895522387