1 0.586 0.7149253731343284 0.1665 0.27313432835820894
1 0.6765 0.5701492537313433 0.1475 0.17761194029850746
1 0.409 0.5671641791044776 0.1015 0.14402985074626865
1 0.4655 0.43134328358208956 0.064 0.07313432835820896
1 0.3725 0.4126865671641791 0.059 0.07313432835820896
2 0.4635 0.8455223880597015 0.0735 0.15447761194029852
2 0.7915 0.8298507462686567 0.0845 0.1701492537313433
2 0.151 0.8253731343283582 0.0395 0.14850746268656717
2 0.2475 0.9768656716417911 0.0765 0.04626865671641791
2 0.266 0.8634328358208955 0.036 0.15746268656716417
2 0.196 0.7574626865671642 0.0325 0.12462686567164179
2 0.232 0.7902985074626866 0.0255 0.13059701492537312
2 0.165 0.6776119402985075 0.035 0.10149253731343283
2 0.01 0.6992537313432836 0.02 0.09701492537313433
3 0.095 0.9865671641791045 0.0615 0.026865671641791045
3 0.2405 0.9343283582089552 0.0655 0.13134328358208955
3 0.268 0.7783582089552239 0.047 0.11194029850746269
3 0.456 0.7694029850746269 0.0485 0.12164179104477611
3 0.5945 0.9671641791044776 0.0845 0.06567164179104477
3 0.7825 0.7567164179104477 0.0565 0.12313432835820895
3 0.195 0.6776119402985075 0.0395 0.09850746268656717
3 0.2345 0.7141791044776119 0.0375 0.11716417910447761
3 0.151 0.75 0.051 0.09701492537313433
3 0.006 0.6559701492537313 0.012 0.10895522388059702
3 0.5515 0.5514925373134328 0.0435 0.06791044776119402
3 0.94 0.5529850746268656 0.0435 0.09850746268656717