1 0.4715 0.8940298507462686 0.175 0.21194029850746268
1 0.08 0.8619402985074627 0.16 0.2753731343283582
1 0.107 0.6335820895522388 0.161 0.1582089552238806
1 0.342 0.5850746268656717 0.11 0.15
1 0.342 0.4544776119402985 0.09 0.10522388059701493
1 0.506 0.40373134328358207 0.065 0.08507462686567165
1 0.44 0.3798507462686567 0.076 0.09328358208955224
1 0.6275 0.3559701492537313 0.0485 0.07611940298507462
1 0.705 0.33955223880597013 0.04 0.0708955223880597
1 0.5525 0.34776119402985073 0.047 0.0626865671641791
1 0.5945 0.28507462686567164 0.039 0.05970149253731343
1 0.515 0.3082089552238806 0.056 0.06940298507462686
1 0.517 0.2619402985074627 0.049 0.04552238805970149
1 0.4595 0.594776119402985 0.136 0.22611940298507463
2 0.852 0.6186567164179104 0.071 0.07611940298507462
2 0.9785 0.6850746268656717 0.043 0.0791044776119403
2 0.1825 0.43283582089552236 0.051 0.04328358208955224
2 0.9025 0.5082089552238805 0.064 0.06940298507462686
2 0.985 0.5664179104477612 0.03 0.057462686567164176
2 0.986 0.5208955223880597 0.028 0.05522388059701493
2 0.7185 0.4552238805970149 0.0225 0.04477611940298507
3 0.8615 0.6097014925373134 0.025 0.11119402985074626
3 0.905 0.49402985074626865 0.0275 0.07611940298507462
3 0.183 0.41119402985074627 0.0195 0.06119402985074627
1 0.674 0.2746268656716418 0.04 0.06417910447761194
1 0.726 0.28134328358208954 0.033 0.05970149253731343
1 0.7865 0.2798507462686567 0.033 0.0708955223880597