3 0.056 0.9537313432835821 0.0535 0.09253731343283582
3 0.1895 0.9604477611940299 0.055 0.0791044776119403
3 0.0155 0.9440298507462687 0.0305 0.11119402985074626
3 0.237 0.4955223880597015 0.026 0.0962686567164179
3 0.338 0.4298507462686567 0.013 0.08059701492537313
3 0.346 0.4261194029850746 0.012 0.08432835820895522
3 0.1335 0.508955223880597 0.012 0.04029850746268657
3 0.145 0.5126865671641792 0.02 0.06791044776119402
3 0.342 0.3328358208955224 0.0135 0.07238805970149254
3 0.6565 0.746268656716418 0.032 0.11343283582089553
1 0.5595 0.5552238805970149 0.0885 0.13134328358208955
1 0.726 0.2701492537313433 0.0455 0.0873134328358209
1 0.7495 0.21343283582089553 0.027 0.03731343283582089
1 0.165 0.8253731343283582 0.114 0.22761194029850745
1 0.1005 0.6171641791044776 0.1425 0.16417910447761194
2 0.137 0.5283582089552239 0.044 0.04477611940298507
2 0.2345 0.5238805970149254 0.0405 0.07164179104477612
2 0.3365 0.45223880597014926 0.035 0.057462686567164176
2 0.656 0.8059701492537313 0.0275 0.07313432835820896
2 0.2055 0.9761194029850746 0.04 0.04776119402985075
2 0.0735 0.9761194029850746 0.024 0.04776119402985075
2 0.0125 0.9485074626865672 0.025 0.10298507462686567
1 0.018 0.2582089552238806 0.036 0.06194029850746269
1 0.5095 0.2253731343283582 0.069 0.05522388059701493
3 0.843 0.39925373134328357 0.0205 0.06417910447761194
3 0.669 0.3417910447761194 0.015 0.05223880597014925
3 0.654 0.4582089552238806 0.019 0.06716417910447761
3 0.7475 0.4455223880597015 0.013 0.05522388059701493
3 0.7575 0.3716417910447761 0.0125 0.05
3 0.766 0.29402985074626864 0.0105 0.03507462686567164
3 0.571 0.25298507462686565 0.0085 0.03134328358208955
3 0.575 0.24925373134328357 0.0065 0.03880597014925373
3 0.9145 0.5022388059701492 0.024 0.08656716417910448
2 0.9115 0.5305970149253731 0.048 0.058208955223880594
2 0.7455 0.48059701492537316 0.015 0.05223880597014925
2 0.6535 0.48880597014925375 0.017 0.05447761194029851
2 0.756 0.39850746268656717 0.0155 0.03283582089552239
2 0.766 0.3156716417910448 0.008 0.026119402985074626
2 0.806 0.32611940298507464 0.0085 0.026119402985074626
2 0.669 0.36268656716417913 0.013 0.03731343283582089
3 0.807 0.30597014925373134 0.011 0.034328358208955224
2 0.571 0.27313432835820894 0.0135 0.03283582089552239
4 0.638 0.1708955223880597 0.0245 0.056716417910447764