1 0.689 0.8067164179104478 0.174 0.38656716417910447
1 0.7545 0.3925373134328358 0.0805 0.12611940298507462
2 0.2575 0.9074626865671642 0.131 0.18507462686567164
2 0.3635 0.9335820895522388 0.094 0.1328358208955224
2 0.4875 0.8850746268656716 0.069 0.2298507462686567
2 0.4525 0.7007462686567164 0.041 0.10671641791044777
2 0.5225 0.5395522388059701 0.049 0.10223880597014925
3 0.469 0.6522388059701493 0.062 0.1417910447761194
3 0.2645 0.8291044776119403 0.043 0.17164179104477612
3 0.365 0.9037313432835821 0.0445 0.16791044776119404
3 0.4915 0.8276119402985075 0.07 0.20746268656716418
3 0.5235 0.505223880597015 0.0205 0.08880597014925373