1 0.204 0.5283582089552239 0.17 0.1537313432835821
1 0.124 0.4835820895522388 0.138 0.12388059701492538
2 0.4575 0.5470149253731343 0.091 0.08507462686567165
2 0.7565 0.3492537313432836 0.033 0.05223880597014925
2 0.6525 0.40298507462686567 0.0705 0.0791044776119403
2 0.6405 0.417910447761194 0.0325 0.06940298507462686
2 0.5635 0.3335820895522388 0.0505 0.06044776119402985
2 0.495 0.3604477611940298 0.044 0.05970149253731343
2 0.4635 0.4291044776119403 0.053 0.06119402985074627
2 0.4215 0.4791044776119403 0.0685 0.06567164179104477
2 0.408 0.3716417910447761 0.0595 0.06716417910447761
2 0.3375 0.41865671641791047 0.0585 0.07014925373134329
2 0.334 0.5044776119402985 0.0635 0.0955223880597015
2 0.6065 0.3776119402985075 0.052 0.07761194029850746
3 0.7615 0.3328358208955224 0.0105 0.0791044776119403
3 0.4155 0.45 0.0185 0.0873134328358209
3 0.429 0.45 0.014 0.08283582089552238
3 0.2095 0.40373134328358207 0.0205 0.08507462686567165
3 0.667 0.3559701492537313 0.016 0.07537313432835821
3 0.743 0.2783582089552239 0.0145 0.0664179104477612