1 0.2045 0.291044776119403 0.124 0.1208955223880597
2 0.1535 0.9014925373134328 0.054 0.18358208955223881
2 0.3675 0.6649253731343283 0.051 0.15298507462686567
2 0.2715 0.6701492537313433 0.043 0.15447761194029852
2 0.2615 0.5253731343283582 0.0375 0.11119402985074626
2 0.111 0.3417910447761194 0.0705 0.06940298507462686
2 0.0235 0.36716417910447763 0.033 0.0791044776119403
2 0.6295 0.39925373134328357 0.0295 0.08507462686567165
2 0.5795 0.4462686567164179 0.05 0.1044776119402985
2 0.2865 0.40298507462686567 0.047 0.09179104477611941
2 0.5505 0.8007462686567164 0.0885 0.1761194029850746
2 0.4545 0.7485074626865672 0.0475 0.16940298507462687
3 0.62 0.9522388059701492 0.08 0.0955223880597015
3 0.3615 0.5664179104477612 0.0515 0.10298507462686567
3 0.447 0.6380597014925373 0.0595 0.12388059701492538
3 0.5425 0.6947761194029851 0.068 0.19029850746268656
3 0.264 0.5597014925373134 0.0405 0.10820895522388059
3 0.245 0.45149253731343286 0.0385 0.09477611940298507
3 0.285 0.3485074626865672 0.032 0.06940298507462686
3 0.586 0.3977611940298508 0.031 0.09328358208955224
3 0.6305 0.3447761194029851 0.031 0.07462686567164178
3 0.0865 0.31492537313432833 0.0265 0.0873134328358209
3 0.1075 0.32686567164179103 0.0165 0.1126865671641791
3 0.017 0.31492537313432833 0.019 0.06417910447761194