2 0.328 0.7701492537313432 0.05 0.12611940298507462
2 0.2955 0.9238805970149254 0.0585 0.14477611940298507
2 0.2095 0.9723880597014926 0.065 0.05522388059701493
2 0.019 0.6507462686567164 0.0375 0.10149253731343283
2 0.1885 0.45 0.024 0.05298507462686567
2 0.2615 0.42686567164179107 0.028 0.048507462686567165
2 0.5345 0.4082089552238806 0.0545 0.041791044776119404
2 0.472 0.3798507462686567 0.05 0.03731343283582089
2 0.3725 0.3649253731343284 0.0265 0.030597014925373135
2 0.074 0.4619402985074627 0.0225 0.05447761194029851
2 0.022 0.514179104477612 0.044 0.07313432835820896
2 0.096 0.42761194029850746 0.025 0.05
2 0.611 0.3895522388059702 0.039 0.03731343283582089
2 0.224 0.39850746268656717 0.0195 0.03880597014925373
3 0.325 0.6888059701492537 0.039 0.10522388059701493
3 0.2815 0.8246268656716418 0.0635 0.11791044776119403
3 0.2105 0.9149253731343283 0.06 0.10970149253731343
3 0.015 0.5873134328358209 0.03 0.07014925373134329
3 0.1775 0.3895522388059702 0.022 0.04552238805970149
3 0.074 0.42686567164179107 0.022 0.05970149253731343
3 0.224 0.367910447761194 0.0195 0.03880597014925373
3 0.2615 0.3925373134328358 0.021 0.04029850746268657
3 0.187 0.4134328358208955 0.024 0.04328358208955224
3 0.391 0.3238805970149254 0.0165 0.03880597014925373
3 0.656 0.3716417910447761 0.0225 0.05149253731343283
3 0.609 0.36343283582089553 0.021 0.05447761194029851
3 0.529 0.37910447761194027 0.017 0.05
3 0.465 0.3537313432835821 0.026 0.05447761194029851
3 0.094 0.38656716417910447 0.0225 0.05149253731343283
1 0.454 0.3208955223880597 0.086 0.07238805970149254
1 0.6545 0.36268656716417913 0.0945 0.06940298507462686
1 0.952 0.35 0.096 0.08656716417910448
1 0.3065 0.258955223880597 0.026 0.03731343283582089
1 0.2575 0.2507462686567164 0.029 0.04328358208955224