1 0.494 0.8731343283582089 0.338 0.25149253731343285
2 0.71 0.676865671641791 0.1275 0.0962686567164179
2 0.7825 0.8305970149253732 0.1405 0.10298507462686567
2 0.5665 0.7067164179104478 0.12 0.1
3 0.4445 0.6925373134328359 0.0725 0.14776119402985075
2 0.955 0.7664179104477612 0.087 0.09701492537313433
2 0.433 0.7343283582089553 0.12 0.08134328358208955
3 0.785 0.7828358208955224 0.067 0.14328358208955225
2 0.1175 0.6492537313432836 0.112 0.1253731343283582
3 0.7135 0.6350746268656716 0.059 0.13507462686567165
2 0.166 0.48880597014925375 0.0635 0.0873134328358209
3 0.1105 0.6380597014925373 0.0685 0.18507462686567164
3 0.4085 0.5791044776119403 0.064 0.18955223880597014
3 0.6335 0.5604477611940298 0.051 0.17238805970149254
3 0.8005 0.7843283582089552 0.037 0.23582089552238805
2 0.393 0.6014925373134329 0.1725 0.12686567164179105