3 0.594 0.458955223880597 0.0535 0.058208955223880594
3 0.478 0.5402985074626866 0.044 0.13432835820895522
3 0.299 0.5694029850746268 0.061 0.13134328358208955
3 0.7795 0.5358208955223881 0.061 0.09701492537313433
3 0.862 0.42388059701492536 0.0455 0.1044776119402985
3 0.786 0.33955223880597013 0.0205 0.11417910447761194
3 0.4365 0.3656716417910448 0.0375 0.08656716417910448
3 0.522 0.3783582089552239 0.04 0.07985074626865672
3 0.5895 0.41044776119402987 0.043 0.10298507462686567
3 0.904 0.36343283582089553 0.0275 0.08955223880597014
1 0.741 0.291044776119403 0.154 0.14477611940298507
1 0.8925 0.3074626865671642 0.1225 0.17238805970149254
1 0.971 0.24104477611940298 0.058 0.15074626865671642
2 0.485 0.6097014925373134 0.0445 0.14925373134328357
2 0.7795 0.6492537313432836 0.074 0.15074626865671642
2 0.865 0.9395522388059702 0.0725 0.12014925373134329
2 0.866 0.7820895522388059 0.0535 0.2126865671641791
2 0.592 0.5462686567164179 0.051 0.1373134328358209
2 0.527 0.44776119402985076 0.0365 0.09402985074626866
2 0.587 0.4544776119402985 0.0575 0.08134328358208955
2 0.864 0.5014925373134328 0.0705 0.11417910447761194
2 0.7825 0.3537313432835821 0.0935 0.06791044776119402
2 0.537 0.3492537313432836 0.0615 0.08507462686567165
2 0.449 0.42014925373134326 0.0575 0.14328358208955225
2 0.2925 0.7828358208955224 0.0935 0.16492537313432837
2 0.3045 0.9492537313432836 0.108 0.10149253731343283
2 0.351 0.4134328358208955 0.0675 0.10149253731343283
3 0.3515 0.3619402985074627 0.035 0.10970149253731343
1 0.251 0.17537313432835822 0.0785 0.0955223880597015