4 0.58 0.7343283582089553 0.108 0.2671641791044776
1 0.441 0.9634328358208956 0.118 0.07313432835820896
2 0.1075 0.9791044776119403 0.0295 0.041791044776119404
3 0.0865 0.9686567164179104 0.0275 0.0626865671641791
3 0.075 0.9791044776119403 0.0195 0.041791044776119404
2 0.248 0.7388059701492538 0.03 0.06492537313432836
3 0.239 0.7194029850746269 0.009 0.04402985074626865
3 0.247 0.7238805970149254 0.0175 0.055970149253731345
1 0.6465 0.45298507462686566 0.0185 0.048507462686567165
2 0.4045 0.6238805970149254 0.0155 0.034328358208955224
2 0.4475 0.6097014925373134 0.014 0.03955223880597015
3 0.447 0.5873134328358209 0.0105 0.034328358208955224
3 0.403 0.6052238805970149 0.014 0.04253731343283582