1 0.838 0.8679104477611941 0.324 0.26417910447761195
1 0.5205 0.07014925373134329 0.068 0.14029850746268657
1 0.3955 0.10149253731343283 0.0835 0.1783582089552239
3 0.202 0.7567164179104477 0.0535 0.11417910447761194
2 0.023 0.7798507462686567 0.046 0.07761194029850746
3 0.714 0.7686567164179104 0.0935 0.20223880597014926
3 0.044 0.7350746268656716 0.081 0.15074626865671642
2 0.717 0.7932835820895522 0.1275 0.16417910447761194
2 0.616 0.7440298507462687 0.052 0.08880597014925373
2 0.5105 0.8052238805970149 0.16 0.13582089552238805
2 0.277 0.7014925373134329 0.1345 0.11567164179104478
2 0.8585 0.5708955223880597 0.1345 0.11865671641791045
2 0.5865 0.5925373134328358 0.0325 0.07462686567164178
2 0.52 0.6417910447761194 0.0535 0.05522388059701493
2 0.491 0.5537313432835821 0.0385 0.06194029850746269
2 0.3495 0.5194029850746269 0.0505 0.0955223880597015
2 0.2715 0.5776119402985075 0.0555 0.07761194029850746
2 0.1985 0.5522388059701493 0.1235 0.12611940298507462
2 0.123 0.4343283582089552 0.078 0.13507462686567165
2 0.1015 0.458955223880597 0.048 0.11417910447761194
2 0.148 0.40746268656716417 0.037 0.1126865671641791
2 0.015 0.6716417910447762 0.03 0.15
2 0.113 0.7582089552238805 0.076 0.10074626865671642
2 0.5005 0.3656716417910448 0.071 0.07686567164179105
2 0.467 0.2253731343283582 0.0475 0.08208955223880597
2 0.4175 0.28955223880597014 0.0415 0.08059701492537313
2 0.383 0.3582089552238806 0.0375 0.09029850746268657
2 0.3245 0.2417910447761194 0.052 0.0708955223880597
2 0.1755 0.19701492537313434 0.0425 0.1962686567164179
2 0.839 0.2462686567164179 0.083 0.11716417910447761
1 0.6255 0.517910447761194 0.2745 0.23208955223880598
1 0.193 0.9029850746268657 0.384 0.19402985074626866
3 0.8685 0.5119402985074627 0.054 0.12238805970149254
3 0.8505 0.6656716417910448 0.0505 0.13582089552238805
3 0.806 0.667910447761194 0.031 0.13432835820895522
3 0.7325 0.741044776119403 0.036 0.15149253731343285
3 0.6935 0.7470149253731343 0.0265 0.17537313432835822
3 0.6545 0.6201492537313433 0.035 0.13582089552238805
3 0.6245 0.6507462686567164 0.032 0.1865671641791045
3 0.518 0.7440298507462687 0.0545 0.14253731343283582
3 0.4615 0.5059701492537313 0.0345 0.08358208955223881
3 0.4565 0.6328358208955224 0.0445 0.17761194029850746
3 0.4255 0.6052238805970149 0.0285 0.12686567164179105
3 0.4005 0.6947761194029851 0.036 0.14029850746268657
3 0.369 0.6888059701492537 0.0355 0.14402985074626865
3 0.385 0.7044776119402985 0.076 0.191044776119403
3 0.269 0.6746268656716418 0.0515 0.16940298507462687
3 0.502 0.30223880597014924 0.047 0.0955223880597015
3 0.46 0.16119402985074627 0.0285 0.07686567164179105
3 0.4145 0.2208955223880597 0.0415 0.14253731343283582
3 0.415 0.20597014925373133 0.034 0.09104477611940298
3 0.369 0.2716417910447761 0.039 0.12462686567164179
3 0.316 0.1798507462686567 0.0425 0.10298507462686567
3 0.1895 0.48880597014925375 0.0385 0.16791044776119404
3 0.3045 0.49701492537313435 0.044 0.13134328358208955
3 0.3295 0.5843283582089552 0.0425 0.1335820895522388
3 0.113 0.3805970149253731 0.022 0.07985074626865672