1 0.1085 0.2373134328358209 0.086 0.09179104477611941
1 0.417 0.3738805970149254 0.1685 0.16940298507462687
3 0.018 0.24701492537313433 0.0255 0.07164179104477612
1 0.9745 0.3574626865671642 0.051 0.10597014925373134
1 0.7995 0.1582089552238806 0.0375 0.03656716417910448
2 0.2215 0.3567164179104478 0.042 0.09104477611940298
1 0.0185 0.14029850746268657 0.0335 0.05
2 0.167 0.4671641791044776 0.045 0.09850746268656717
2 0.0225 0.25522388059701495 0.02 0.06567164179104477
2 0.228 0.3604477611940298 0.0285 0.0791044776119403
3 0.216 0.32985074626865674 0.024 0.09253731343283582
3 0.1595 0.39552238805970147 0.0415 0.07537313432835821
3 0.2425 0.258955223880597 0.0235 0.06417910447761194
3 0.195 0.2380597014925373 0.029 0.09029850746268657
3 0.552 0.2955223880597015 0.0205 0.10746268656716418
3 0.581 0.3335820895522388 0.0175 0.12388059701492538
3 0.6485 0.367910447761194 0.016 0.12388059701492538
3 0.841 0.25298507462686565 0.0095 0.10149253731343283
3 0.793 0.5850746268656717 0.022 0.12835820895522387
3 0.768 0.6 0.0245 0.17313432835820897
3 0.598 0.3783582089552239 0.0155 0.09925373134328358
3 0.582 0.4835820895522388 0.0305 0.15746268656716417
1 0.018 0.573134328358209 0.036 0.30149253731343284
1 0.681 0.4761194029850746 0.0105 0.0873134328358209
2 0.441 0.3373134328358209 0.026 0.07611940298507462
3 0.6535 0.4791044776119403 0.049 0.12388059701492538
3 0.652 0.46417910447761196 0.0205 0.049253731343283584
3 0.669 0.46417910447761196 0.0215 0.06865671641791045
3 0.64 0.46940298507462686 0.0275 0.1044776119402985
3 0.8575 0.1880597014925373 0.0175 0.05522388059701493
3 0.877 0.16865671641791044 0.0095 0.06044776119402985
3 0.2515 0.9626865671641791 0.056 0.07313432835820896
3 0.587 0.9664179104477612 0.0635 0.0664179104477612
2 0.764 0.658955223880597 0.111 0.17761194029850746
2 0.648 0.5134328358208955 0.0735 0.09776119402985074
2 0.5805 0.5320895522388059 0.078 0.13582089552238805
2 0.603 0.41119402985074627 0.0505 0.07611940298507462
2 0.5465 0.31716417910447764 0.029 0.07686567164179105
2 0.2405 0.291044776119403 0.0365 0.05895522388059701
2 0.198 0.25597014925373135 0.032 0.057462686567164176
2 0.037 0.19701492537313434 0.032 0.058208955223880594