1 0.515 0.4626865671641791 0.128 0.16343283582089552
1 0.6345 0.4425373134328358 0.1025 0.1373134328358209
1 0.7055 0.36268656716417913 0.058 0.12686567164179105
0 0.6545 0.3 0.1065 0.12985074626865672
2 0.2345 0.7059701492537314 0.0935 0.12985074626865672
2 0.3295 0.6156716417910447 0.0575 0.09776119402985074
2 0.664 0.5791044776119403 0.049 0.08358208955223881
2 0.7825 0.8694029850746269 0.064 0.11567164179104478
2 0.8965 0.8559701492537314 0.045 0.09328358208955224
2 0.9355 0.6828358208955224 0.0385 0.07761194029850746
2 0.908 0.5985074626865672 0.054 0.05522388059701493
2 0.847 0.5462686567164179 0.054 0.04402985074626865
2 0.0205 0.576865671641791 0.0405 0.09328358208955224
2 0.119 0.5074626865671642 0.0335 0.04253731343283582
2 0.1925 0.4835820895522388 0.0655 0.058208955223880594
2 0.2525 0.47238805970149256 0.0525 0.05149253731343283
2 0.3765 0.5208955223880597 0.058 0.09477611940298507
2 0.4455 0.46567164179104475 0.04 0.09029850746268657
3 0.3285 0.5604477611940298 0.0255 0.11716417910447761
3 0.2535 0.6425373134328358 0.041 0.12835820895522387
3 0.005 0.5283582089552239 0.01 0.07462686567164178
3 0.111 0.4544776119402985 0.0355 0.10223880597014925
3 0.1845 0.4380597014925373 0.026 0.10223880597014925
3 0.2525 0.43283582089552236 0.0215 0.09179104477611941
3 0.798 0.7649253731343284 0.0375 0.1664179104477612
3 0.8965 0.7507462686567165 0.045 0.1843283582089552
3 0.666 0.5238805970149254 0.041 0.13134328358208955
3 0.937 0.6074626865671642 0.037 0.09925373134328358
3 0.91 0.5328358208955224 0.037 0.09328358208955224
3 0.855 0.49029850746268655 0.0335 0.09776119402985074
3 0.9925 0.5694029850746268 0.015 0.0880597014925373
3 0.979 0.4798507462686567 0.0245 0.08059701492537313
3 0.875 0.40223880597014927 0.0375 0.08880597014925373
3 0.8235 0.40298507462686567 0.0515 0.07014925373134329
3 0.9275 0.4059701492537313 0.023 0.07611940298507462
3 0.9955 0.9574626865671642 0.009 0.08507462686567165