1 0.405 0.5723880597014925 0.1245 0.21417910447761193
1 0.228 0.4835820895522388 0.0905 0.1619402985074627
1 0.2975 0.38656716417910447 0.06 0.09402985074626866
1 0.393 0.3858208955223881 0.0975 0.08656716417910448
1 0.5195 0.3850746268656716 0.1095 0.09104477611940298
1 0.794 0.40671641791044777 0.092 0.09104477611940298
1 0.919 0.4253731343283582 0.104 0.10223880597014925
1 0.711 0.3559701492537313 0.087 0.08134328358208955
1 0.2335 0.3328358208955224 0.0425 0.08208955223880597
1 0.334 0.35447761194029853 0.0415 0.07537313432835821
0 0.522 0.33059701492537313 0.287 0.18059701492537314
0 0.6755 0.26119402985074625 0.1145 0.09253731343283582
0 0.6155 0.28432835820895525 0.112 0.11044776119402985
0 0.4605 0.22014925373134328 0.057 0.06791044776119402
2 0.8045 0.5432835820895522 0.084 0.09253731343283582
2 0.689 0.4470149253731343 0.0665 0.06940298507462686
2 0.5795 0.42388059701492536 0.0535 0.0626865671641791
2 0.106 0.44104477611940296 0.0225 0.06417910447761194
2 0.053 0.4373134328358209 0.025 0.05522388059701493
3 0.107 0.4059701492537313 0.019 0.041044776119402986
3 0.051 0.41119402985074627 0.0225 0.06119402985074627
3 0.8085 0.517910447761194 0.041 0.10970149253731343
3 0.6815 0.43208955223880596 0.029 0.10820895522388059
3 0.5725 0.41492537313432837 0.031 0.09402985074626866
1 0.3195 0.3276119402985075 0.04 0.06119402985074627
1 0.186 0.37910447761194027 0.019 0.03582089552238806
1 0.634 0.3940298507462687 0.0215 0.04552238805970149
1 0.653 0.40671641791044777 0.0185 0.0708955223880597
2 0.633 0.4335820895522388 0.0375 0.05373134328358209