3 0.2445 0.6201492537313433 0.046 0.1
3 0.209 0.44925373134328356 0.029 0.07985074626865672
3 0.134 0.48656716417910445 0.0315 0.09179104477611941
3 0.0765 0.5111940298507462 0.034 0.08582089552238806
3 0.559 0.5529850746268656 0.033 0.09179104477611941
3 0.509 0.4626865671641791 0.0295 0.08582089552238806
3 0.4565 0.4619402985074627 0.0265 0.07835820895522388
3 0.4 0.41044776119402987 0.024 0.0664179104477612
3 0.601 0.5014925373134328 0.0295 0.0664179104477612
3 0.797 0.6753731343283582 0.035 0.10746268656716418
3 0.94 0.7089552238805971 0.041 0.10746268656716418
3 0.958 0.5656716417910448 0.0375 0.06791044776119402
3 0.871 0.764179104477612 0.033 0.11791044776119403
3 0.6335 0.5970149253731343 0.0375 0.07985074626865672
3 0.719 0.5402985074626866 0.028 0.1417910447761194
3 0.701 0.5388059701492537 0.023 0.11492537313432835
3 0.7515 0.6029850746268657 0.039 0.11940298507462686
3 0.157 0.36343283582089553 0.0205 0.07388059701492537
3 0.129 0.3291044776119403 0.024 0.07238805970149254
3 0.0615 0.3641791044776119 0.0265 0.0664179104477612
3 0.0885 0.3813432835820896 0.021 0.06194029850746269
3 0.0725 0.44402985074626866 0.0245 0.07238805970149254
3 0.028 0.33805970149253733 0.0205 0.07238805970149254
1 0.712 0.7932835820895522 0.334 0.4126865671641791
1 0.2915 0.3783582089552239 0.09 0.11641791044776119
1 0.2165 0.2828358208955224 0.0425 0.08582089552238806
1 0.1725 0.24029850746268658 0.034 0.04552238805970149
2 0.237 0.6850746268656717 0.0475 0.13880597014925372
2 0.0765 0.5619402985074626 0.034 0.0664179104477612
2 0.133 0.5477611940298508 0.023 0.07537313432835821
2 0.207 0.5014925373134328 0.0265 0.0664179104477612
2 0.16 0.4164179104477612 0.0195 0.04552238805970149
2 0.554 0.6313432835820896 0.052 0.12388059701492538
2 0.454 0.514179104477612 0.0485 0.07985074626865672
2 0.3995 0.46119402985074626 0.04 0.07686567164179105
2 0.5105 0.5067164179104477 0.044 0.08880597014925373
2 0.559 0.5074626865671642 0.038 0.07835820895522388
2 0.7135 0.5798507462686567 0.0575 0.07537313432835821
2 0.9485 0.7865671641791044 0.103 0.17313432835820897
2 0.8735 0.8649253731343284 0.055 0.10298507462686567
2 0.9475 0.6238805970149254 0.033 0.09477611940298507
2 0.451 0.42014925373134326 0.0475 0.0708955223880597
2 0.4995 0.4261194029850746 0.0245 0.05895522388059701
2 0.3675 0.3850746268656716 0.0315 0.06044776119402985
2 0.009 0.42388059701492536 0.0175 0.05522388059701493
3 0.0115 0.3746268656716418 0.023 0.0626865671641791
3 0.449 0.3738805970149254 0.033 0.04402985074626865
3 0.3635 0.341044776119403 0.0155 0.04253731343283582
3 0.6055 0.5634328358208955 0.044 0.09029850746268657