1 0.832 0.6104477611940299 0.1155 0.22462686567164178
1 0.78 0.42388059701492536 0.0695 0.11865671641791045
1 0.574 0.376865671641791 0.055 0.08283582089552238
1 0.5715 0.2544776119402985 0.0365 0.04776119402985075
0 0.67 0.24104477611940298 0.045 0.15074626865671642
2 0.93 0.5022388059701492 0.0265 0.07985074626865672
2 0.321 0.9664179104477612 0.031 0.06716417910447761
2 0.236 0.9902985074626866 0.035 0.019402985074626865
3 0.1715 0.7268656716417911 0.032 0.13656716417910447
3 0.323 0.891044776119403 0.0345 0.10223880597014925
3 0.22 0.9365671641791045 0.039 0.0873134328358209
3 0.069 0.8485074626865672 0.0385 0.10298507462686567