1 0.5855 0.2671641791044776 0.0305 0.05373134328358209
1 0.698 0.2335820895522388 0.0305 0.03507462686567164
1 0.5485 0.22388059701492538 0.0305 0.03208955223880597
2 0.3515 0.367910447761194 0.0475 0.0626865671641791
2 0.24 0.3723880597014925 0.051 0.05
2 0.2665 0.3037313432835821 0.032 0.041044776119402986
2 0.057 0.3253731343283582 0.0395 0.030597014925373135
2 0.0165 0.35074626865671643 0.033 0.04701492537313433
2 0.984 0.4164179104477612 0.0215 0.058208955223880594
2 0.9395 0.3850746268656716 0.0245 0.05970149253731343
2 0.9005 0.3559701492537313 0.0205 0.048507462686567165
2 0.8725 0.3522388059701492 0.0205 0.05223880597014925
3 0.9875 0.38731343283582087 0.024 0.04402985074626865
3 0.9385 0.35895522388059703 0.018 0.04552238805970149
3 0.9 0.3291044776119403 0.0165 0.05223880597014925
3 0.875 0.32985074626865674 0.022 0.04253731343283582
3 0.3585 0.35 0.022 0.07761194029850746
3 0.259 0.3485074626865672 0.0255 0.0626865671641791
3 0.245 0.35 0.0195 0.0626865671641791
3 0.014 0.3335820895522388 0.0205 0.06119402985074627
3 0.055 0.3164179104477612 0.0155 0.04253731343283582
3 0.2605 0.29328358208955224 0.019 0.05149253731343283