1 0.7615 0.8029850746268656 0.2695 0.3858208955223881
1 0.7685 0.48880597014925375 0.1545 0.16567164179104477
1 0.5295 0.31791044776119404 0.0715 0.11417910447761194
1 0.615 0.3037313432835821 0.0675 0.09925373134328358
1 0.5735 0.1947761194029851 0.04 0.055970149253731345
1 0.23 0.5388059701492537 0.1585 0.25522388059701495
1 0.042 0.6626865671641791 0.084 0.31716417910447764
1 0.4065 0.2417910447761194 0.05 0.06567164179104477
1 0.34 0.2626865671641791 0.047 0.07761194029850746
1 0.2615 0.26417910447761195 0.0635 0.1
1 0.296 0.2007462686567164 0.0355 0.06044776119402985
1 0.3545 0.18880597014925374 0.0305 0.049253731343283584
1 0.4065 0.19776119402985073 0.0385 0.05223880597014925
1 0.313 0.1582089552238806 0.0335 0.049253731343283584
1 0.358 0.14626865671641792 0.02 0.03134328358208955
1 0.4935 0.15895522388059702 0.028 0.03805970149253731
1 0.515 0.1417910447761194 0.026 0.03731343283582089
1 0.959 0.41044776119402987 0.082 0.22388059701492538
1 0.431 0.12238805970149254 0.0195 0.03582089552238806
2 0.0415 0.40373134328358207 0.0375 0.08283582089552238
2 0.0945 0.41865671641791047 0.0315 0.09029850746268657
2 0.0105 0.3119402985074627 0.021 0.055970149253731345
3 0.044 0.3761194029850746 0.0275 0.09328358208955224
3 0.095 0.39477611940298507 0.027 0.11417910447761194