1 0.6865 0.3559701492537313 0.065 0.11492537313432835
1 0.619 0.373134328358209 0.066 0.12388059701492538
1 0.9295 0.3126865671641791 0.059 0.09701492537313433
3 0.324 0.891044776119403 0.04 0.2171641791044776
3 0.363 0.9022388059701493 0.0485 0.1947761194029851
3 0.4975 0.8679104477611941 0.0505 0.25
3 0.6235 0.8574626865671642 0.0495 0.21865671641791046
3 0.866 0.9029850746268657 0.085 0.19328358208955224
3 0.841 0.8014925373134328 0.049 0.15671641791044777
3 0.8795 0.7626865671641792 0.054 0.18134328358208956
3 0.941 0.7231343283582089 0.063 0.19776119402985073
3 0.906 0.5395522388059701 0.028 0.1417910447761194
3 0.7975 0.5813432835820895 0.0455 0.18059701492537314
3 0.7595 0.6216417910447761 0.0385 0.13134328358208955
3 0.7145 0.6052238805970149 0.0565 0.1582089552238806
3 0.674 0.6873134328358209 0.0455 0.19402985074626866
3 0.603 0.7029850746268657 0.0395 0.14776119402985075
3 0.554 0.7276119402985075 0.0745 0.1455223880597015
3 0.4925 0.6253731343283582 0.052 0.12462686567164179
3 0.368 0.6514925373134328 0.036 0.17238805970149254
3 0.398 0.5985074626865672 0.0355 0.1455223880597015
3 0.5155 0.4507462686567164 0.0365 0.09104477611940298
3 0.0805 0.7022388059701492 0.039 0.16417910447761194
2 0.076 0.7626865671641792 0.0715 0.14328358208955225
2 0.2655 0.691044776119403 0.114 0.15223880597014924
2 0.3645 0.9328358208955224 0.197 0.13432835820895522
2 0.504 0.9059701492537313 0.1335 0.1873134328358209
2 0.6365 0.9097014925373135 0.1665 0.18059701492537314
2 0.136 0.5507462686567164 0.053 0.09402985074626866
2 0.3775 0.6895522388059702 0.094 0.15
2 0.426 0.6529850746268657 0.0485 0.1
2 0.449 0.6126865671641791 0.0595 0.1291044776119403
2 0.687 0.7261194029850746 0.098 0.12388059701492538
2 0.875 0.9507462686567164 0.1755 0.09850746268656717
2 0.8335 0.8761194029850746 0.159 0.11194029850746269
2 0.8915 0.8074626865671641 0.158 0.16343283582089552
2 0.914 0.5708955223880597 0.1175 0.11492537313432835