1 0.528 0.6485074626865671 0.092 0.1582089552238806
1 0.33 0.4014925373134328 0.065 0.12238805970149254
1 0.481 0.4134328358208955 0.0545 0.0873134328358209
1 0.273 0.9529850746268657 0.146 0.09328358208955224
1 0.3785 0.2044776119402985 0.026 0.04701492537313433
0 0.3295 0.2373134328358209 0.0585 0.12761194029850748
1 0.807 0.9067164179104478 0.269 0.1865671641791045
2 0.2435 0.505223880597015 0.0195 0.07462686567164178
2 0.1305 0.5253731343283582 0.0235 0.07611940298507462
2 0.179 0.5402985074626866 0.025 0.08059701492537313
2 0.2275 0.40298507462686567 0.0195 0.058208955223880594
2 0.171 0.40746268656716417 0.0205 0.056716417910447764
2 0.685 0.5850746268656717 0.0275 0.08507462686567165
2 0.821 0.7813432835820896 0.05 0.09850746268656717
2 0.5765 0.4708955223880597 0.022 0.06119402985074627
2 0.622 0.47238805970149256 0.025 0.05298507462686567
2 0.2615 0.417910447761194 0.0195 0.05522388059701493
3 0.185 0.5119402985074627 0.0235 0.0955223880597015
3 0.1345 0.4992537313432836 0.022 0.0955223880597015
3 0.171 0.3858208955223881 0.0205 0.07462686567164178
3 0.228 0.3746268656716418 0.0235 0.0664179104477612
3 0.246 0.4716417910447761 0.025 0.07611940298507462
3 0.263 0.3843283582089552 0.021 0.04552238805970149
3 0.824 0.75 0.039 0.10820895522388059
3 0.892 0.8850746268656716 0.0415 0.1
3 0.9885 0.8373134328358209 0.0225 0.14477611940298507
3 0.735 0.491044776119403 0.018 0.08208955223880597
3 0.5785 0.43955223880597016 0.018 0.05149253731343283
3 0.6225 0.4388059701492537 0.0235 0.04701492537313433
3 0.6865 0.5477611940298508 0.025 0.056716417910447764