3 0.4435 0.6231343283582089 0.069 0.15522388059701492
3 0.29 0.6119402985074627 0.0605 0.15074626865671642
3 0.152 0.65 0.061 0.2291044776119403
3 0.203 0.4455223880597015 0.0415 0.12835820895522387
3 0.3205 0.5194029850746269 0.0535 0.1253731343283582
3 0.6655 0.33880597014925373 0.0325 0.10298507462686567
3 0.5075 0.37089552238805973 0.041 0.12238805970149254
3 0.621 0.8641791044776119 0.08 0.2716417910447761
3 0.816 0.4246268656716418 0.044 0.12388059701492538
3 0.968 0.5664179104477612 0.064 0.15671641791044777
3 0.911 0.45149253731343286 0.046 0.1373134328358209
3 0.161 0.36268656716417913 0.029 0.09328358208955224
2 0.1195 0.6955223880597015 0.0525 0.18880597014925374
2 0.182 0.9492537313432836 0.0545 0.10149253731343283
2 0.3045 0.6947761194029851 0.0765 0.1843283582089552
2 0.4445 0.7007462686567164 0.086 0.19328358208955224
2 0.615 0.9216417910447762 0.1155 0.15671641791044777
2 0.514 0.408955223880597 0.0775 0.11940298507462686
2 0.5575 0.3925373134328358 0.056 0.07985074626865672
2 0.734 0.4582089552238806 0.04 0.1208955223880597
2 0.6685 0.39925373134328357 0.038 0.08134328358208955
2 0.8245 0.4791044776119403 0.0715 0.12388059701492538
2 0.905 0.4955223880597015 0.078 0.11791044776119403
1 0.876 0.8074626865671641 0.248 0.3850746268656716