1 0.373 0.2865671641791045 0.03 0.05373134328358209
1 0.2615 0.2537313432835821 0.03 0.03507462686567164
1 0.41 0.24328358208955222 0.03 0.03208955223880597
2 0.606 0.38656716417910447 0.0475 0.0626865671641791
2 0.717 0.3917910447761194 0.0505 0.049253731343283584
2 0.6905 0.3238805970149254 0.032 0.041044776119402986
2 0.899 0.3447761194029851 0.039 0.030597014925373135
2 0.981 0.3805970149253731 0.038 0.05373134328358209
2 0.944 0.37089552238805973 0.041 0.04776119402985075
2 0.021 0.4044776119402985 0.0245 0.05970149253731343
2 0.06 0.3753731343283582 0.0205 0.04776119402985075
2 0.0875 0.3716417910447761 0.0205 0.05223880597014925
3 0.022 0.3783582089552239 0.018 0.04477611940298507
3 0.06 0.3485074626865672 0.0165 0.05223880597014925
3 0.085 0.3492537313432836 0.022 0.041791044776119404
3 0.599 0.3694029850746269 0.022 0.07686567164179105
3 0.698 0.367910447761194 0.0255 0.0626865671641791
3 0.712 0.3694029850746269 0.0195 0.0626865671641791
3 0.942 0.3529850746268657 0.0205 0.06119402985074627
3 0.9795 0.35895522388059703 0.019 0.06567164179104477
3 0.901 0.3358208955223881 0.0155 0.041791044776119404
3 0.696 0.3126865671641791 0.019 0.050746268656716415