1 0.7505 0.8164179104477612 0.1885 0.36716417910447763
1 0.9365 0.9022388059701493 0.1265 0.1947761194029851
1 0.768 0.49402985074626865 0.079 0.1373134328358209
1 0.0955 0.8805970149253731 0.191 0.23880597014925373
1 0.6585 0.2955223880597015 0.0385 0.06194029850746269
1 0.7065 0.26492537313432835 0.036 0.05522388059701493
1 0.6905 0.21865671641791046 0.029 0.050746268656716415
1 0.589 0.22238805970149253 0.0225 0.04253731343283582
2 0.975 0.735820895522388 0.05 0.1373134328358209
3 0.978 0.6970149253731344 0.04 0.14029850746268657
2 0.9385 0.6253731343283582 0.0395 0.10074626865671642
2 0.9635 0.5895522388059702 0.044 0.08955223880597014
2 0.865 0.5358208955223881 0.0325 0.09402985074626866
2 0.8885 0.45298507462686566 0.027 0.07537313432835821
2 0.824 0.45149253731343286 0.026 0.06791044776119402
1 0.645 0.19328358208955224 0.026 0.03507462686567164
2 0.225 0.8619402985074627 0.052 0.15074626865671642
3 0.215 0.8373134328358209 0.0415 0.10746268656716418