1 0.268 0.5067164179104477 0.0925 0.14477611940298507
1 0.45 0.3686567164179104 0.0595 0.12835820895522387
1 0.7005 0.46119402985074626 0.1025 0.14328358208955225
1 0.6235 0.32164179104477614 0.067 0.07985074626865672
1 0.7425 0.3649253731343284 0.082 0.09776119402985074
1 0.6655 0.26343283582089555 0.0535 0.0664179104477612
1 0.571 0.19925373134328359 0.039 0.05
1 0.616 0.18582089552238806 0.0465 0.05895522388059701
1 0.9445 0.6895522388059702 0.111 0.23059701492537313
1 0.2615 0.1701492537313433 0.0365 0.0664179104477612
1 0.454 0.23582089552238805 0.044 0.10074626865671642
1 0.38 0.15597014925373134 0.025 0.03805970149253731
1 0.828 0.3044776119402985 0.058 0.07835820895522388
0 0.9295 0.46417910447761196 0.141 0.30522388059701494
0 0.418 0.15149253731343285 0.034 0.0873134328358209
2 0.123 0.7858208955223881 0.0585 0.11194029850746269
0 0.6765 0.18880597014925374 0.0595 0.10373134328358209
2 0.028 0.9238805970149254 0.0555 0.15223880597014924
2 0.175 0.5425373134328358 0.034 0.08134328358208955
2 0.0495 0.5888059701492537 0.044 0.0962686567164179
2 0.084 0.5231343283582089 0.034 0.09029850746268657
2 0.1365 0.43656716417910446 0.028 0.06343283582089553
2 0.232 0.4305970149253731 0.0275 0.05447761194029851
2 0.1575 0.4843283582089552 0.0345 0.06791044776119402
2 0.1915 0.3522388059701492 0.0125 0.04552238805970149
2 0.1505 0.3753731343283582 0.0255 0.06343283582089553
2 0.12 0.36268656716417913 0.019 0.048507462686567165
2 0.2675 0.42686567164179107 0.02 0.03805970149253731
2 0.7785 0.3358208955223881 0.0275 0.05149253731343283
2 0.2155 0.3358208955223881 0.024 0.048507462686567165
2 0.0195 0.47313432835820896 0.0265 0.06343283582089553
2 0.034 0.42761194029850746 0.024 0.048507462686567165
3 0.1305 0.7044776119402985 0.042 0.07985074626865672
3 0.024 0.8708955223880597 0.0475 0.1455223880597015
3 0.0525 0.5477611940298508 0.043 0.08880597014925373
3 0.1745 0.5097014925373134 0.0275 0.07985074626865672
3 0.233 0.4 0.0255 0.05895522388059701
3 0.2705 0.4059701492537313 0.023 0.05298507462686567
3 0.1915 0.32313432835820893 0.025 0.029850746268656716
3 0.2155 0.30895522388059704 0.023 0.03134328358208955
3 0.2285 0.27611940298507465 0.0215 0.03582089552238806
3 0.102 0.39552238805970147 0.03 0.05
3 0.082 0.4753731343283582 0.03 0.04402985074626865
3 0.0515 0.5320895522388059 0.0395 0.057462686567164176