2 0.6525 0.42014925373134326 0.055 0.058208955223880594
2 0.0965 0.48134328358208955 0.0565 0.08208955223880597
2 0.9795 0.48880597014925375 0.028 0.0791044776119403
2 0.922 0.42761194029850746 0.023 0.06417910447761194
2 0.6975 0.35895522388059703 0.027 0.04701492537313433
2 0.553 0.376865671641791 0.045 0.04253731343283582
2 0.3975 0.37910447761194027 0.0565 0.04701492537313433
3 0.922 0.3970149253731343 0.018 0.04402985074626865
3 0.9775 0.45 0.023 0.05149253731343283
3 0.658 0.4014925373134328 0.024 0.07313432835820896
3 0.699 0.3291044776119403 0.013 0.04253731343283582
3 0.4 0.3567164179104478 0.019 0.05970149253731343
3 0.555 0.3574626865671642 0.017 0.058208955223880594
3 0.0955 0.4552238805970149 0.037 0.08208955223880597
3 0.9785 0.4462686567164179 0.0215 0.05