1 0.332 0.835820895522388 0.336 0.3276119402985075
1 0.468 0.45 0.1605 0.1917910447761194
1 0.6405 0.3044776119402985 0.148 0.16791044776119404
2 0.7445 0.7037313432835821 0.0645 0.1664179104477612
2 0.8135 0.9485074626865672 0.058 0.10298507462686567
2 0.8745 0.7141791044776119 0.0435 0.17761194029850746
2 0.2215 0.5738805970149253 0.0735 0.14477611940298507
2 0.2985 0.46940298507462686 0.0645 0.14477611940298507
3 0.2895 0.4246268656716418 0.0565 0.13208955223880597
3 0.211 0.5291044776119403 0.0365 0.12611940298507462
3 0.472 0.27238805970149255 0.0395 0.08880597014925373
3 0.7495 0.6 0.054 0.16492537313432837
2 0.463 0.3111940298507463 0.0785 0.08283582089552238