1 0.3955 0.7910447761194029 0.2095 0.3597014925373134
1 0.532 0.45597014925373136 0.087 0.17164179104477612
1 0.6205 0.34328358208955223 0.0725 0.1208955223880597
1 0.4325 0.2917910447761194 0.0635 0.09104477611940298
1 0.3795 0.282089552238806 0.0515 0.06044776119402985
1 0.3375 0.3126865671641791 0.069 0.07014925373134329
1 0.2345 0.3611940298507463 0.0705 0.08507462686567165
1 0.044 0.4537313432835821 0.088 0.15522388059701492
0 0.231 0.2992537313432836 0.1355 0.15746268656716417
1 0.4225 0.3746268656716418 0.127 0.07537313432835821
3 0.9155 0.7522388059701492 0.037 0.1843283582089552