2 0.742 0.8641791044776119 0.0515 0.13880597014925372
2 0.281 0.5462686567164179 0.025 0.07388059701492537
2 0.217 0.5529850746268656 0.033 0.08582089552238806
2 0.1175 0.582089552238806 0.0445 0.10298507462686567
2 0.255 0.3716417910447761 0.026 0.056716417910447764
3 0.2825 0.5014925373134328 0.0335 0.07238805970149254
3 0.2225 0.5216417910447761 0.033 0.08208955223880597
3 0.1175 0.5485074626865671 0.0305 0.11119402985074626
3 0.1285 0.5380597014925373 0.032 0.12388059701492538
3 0.085 0.5014925373134328 0.0225 0.10298507462686567
3 0.1475 0.4007462686567164 0.022 0.09328358208955224
3 0.258 0.33805970149253733 0.017 0.05149253731343283
3 0.755 0.8455223880597015 0.051 0.1253731343283582
3 0.7435 0.8052238805970149 0.0335 0.08059701492537313
3 0.9875 0.8350746268656717 0.025 0.16119402985074627