4 0.7465 0.55 0.3055 0.35
2 0.224 0.34626865671641793 0.043 0.07611940298507462
2 0.343 0.3940298507462687 0.0405 0.0955223880597015
2 0.452 0.39477611940298507 0.0585 0.10522388059701493
2 0.499 0.376865671641791 0.0555 0.09850746268656717
2 0.58 0.3902985074626866 0.079 0.08880597014925373
2 0.0495 0.3485074626865672 0.0335 0.06940298507462686
2 0.475 0.2791044776119403 0.061 0.07462686567164178
2 0.619 0.31343283582089554 0.0305 0.0791044776119403
2 0.5295 0.3276119402985075 0.022 0.07761194029850746
2 0.5775 0.3208955223880597 0.029 0.058208955223880594
3 0.0425 0.30671641791044774 0.029 0.06417910447761194
3 0.222 0.31865671641791044 0.0345 0.0873134328358209
3 0.3375 0.35895522388059703 0.028 0.09029850746268657
3 0.444 0.3656716417910448 0.025 0.0873134328358209
3 0.457 0.3664179104477612 0.025 0.06940298507462686
3 0.4945 0.3529850746268657 0.025 0.1
3 0.5105 0.3447761194029851 0.024 0.07761194029850746
3 0.576 0.3649253731343284 0.035 0.10820895522388059
3 0.5305 0.29402985074626864 0.028 0.06492537313432836
3 0.4705 0.2619402985074627 0.033 0.08507462686567165
3 0.5775 0.29402985074626864 0.0205 0.06492537313432836
3 0.6185 0.2753731343283582 0.026 0.0626865671641791
3 0.8605 0.208955223880597 0.018 0.04328358208955224
3 0.571 0.23208955223880598 0.0205 0.06940298507462686