0 0.7975 0.6 0.1755 0.4634328358208955
0 0.1455 0.29701492537313434 0.1685 0.10746268656716418
1 0.4265 0.5328358208955224 0.124 0.16492537313432837
1 0.6205 0.41194029850746267 0.066 0.09104477611940298
1 0.7245 0.4141791044776119 0.0515 0.09253731343283582
1 0.6005 0.3716417910447761 0.052 0.06791044776119402
1 0.9565 0.49029850746268655 0.077 0.11343283582089553
1 0.3035 0.3686567164179104 0.07 0.0791044776119403
1 0.1735 0.41865671641791047 0.0935 0.08208955223880597
1 0.06 0.47761194029850745 0.1195 0.09402985074626866
1 0.0715 0.4059701492537313 0.1295 0.08134328358208955
1 0.276 0.3194029850746269 0.0835 0.0955223880597015
1 0.3655 0.31865671641791044 0.055 0.049253731343283584
1 0.664 0.3044776119402985 0.039 0.050746268656716415
1 0.727 0.291044776119403 0.0295 0.04402985074626865