1 0.8025 0.5395522388059701 0.171 0.15447761194029852
1 0.883 0.49477611940298505 0.139 0.12462686567164179
2 0.548 0.5582089552238806 0.0915 0.08582089552238806
2 0.2475 0.3597014925373134 0.033 0.05223880597014925
2 0.3515 0.4141791044776119 0.071 0.0791044776119403
2 0.364 0.4291044776119403 0.0325 0.06940298507462686
2 0.441 0.3440298507462687 0.051 0.06044776119402985
2 0.5105 0.3716417910447761 0.044 0.05970149253731343
2 0.542 0.44029850746268656 0.0535 0.06119402985074627
2 0.584 0.49029850746268655 0.069 0.06567164179104477
2 0.5975 0.38283582089552237 0.0595 0.06791044776119402
2 0.668 0.4298507462686567 0.059 0.0708955223880597
2 0.672 0.5156716417910447 0.064 0.0962686567164179
2 0.398 0.3880597014925373 0.0525 0.07835820895522388
3 0.242 0.34328358208955223 0.0105 0.0791044776119403
3 0.59 0.46119402985074626 0.0185 0.0880597014925373
3 0.5765 0.46119402985074626 0.014 0.08283582089552238
3 0.797 0.4141791044776119 0.0205 0.08507462686567165
3 0.337 0.3664179104477612 0.0165 0.07537313432835821
3 0.261 0.28880597014925374 0.0145 0.06716417910447761