1 0.6925 0.25671641791044775 0.029 0.03582089552238806
2 0.427 0.4791044776119403 0.0575 0.0626865671641791
2 0.7195 0.5470149253731343 0.0305 0.07388059701492537
3 0.25 0.3686567164179104 0.0405 0.05223880597014925
2 0.9795 0.5701492537313433 0.0345 0.07761194029850746
3 0.715 0.5149253731343284 0.0375 0.10671641791044777
2 0.0515 0.3776119402985075 0.0395 0.04402985074626865
3 0.0515 0.36268656716417913 0.0305 0.057462686567164176
1 0.7095 0.32313432835820893 0.0525 0.0664179104477612
3 0.431 0.44850746268656716 0.0365 0.08208955223880597
3 0.035 0.341044776119403 0.02 0.050746268656716415
2 0.69 0.3716417910447761 0.0265 0.04402985074626865
1 0.506 0.3574626865671642 0.0825 0.09104477611940298