1 0.5515 0.6992537313432836 0.264 0.4044776119402985
1 0.6745 0.5552238805970149 0.215 0.21791044776119403
1 0.461 0.4044776119402985 0.153 0.14477611940298507
1 0.332 0.3082089552238806 0.1265 0.1253731343283582
1 0.792 0.22462686567164178 0.0655 0.07611940298507462
2 0.21 0.8253731343283582 0.0805 0.17761194029850746
2 0.276 0.6776119402985075 0.057 0.1664179104477612
2 0.3705 0.5970149253731343 0.0665 0.13059701492537312
2 0.181 0.5694029850746268 0.0475 0.10820895522388059
2 0.293 0.5671641791044776 0.05 0.10671641791044777
2 0.1315 0.5007462686567165 0.043 0.09850746268656717
2 0.2175 0.4626865671641791 0.0525 0.09179104477611941
2 0.293 0.40298507462686567 0.058 0.08358208955223881
2 0.5575 0.41865671641791047 0.057 0.0708955223880597
2 0.8225 0.746268656716418 0.129 0.1208955223880597
2 0.935 0.8776119402985074 0.13 0.18208955223880596
2 0.881 0.6761194029850747 0.124 0.13880597014925372
2 0.844 0.4425373134328358 0.035 0.08507462686567165
2 0.156 0.3776119402985075 0.04 0.07238805970149254
2 0.17 0.29776119402985074 0.032 0.05149253731343283
2 0.033 0.2962686567164179 0.04 0.05447761194029851
3 0.204 0.7253731343283583 0.058 0.08582089552238806
3 0.2115 0.7671641791044777 0.065 0.21791044776119403
3 0.515 0.8977611940298508 0.082 0.15447761194029852
3 0.839 0.6694029850746268 0.033 0.15298507462686567
3 0.3745 0.5261194029850746 0.0525 0.1253731343283582
3 0.2635 0.5850746268656717 0.046 0.1044776119402985
3 0.174 0.514179104477612 0.049 0.11641791044776119
3 0.1295 0.4335820895522388 0.0345 0.08358208955223881
3 0.2115 0.39850746268656717 0.0375 0.09477611940298507
3 0.3495 0.4417910447761194 0.035 0.07462686567164178
3 0.5515 0.3604477611940298 0.0375 0.07611940298507462
3 0.853 0.38283582089552237 0.036 0.0791044776119403
3 0.9325 0.41492537313432837 0.032 0.07388059701492537
3 0.432 0.2865671641791045 0.0345 0.07611940298507462
3 0.1475 0.3208955223880597 0.033 0.058208955223880594
3 0.123 0.42014925373134326 0.024 0.06492537313432836