1 0.363 0.6477611940298508 0.1575 0.20373134328358208
1 0.5065 0.44402985074626866 0.0745 0.10298507462686567
1 0.283 0.3656716417910448 0.0875 0.0955223880597015
1 0.4305 0.3194029850746269 0.0495 0.07761194029850746
2 0.712 0.9455223880597015 0.031 0.09925373134328358
2 0.597 0.7470149253731343 0.021 0.08059701492537313
2 0.5385 0.6843283582089552 0.022 0.07835820895522388
2 0.791 0.905223880597015 0.029 0.10223880597014925
2 0.737 0.7022388059701492 0.029 0.07462686567164178
2 0.7135 0.5574626865671641 0.024 0.06940298507462686
3 0.6005 0.6746268656716418 0.038 0.09477611940298507
3 0.546 0.6014925373134329 0.0315 0.09104477611940298
3 0.7095 0.8432835820895522 0.0505 0.13432835820895522
3 0.792 0.8052238805970149 0.051 0.1208955223880597
3 0.7355 0.6358208955223881 0.038 0.10671641791044777