3 0.934 0.44029850746268656 0.017 0.08059701492537313
3 0.926 0.4417910447761194 0.017 0.07164179104477612
3 0.5365 0.458955223880597 0.0295 0.0873134328358209
3 0.4615 0.4335820895522388 0.027 0.06865671641791045
3 0.4245 0.4425373134328358 0.027 0.0962686567164179
3 0.457 0.3328358208955224 0.015 0.08059701492537313
3 0.4345 0.3485074626865672 0.019 0.07462686567164178
2 0.9175 0.48880597014925375 0.063 0.07761194029850746
2 0.8955 0.4455223880597015 0.042 0.05223880597014925
2 0.5405 0.5022388059701492 0.0425 0.08582089552238806
2 0.4665 0.4843283582089552 0.0285 0.08358208955223881
2 0.4265 0.49776119402985075 0.0355 0.08059701492537313
2 0.367 0.3664179104477612 0.0305 0.0626865671641791
2 0.4635 0.3664179104477612 0.018 0.048507462686567165
2 0.4345 0.3805970149253731 0.0285 0.0626865671641791
2 0.291 0.35895522388059703 0.027 0.056716417910447764
2 0.317 0.3537313432835821 0.0245 0.05223880597014925
1 0.2575 0.2873134328358209 0.0675 0.10074626865671642
3 0.0505 0.935820895522388 0.08 0.12835820895522387