3 0.8705 0.5156716417910447 0.032 0.09776119402985074
3 0.7465 0.491044776119403 0.035 0.06940298507462686
3 0.8395 0.6380597014925373 0.0545 0.11940298507462686
3 0.8635 0.4007462686567164 0.027 0.0664179104477612
3 0.354 0.8865671641791045 0.0575 0.15074626865671642
3 0.381 0.682089552238806 0.044 0.11641791044776119
3 0.4175 0.5373134328358209 0.0305 0.10522388059701493
3 0.262 0.6708955223880597 0.044 0.08507462686567165
3 0.025 0.8798507462686567 0.05 0.15895522388059702
2 0.0365 0.908955223880597 0.073 0.17238805970149254
2 0.3555 0.9261194029850747 0.059 0.14776119402985075
2 0.386 0.7082089552238806 0.047 0.12761194029850748
2 0.4185 0.5694029850746268 0.0425 0.09776119402985074
2 0.2615 0.7029850746268657 0.048 0.13805970149253732
2 0.8465 0.6813432835820895 0.0495 0.11492537313432835
2 0.8755 0.5559701492537313 0.0335 0.09104477611940298
2 0.75 0.5291044776119403 0.0335 0.07985074626865672
2 0.748 0.3723880597014925 0.0375 0.05373134328358209
1 0.6485 0.28507462686567164 0.04 0.07238805970149254
1 0.636 0.21119402985074626 0.031 0.05
3 0.2845 0.49776119402985075 0.0295 0.10223880597014925
3 0.1435 0.5432835820895522 0.0215 0.10223880597014925
3 0.0675 0.5328358208955224 0.025 0.09253731343283582