1 0.126 0.9044776119402985 0.115 0.191044776119403
1 0.2125 0.5216417910447761 0.0405 0.056716417910447764
2 0.781 0.9492537313432836 0.0455 0.08134328358208955
2 0.6095 0.6970149253731344 0.031 0.06343283582089553
2 0.671 0.7253731343283583 0.0335 0.08283582089552238
2 0.715 0.7417910447761195 0.027 0.06194029850746269
2 0.7755 0.6970149253731344 0.031 0.06343283582089553
3 0.792 0.9074626865671642 0.017 0.08358208955223881
3 0.802 0.9380597014925374 0.0185 0.08507462686567165
3 0.6755 0.7029850746268657 0.021 0.0664179104477612
3 0.7155 0.7141791044776119 0.0185 0.04477611940298507
3 0.619 0.6753731343283582 0.0235 0.04626865671641791
3 0.857 0.7089552238805971 0.01 0.05522388059701493
3 0.78 0.6791044776119403 0.0185 0.056716417910447764
3 0.851 0.7052238805970149 0.0165 0.04477611940298507