1 0.245 0.2537313432835821 0.082 0.08582089552238806
1 0.7145 0.21194029850746268 0.0445 0.06791044776119402
1 0.754 0.2007462686567164 0.0445 0.055970149253731345
1 0.8055 0.20597014925373133 0.0475 0.07164179104477612
2 0.782 0.655223880597015 0.074 0.1126865671641791
2 0.853 0.46044776119402986 0.059 0.06865671641791045
2 0.9435 0.4753731343283582 0.046 0.09328358208955224
2 0.8005 0.4208955223880597 0.046 0.08582089552238806
2 0.718 0.5634328358208955 0.0745 0.10671641791044777
3 0.7075 0.5074626865671642 0.0315 0.09776119402985074
3 0.786 0.5746268656716418 0.0325 0.08656716417910448
3 0.8205 0.373134328358209 0.0275 0.07761194029850746
3 0.8635 0.40746268656716417 0.035 0.05447761194029851
3 0.94 0.43582089552238806 0.0465 0.08955223880597014
3 0.2475 0.3208955223880597 0.0375 0.07985074626865672
3 0.241 0.25 0.017 0.05223880597014925