1 0.136 0.8820895522388059 0.272 0.23507462686567165
1 0.737 0.9597014925373134 0.5095 0.07985074626865672
1 0.5335 0.1044776119402985 0.1235 0.12761194029850748
2 0.3105 0.7507462686567165 0.157 0.141044776119403
2 0.576 0.6402985074626866 0.1365 0.12611940298507462
2 0.7585 0.735820895522388 0.1275 0.17686567164179104
2 0.939 0.6432835820895523 0.1215 0.19402985074626866
2 0.6105 0.8470149253731343 0.132 0.1925373134328358
2 0.4845 0.8082089552238806 0.108 0.18134328358208956
2 0.3495 0.9283582089552239 0.1555 0.14328358208955225
3 0.3585 0.9111940298507463 0.067 0.17686567164179104
3 0.3555 0.7626865671641792 0.0655 0.1761194029850746
3 0.5125 0.7992537313432836 0.066 0.23880597014925373
3 0.4525 0.7253731343283583 0.0375 0.17761194029850746
3 0.603 0.8417910447761194 0.074 0.21119402985074626
3 0.598 0.6059701492537314 0.0795 0.16492537313432837
3 0.772 0.6694029850746268 0.0335 0.18955223880597014
3 0.098 0.6194029850746269 0.0695 0.21940298507462686