1 0.148 0.8044776119402985 0.183 0.26044776119402985
1 0.5985 0.7186567164179104 0.139 0.21119402985074626
1 0.6145 0.43656716417910446 0.067 0.09179104477611941
1 0.7175 0.45223880597014926 0.055 0.09776119402985074
1 0.2345 0.5992537313432836 0.1425 0.15895522388059702
1 0.7295 0.3559701492537313 0.047 0.07537313432835821
3 0.751 0.7037313432835821 0.0405 0.10597014925373134
3 0.251 0.8253731343283582 0.047 0.11940298507462686
3 0.099 0.9664179104477612 0.07 0.06716417910447761
3 0.77 0.9395522388059702 0.048 0.1208955223880597
3 0.813 0.5746268656716418 0.031 0.06716417910447761
3 0.7945 0.48507462686567165 0.025 0.05970149253731343
2 0.112 0.9873134328358208 0.072 0.025373134328358207
2 0.2535 0.914179104477612 0.048 0.08582089552238806
2 0.7625 0.9835820895522388 0.043 0.03283582089552239
2 0.7455 0.7604477611940299 0.035 0.08432835820895522
2 0.8145 0.6208955223880597 0.026 0.05970149253731343
2 0.7925 0.5268656716417911 0.026 0.05522388059701493
2 0.7545 0.48656716417910445 0.019 0.04776119402985075