1 0.6855 0.44029850746268656 0.1385 0.11343283582089553
1 0.229 0.2701492537313433 0.107 0.07238805970149254
4 0.648 0.22462686567164178 0.03 0.07462686567164178
1 0.531 0.23134328358208955 0.0285 0.03805970149253731
1 0.5045 0.22238805970149253 0.0225 0.03656716417910448
4 0.558 0.20597014925373133 0.031 0.05895522388059701
1 0.1825 0.24776119402985075 0.0715 0.06044776119402985
2 0.579 0.44477611940298506 0.051 0.0664179104477612
2 0.6515 0.36343283582089553 0.0355 0.04626865671641791
2 0.7765 0.36268656716417913 0.0175 0.04477611940298507
2 0.7605 0.3447761194029851 0.0115 0.03805970149253731
2 0.564 0.34701492537313433 0.036 0.05298507462686567
2 0.518 0.4373134328358209 0.045 0.05970149253731343
2 0.5115 0.4 0.047 0.05223880597014925
2 0.38 0.3880597014925373 0.039 0.0664179104477612
2 0.3175 0.44925373134328356 0.0635 0.06119402985074627
2 0.154 0.43507462686567167 0.064 0.07761194029850746
2 0.179 0.31044776119402984 0.016 0.049253731343283584
2 0.0515 0.3738805970149254 0.0255 0.06417910447761194
2 0.619 0.2947761194029851 0.025 0.03134328358208955
3 0.5125 0.36343283582089553 0.018 0.04328358208955224
3 0.58 0.4223880597014925 0.019 0.08432835820895522
3 0.514 0.4097014925373134 0.02 0.08059701492537313
3 0.3795 0.3694029850746269 0.0185 0.07761194029850746
3 0.324 0.42761194029850746 0.0205 0.08358208955223881
3 0.3085 0.25149253731343285 0.0105 0.04328358208955224
3 0.1685 0.40671641791044777 0.021 0.09477611940298507
3 0.154 0.408955223880597 0.0175 0.0880597014925373
3 0.049 0.33059701492537313 0.0175 0.034328358208955224
2 0.306 0.26791044776119405 0.03 0.034328358208955224