1 0.203 0.5798507462686567 0.142 0.16492537313432837
1 0.4205 0.43656716417910446 0.104 0.1373134328358209
1 0.6085 0.6104477611940299 0.1075 0.1664179104477612
1 0.436 0.7 0.1435 0.19402985074626866
1 0.6575 0.4701492537313433 0.0765 0.10820895522388059
1 0.5925 0.291044776119403 0.059 0.07462686567164178
1 0.723 0.3111940298507463 0.0445 0.07462686567164178
2 0.1435 0.9365671641791045 0.051 0.12611940298507462
2 0.706 0.9656716417910448 0.056 0.06865671641791045
2 0.0405 0.9731343283582089 0.0655 0.05373134328358209
2 0.201 0.8402985074626865 0.0445 0.1417910447761194
2 0.6965 0.7440298507462687 0.023 0.06865671641791045
2 0.7405 0.5522388059701493 0.017 0.04552238805970149
2 0.218 0.4835820895522388 0.0435 0.048507462686567165
2 0.0835 0.4373134328358209 0.0515 0.05373134328358209
3 0.7015 0.6716417910447762 0.023 0.08208955223880597
3 0.709 0.9201492537313433 0.0445 0.1126865671641791
3 0.034 0.9485074626865672 0.042 0.10298507462686567
3 0.147 0.8813432835820896 0.0425 0.12388059701492538
3 0.2025 0.8007462686567164 0.042 0.14776119402985075
3 0.212 0.4462686567164179 0.0155 0.058208955223880594
3 0.224 0.45671641791044776 0.0165 0.08208955223880597
3 0.746 0.4962686567164179 0.0335 0.06119402985074627
1 0.3925 0.3940298507462687 0.0665 0.09328358208955224