4 0.254 0.5552238805970149 0.3095 0.35447761194029853
2 0.7835 0.3492537313432836 0.0435 0.07761194029850746
2 0.663 0.3970149253731343 0.041 0.09701492537313433
2 0.5525 0.3977611940298508 0.0595 0.10671641791044777
2 0.505 0.3798507462686567 0.056 0.1
2 0.4225 0.3932835820895522 0.08 0.09029850746268657
2 0.96 0.35074626865671643 0.034 0.07014925373134329
2 0.529 0.28059701492537314 0.0615 0.07611940298507462
2 0.383 0.31492537313432833 0.031 0.08059701492537313
2 0.4735 0.32985074626865674 0.022 0.0791044776119403
2 0.425 0.32313432835820893 0.0295 0.05895522388059701
3 0.967 0.30895522388059704 0.0295 0.06492537313432836
3 0.7855 0.3208955223880597 0.035 0.08880597014925373
3 0.6685 0.3619402985074627 0.0285 0.09179104477611941
3 0.561 0.3686567164179104 0.0255 0.08880597014925373
3 0.5475 0.3694029850746269 0.0255 0.07014925373134329
3 0.5095 0.35522388059701493 0.0255 0.10149253731343283
3 0.493 0.34701492537313433 0.0245 0.0791044776119403
3 0.4265 0.367910447761194 0.0355 0.10970149253731343
3 0.473 0.2955223880597015 0.0285 0.0664179104477612
3 0.534 0.26343283582089555 0.033 0.08582089552238806
3 0.4255 0.2955223880597015 0.0205 0.0664179104477612
3 0.384 0.27686567164179104 0.026 0.06343283582089553
3 0.1385 0.20970149253731343 0.018 0.04328358208955224
3 0.432 0.23283582089552238 0.0205 0.07014925373134329