0 0.423 0.24925373134328357 0.146 0.12388059701492538
1 0.712 0.24253731343283583 0.0265 0.04029850746268657
1 0.7105 0.21567164179104478 0.024 0.026865671641791045
1 0.0795 0.25 0.065 0.05522388059701493
1 0.0465 0.23059701492537313 0.043 0.041044776119402986
3 0.558 0.2955223880597015 0.013 0.05298507462686567
3 0.5475 0.2992537313432836 0.0115 0.055970149253731345
2 0.559 0.32313432835820893 0.046 0.04328358208955224
2 0.5125 0.3126865671641791 0.0505 0.04253731343283582
2 0.3735 0.30522388059701494 0.0415 0.04776119402985075
3 0.373 0.2791044776119403 0.0185 0.07462686567164178
3 0.0445 0.26119402985074625 0.011 0.058208955223880594
2 0.047 0.27313432835820894 0.03 0.03731343283582089