1 0.628 0.6828358208955224 0.1065 0.16119402985074627
1 0.453 0.655223880597015 0.1265 0.1865671641791045
1 0.6005 0.4917910447761194 0.0575 0.08955223880597014
1 0.6295 0.42388059701492536 0.0395 0.04701492537313433
1 0.498 0.3902985074626866 0.036 0.04029850746268657
1 0.427 0.41119402985074627 0.0425 0.04552238805970149
1 0.6835 0.4783582089552239 0.04 0.06194029850746269
1 0.6825 0.44402985074626866 0.041 0.05149253731343283
1 0.671 0.367910447761194 0.0225 0.030597014925373135
2 0.779 0.7947761194029851 0.0355 0.12388059701492538
3 0.783 0.7544776119402985 0.029 0.13134328358208955
2 0.8915 0.8940298507462686 0.041 0.13134328358208955
2 0.831 0.7365671641791045 0.036 0.10895522388059702
3 0.8285 0.6977611940298507 0.031 0.0962686567164179
3 0.886 0.8365671641791045 0.0395 0.14253731343283582