1 0.872 0.9074626865671642 0.256 0.18507462686567164
3 0.7705 0.7619402985074627 0.0285 0.16940298507462687
3 0.5915 0.8126865671641791 0.0315 0.22462686567164178
3 0.476 0.8791044776119403 0.03 0.2417910447761194
3 0.391 0.7343283582089553 0.06 0.21791044776119403
3 0.3455 0.6544776119402985 0.036 0.1701492537313433
3 0.115 0.8201492537313433 0.032 0.2291044776119403
3 0.2005 0.564179104477612 0.0225 0.18059701492537314
2 0.188 0.5701492537313433 0.111 0.1417910447761194
2 0.671 0.6962686567164179 0.1005 0.14626865671641792
2 0.564 0.7022388059701492 0.089 0.13805970149253732
2 0.366 0.8014925373134328 0.1645 0.1708955223880597
2 0.3615 0.7119402985074627 0.1265 0.1253731343283582
2 0.1015 0.8843283582089553 0.2025 0.23134328358208955
2 0.588 0.8559701492537314 0.142 0.1619402985074627
2 0.48 0.941044776119403 0.282 0.11791044776119403
2 0.931 0.7902985074626866 0.1375 0.1455223880597015
3 0.9475 0.7305970149253731 0.052 0.2
2 0.783 0.6082089552238806 0.081 0.11940298507462686
2 0.9625 0.5582089552238806 0.0655 0.06492537313432836
1 0.3015 0.34776119402985073 0.0715 0.12313432835820895
3 0.696 0.6149253731343284 0.0475 0.1582089552238806
3 0.2925 0.5701492537313433 0.0285 0.16119402985074627
2 0.292 0.5798507462686567 0.0905 0.11940298507462686