3 0.8125 0.5208955223880597 0.024 0.0955223880597015
0 0.4735 0.5126865671641792 0.2935 0.5940298507462687
1 0.1785 0.8656716417910447 0.349 0.26119402985074625
1 0.101 0.7477611940298508 0.202 0.21194029850746268
1 0.626 0.38283582089552237 0.0665 0.1291044776119403
1 0.665 0.33134328358208953 0.047 0.06492537313432836
1 0.6325 0.26791044776119405 0.0485 0.0664179104477612
1 0.7005 0.26865671641791045 0.0345 0.05895522388059701
1 0.6955 0.21567164179104478 0.0325 0.0664179104477612
1 0.728 0.2335820895522388 0.0285 0.06194029850746269
3 0.7755 0.6917910447761194 0.035 0.08880597014925373
2 0.774 0.767910447761194 0.0475 0.07835820895522388
2 0.806 0.5365671641791044 0.0345 0.050746268656716415