3 0.192 0.6365671641791045 0.0475 0.10298507462686567
3 0.155 0.4597014925373134 0.03 0.08208955223880597
3 0.0775 0.4992537313432836 0.0325 0.09477611940298507
3 0.0185 0.5238805970149254 0.035 0.08880597014925373
3 0.516 0.5671641791044776 0.034 0.09477611940298507
3 0.4645 0.47388059701492535 0.0305 0.08880597014925373
3 0.4105 0.47313432835820896 0.027 0.08059701492537313
3 0.352 0.42014925373134326 0.0245 0.06865671641791045
3 0.559 0.5134328358208955 0.0305 0.06865671641791045
3 0.7615 0.6932835820895522 0.036 0.11044776119402985
3 0.909 0.7276119402985075 0.042 0.11044776119402985
3 0.927 0.5798507462686567 0.0385 0.07014925373134329
3 0.8375 0.7843283582089552 0.034 0.1208955223880597
3 0.593 0.6126865671641791 0.0385 0.08208955223880597
3 0.681 0.5537313432835821 0.029 0.14626865671641792
3 0.6625 0.5522388059701493 0.0235 0.11791044776119403
3 0.7145 0.6186567164179104 0.0405 0.12313432835820895
3 0.1015 0.3716417910447761 0.021 0.07611940298507462
3 0.073 0.3365671641791045 0.0245 0.07462686567164178
3 0.0085 0.37089552238805973 0.017 0.06940298507462686
3 0.031 0.3902985074626866 0.022 0.06343283582089553
3 0.0145 0.4544776119402985 0.0255 0.07462686567164178
1 0.6735 0.8007462686567164 0.3445 0.3977611940298508
1 0.24 0.38731343283582087 0.093 0.11940298507462686
1 0.163 0.28880597014925374 0.044 0.08880597014925373
1 0.1175 0.24477611940298508 0.035 0.04626865671641791
2 0.184 0.7029850746268657 0.049 0.14328358208955225
2 0.0185 0.5761194029850746 0.035 0.06865671641791045
2 0.077 0.5619402985074626 0.0235 0.07761194029850746
2 0.153 0.5134328358208955 0.027 0.06865671641791045
2 0.105 0.42686567164179107 0.02 0.04626865671641791
2 0.511 0.6477611940298508 0.0535 0.12761194029850748
2 0.4075 0.5268656716417911 0.05 0.08208955223880597
2 0.3515 0.47238805970149256 0.041 0.0791044776119403
2 0.466 0.5194029850746269 0.0455 0.09179104477611941
2 0.516 0.5201492537313432 0.0395 0.08059701492537313
2 0.675 0.594776119402985 0.0595 0.07761194029850746
2 0.9185 0.808955223880597 0.1105 0.18059701492537314
2 0.84 0.8880597014925373 0.057 0.10597014925373134
2 0.916 0.6402985074626866 0.034 0.09776119402985074
2 0.981 0.5358208955223881 0.038 0.07238805970149254
2 0.4045 0.4305970149253731 0.049 0.07313432835820896
2 0.455 0.43656716417910446 0.0255 0.06044776119402985
2 0.3185 0.3940298507462687 0.0325 0.06194029850746269
3 0.4025 0.382089552238806 0.034 0.04477611940298507
3 0.3145 0.3492537313432836 0.016 0.04328358208955224
3 0.564 0.5776119402985075 0.0455 0.09328358208955224