0 0.738 0.7029850746268657 0.2625 0.5940298507462687
1 0.814 0.5059701492537313 0.121 0.2582089552238806
0 0.669 0.3238805970149254 0.095 0.1791044776119403
1 0.56 0.2619402985074627 0.0325 0.06044776119402985
3 0.133 0.5313432835820896 0.0145 0.09104477611940298
3 0.143 0.5246268656716417 0.0105 0.07462686567164178
2 0.872 0.44328358208955226 0.029 0.08358208955223881
3 0.8695 0.4171641791044776 0.023 0.07985074626865672
2 0.8075 0.367910447761194 0.0195 0.030597014925373135
3 0.806 0.35074626865671643 0.014 0.03805970149253731
2 0.765 0.3291044776119403 0.02 0.05223880597014925
3 0.7635 0.30671641791044774 0.0145 0.04701492537313433
2 0.7845 0.31343283582089554 0.0155 0.03880597014925373
3 0.7845 0.2947761194029851 0.012 0.049253731343283584
2 0.734 0.4388059701492537 0.0275 0.06343283582089553
3 0.732 0.41194029850746267 0.0175 0.055970149253731345
2 0.4795 0.29701492537313434 0.013 0.041044776119402986
3 0.4775 0.2873134328358209 0.0105 0.041791044776119404
2 0.4535 0.30074626865671644 0.011 0.03955223880597015
3 0.452 0.28432835820895525 0.012 0.033582089552238806
2 0.5205 0.26044776119402985 0.007 0.030597014925373135
3 0.519 0.2455223880597015 0.0065 0.03208955223880597