1 0.089 0.7283582089552239 0.178 0.3492537313432836
1 0.406 0.9350746268656717 0.5025 0.12985074626865672
2 0.2335 0.905223880597015 0.1995 0.1455223880597015
2 0.319 0.6 0.1415 0.11119402985074626
2 0.4185 0.7022388059701492 0.137 0.1328358208955224
2 0.5285 0.6298507462686567 0.1275 0.15074626865671642
2 0.7085 0.5888059701492537 0.1695 0.12462686567164179
2 0.707 0.6888059701492537 0.136 0.1208955223880597
3 0.715 0.5380597014925373 0.0355 0.12611940298507462
3 0.706 0.6671641791044776 0.035 0.20970149253731343
3 0.929 0.75 0.0595 0.20149253731343283
2 0.972 0.4791044776119403 0.056 0.1619402985074627
1 0.54 0.10074626865671642 0.09 0.10597014925373134
3 0.4725 0.25597014925373135 0.0385 0.11865671641791045
3 0.384 0.5067164179104477 0.0235 0.1761194029850746
3 0.4275 0.6753731343283582 0.0435 0.15895522388059702
3 0.521 0.5791044776119403 0.0425 0.16716417910447762
3 0.2505 0.8843283582089553 0.068 0.14477611940298507
3 0.05 0.9582089552238806 0.0375 0.08358208955223881
3 0.168 0.49328358208955225 0.0385 0.10970149253731343
3 0.132 0.5582089552238806 0.039 0.10074626865671642
2 0.185 0.2783582089552239 0.075 0.09104477611940298