3 0.498 0.4634328358208955 0.023 0.08283582089552238
3 0.3165 0.3604477611940298 0.021 0.05223880597014925
3 0.0655 0.5328358208955224 0.027 0.07985074626865672
3 0.4815 0.9537313432835821 0.053 0.09253731343283582
3 0.2085 0.3701492537313433 0.022 0.04626865671641791
3 0.1235 0.3455223880597015 0.031 0.05223880597014925
2 0.4975 0.4880597014925373 0.061 0.06791044776119402
2 0.3175 0.39104477611940297 0.0425 0.04776119402985075
2 0.207 0.3962686567164179 0.035 0.03507462686567164
2 0.134 0.3686567164179104 0.066 0.04328358208955224
2 0.073 0.5664179104477612 0.049 0.0708955223880597
2 0.5655 0.21119402985074626 0.073 0.06940298507462686