1 0.522 0.5350746268656716 0.1285 0.18134328358208956
1 0.3365 0.42388059701492536 0.072 0.11716417910447761
1 0.905 0.40223880597014927 0.1245 0.08656716417910448
1 0.5635 0.4126865671641791 0.098 0.11492537313432835
1 0.4135 0.4 0.0655 0.09104477611940298
1 0.476 0.8664179104477612 0.159 0.2537313432835821
1 0.752 0.376865671641791 0.0915 0.07238805970149254
1 0.436 0.3358208955223881 0.054 0.07761194029850746
1 0.721 0.32686567164179103 0.0705 0.05970149253731343
1 0.9695 0.4992537313432836 0.061 0.11791044776119403
1 0.842 0.8574626865671642 0.316 0.28507462686567164
1 0.9275 0.373134328358209 0.084 0.0626865671641791
2 0.053 0.4962686567164179 0.0255 0.05373134328358209
2 0.2555 0.7231343283582089 0.0475 0.11044776119402985
2 0.283 0.591044776119403 0.0275 0.08059701492537313
2 0.2475 0.4455223880597015 0.02 0.057462686567164176
2 0.22 0.3895522388059702 0.019 0.048507462686567165
2 0.107 0.4373134328358209 0.019 0.06194029850746269
2 0.1815 0.39104477611940297 0.016 0.04029850746268657
3 0.297 0.7507462686567165 0.036 0.11567164179104478
3 0.255 0.6395522388059701 0.0405 0.10074626865671642
3 0.2765 0.5119402985074627 0.0175 0.05895522388059701
3 0.243 0.4 0.0135 0.03880597014925373
3 0.183 0.35 0.016 0.030597014925373135
3 0.223 0.34701492537313433 0.016 0.028358208955223882
3 0.0605 0.3970149253731343 0.023 0.03731343283582089
3 0.1155 0.3888059701492537 0.0155 0.05149253731343283
3 0.0585 0.4634328358208955 0.019 0.058208955223880594
3 0.0025 0.48955223880597015 0.005 0.04328358208955224
1 0.2945 0.2753731343283582 0.0305 0.058208955223880594
1 0.326 0.26119402985074625 0.0195 0.034328358208955224
1 0.4775 0.25298507462686565 0.034 0.04402985074626865
1 0.5335 0.26940298507462684 0.043 0.055970149253731345
1 0.9325 0.758955223880597 0.135 0.2537313432835821