3 0.081 0.6082089552238806 0.0405 0.07238805970149254
3 0.038 0.832089552238806 0.046 0.1582089552238806
3 0.7505 0.9305970149253732 0.0555 0.13880597014925372
3 0.764 0.7417910447761195 0.0375 0.11940298507462686
3 0.6565 0.5350746268656716 0.0335 0.06417910447761194
3 0.5975 0.5313432835820896 0.028 0.0791044776119403
3 0.265 0.3753731343283582 0.0155 0.04552238805970149
3 0.308 0.3813432835820896 0.0235 0.05149253731343283
3 0.224 0.35074626865671643 0.025 0.04029850746268657
3 0.919 0.8977611940298508 0.031 0.15149253731343285
3 0.981 0.8634328358208955 0.0375 0.1291044776119403
3 0.9725 0.8388059701492537 0.031 0.12238805970149254
0 0.4335 0.21044776119402986 0.039 0.0955223880597015
2 0.033 0.8940298507462686 0.066 0.19402985074626866
2 0.081 0.6738805970149254 0.044 0.12238805970149254
2 0.2615 0.4134328358208955 0.026 0.0626865671641791
2 0.308 0.4223880597014925 0.021 0.058208955223880594
2 0.2225 0.3850746268656716 0.019 0.05298507462686567
2 0.735 0.9477611940298507 0.045 0.1044776119402985
2 0.7645 0.7753731343283582 0.049 0.1373134328358209
2 0.925 0.9373134328358209 0.084 0.1253731343283582
2 0.964 0.8962686567164179 0.072 0.16791044776119404
2 0.5985 0.5604477611940298 0.031 0.08507462686567165
2 0.6555 0.567910447761194 0.0375 0.08358208955223881
3 0.7165 0.48656716417910445 0.025 0.08208955223880597
3 0.692 0.44029850746268656 0.018 0.07238805970149254
3 0.839 0.5253731343283582 0.0155 0.0873134328358209
3 0.859 0.5410447761194029 0.026 0.09029850746268657