1 0.4245 0.5470149253731343 0.092 0.14328358208955225
1 0.2145 0.44925373134328356 0.088 0.06119402985074627
2 0.0945 0.5365671641791044 0.1415 0.12761194029850748
2 0.3675 0.8537313432835821 0.0745 0.15597014925373134
2 0.6585 0.9552238805970149 0.055 0.08955223880597014
2 0.541 0.7 0.035 0.10820895522388059
2 0.5925 0.6597014925373135 0.0335 0.08955223880597014
2 0.4705 0.6694029850746268 0.0465 0.08955223880597014
2 0.729 0.8977611940298508 0.041 0.14776119402985075
2 0.832 0.8962686567164179 0.044 0.13656716417910447
2 0.68 0.7567164179104477 0.04 0.11343283582089553
2 0.743 0.7656716417910447 0.0415 0.09402985074626866
2 0.7865 0.7223880597014926 0.0345 0.0955223880597015
3 0.658 0.8761194029850746 0.044 0.0962686567164179
3 0.8285 0.8082089552238806 0.035 0.10522388059701493
3 0.7295 0.7992537313432836 0.0415 0.11044776119402985
3 0.3805 0.7746268656716417 0.052 0.11791044776119403
3 0.542 0.6447761194029851 0.031 0.0708955223880597
3 0.4745 0.6067164179104477 0.027 0.0664179104477612
3 0.591 0.6067164179104477 0.029 0.0664179104477612
3 0.7835 0.6574626865671642 0.0305 0.08208955223880597
3 0.742 0.7037313432835821 0.037 0.058208955223880594
3 0.682 0.6813432835820895 0.024 0.06567164179104477
1 0.3385 0.3962686567164179 0.059 0.056716417910447764
1 0.4145 0.3641791044776119 0.0415 0.03805970149253731