3 0.872 0.9597014925373134 0.0295 0.07985074626865672
3 0.8905 0.9671641791044776 0.0455 0.05373134328358209
3 0.926 0.9552238805970149 0.0165 0.08134328358208955
3 0.9375 0.9604477611940299 0.026 0.07537313432835821
3 0.67 0.7574626865671642 0.031 0.06492537313432836
2 0.6715 0.7902985074626866 0.039 0.08283582089552238
2 0.8535 0.9686567164179104 0.03 0.0626865671641791
2 0.9345 0.8208955223880597 0.0515 0.07686567164179105
1 0.2275 0.6246268656716418 0.0465 0.0880597014925373
1 0.2115 0.5104477611940299 0.036 0.07835820895522388
4 0.259 0.4992537313432836 0.045 0.1044776119402985