1 0.628 0.5059701492537313 0.1125 0.19552238805970149
1 0.2025 0.4552238805970149 0.1415 0.18358208955223881
1 0.372 0.3641791044776119 0.0735 0.18358208955223881
1 0.576 0.3328358208955224 0.082 0.11791044776119403
1 0.6885 0.36268656716417913 0.083 0.18358208955223881
1 0.935 0.5597014925373134 0.13 0.23582089552238805
1 0.941 0.9567164179104478 0.1175 0.08656716417910448
1 0.024 0.1843283582089552 0.048 0.058208955223880594
2 0.495 0.7701492537313432 0.054 0.18507462686567164
2 0.159 0.8074626865671641 0.046 0.21492537313432836
2 0.134 0.6902985074626866 0.04 0.20522388059701493
2 0.7225 0.8813432835820896 0.0805 0.2373134328358209
2 0.6155 0.9417910447761194 0.064 0.11641791044776119
2 0.816 0.49850746268656715 0.04 0.10298507462686567
2 0.7555 0.45149253731343286 0.036 0.1
2 0.371 0.5940298507462687 0.0485 0.15447761194029852
2 0.514 0.6194029850746269 0.044 0.13059701492537312
2 0.4845 0.4753731343283582 0.033 0.10671641791044777
2 0.286 0.35 0.033 0.07462686567164178
2 0.121 0.40373134328358207 0.028 0.09029850746268657
3 0.3675 0.5134328358208955 0.049 0.13208955223880597
3 0.486 0.7007462686567164 0.058 0.24029850746268658
3 0.614 0.8291044776119403 0.069 0.1917910447761194
3 0.621 0.8873134328358209 0.0735 0.18582089552238806
3 0.534 0.9671641791044776 0.0445 0.06492537313432836
3 0.7185 0.8238805970149253 0.06 0.23880597014925373
3 0.816 0.45746268656716416 0.043 0.09328358208955224
3 0.7545 0.41567164179104477 0.0295 0.11492537313432835
3 0.017 0.8477611940298507 0.034 0.14328358208955225
3 0.482 0.4052238805970149 0.0375 0.10970149253731343
3 0.51 0.5261194029850746 0.033 0.11119402985074626