3 0.4295 0.7992537313432836 0.0645 0.16343283582089552
3 0.7105 0.41865671641791047 0.0195 0.09179104477611941
3 0.821 0.40671641791044777 0.026 0.06716417910447761
3 0.44 0.3037313432835821 0.015 0.05522388059701493
3 0.5875 0.34701492537313433 0.0245 0.07611940298507462
3 0.682 0.32611940298507464 0.0135 0.058208955223880594
1 0.608 0.25522388059701495 0.12 0.10074626865671642
1 0.5715 0.14925373134328357 0.0225 0.04328358208955224
1 0.8965 0.2671641791044776 0.109 0.08059701492537313
1 0.4245 0.1664179104477612 0.031 0.05373134328358209
1 0.3885 0.14328358208955225 0.026 0.04328358208955224
2 0.7075 0.45223880597014926 0.0495 0.058208955223880594
2 0.8155 0.43656716417910446 0.072 0.049253731343283584
2 0.4245 0.8425373134328358 0.075 0.15895522388059702
2 0.5855 0.3559701492537313 0.054 0.04626865671641791
2 0.772 0.3962686567164179 0.0385 0.05522388059701493
2 0.989 0.47686567164179106 0.022 0.09029850746268657
2 0.9635 0.36716417910447763 0.047 0.050746268656716415
2 0.44 0.31865671641791044 0.0355 0.03731343283582089
2 0.3445 0.3126865671641791 0.03 0.03731343283582089
2 0.243 0.2783582089552239 0.0345 0.028358208955223882
2 0.3085 0.2716417910447761 0.0395 0.029850746268656716
2 0.6815 0.341044776119403 0.043 0.04029850746268657