1 0.1525 0.8485074626865672 0.305 0.3
1 0.613 0.46492537313432836 0.197 0.3156716417910448
1 0.644 0.9186567164179105 0.474 0.1626865671641791
1 0.5035 0.029850746268656716 0.074 0.05970149253731343
1 0.621 0.014925373134328358 0.0855 0.029850746268656716
3 0.244 0.4619402985074627 0.0535 0.19402985074626866
3 0.4245 0.6835820895522388 0.049 0.1708955223880597
3 0.442 0.6776119402985075 0.056 0.19552238805970149
3 0.523 0.7820895522388059 0.043 0.23507462686567165
3 0.64 0.7298507462686568 0.0525 0.22686567164179106
3 0.8375 0.7402985074626866 0.0375 0.21641791044776118
3 0.8965 0.8604477611940299 0.049 0.25223880597014925
3 0.94 0.8380597014925373 0.0615 0.21940298507462686
3 0.988 0.7873134328358209 0.024 0.22611940298507463
3 0.933 0.585820895522388 0.035 0.22686567164179106
3 0.82 0.5925373134328358 0.0455 0.18208955223880596
3 0.719 0.1746268656716418 0.0375 0.1044776119402985
3 0.62 0.15746268656716417 0.0375 0.08880597014925373
3 0.634 0.09179104477611941 0.0385 0.09776119402985074
3 0.458 0.1 0.034 0.08208955223880597
3 0.423 0.13805970149253732 0.037 0.08059701492537313
2 0.4325 0.21492537313432836 0.0475 0.11641791044776119
2 0.429 0.7089552238805971 0.063 0.20671641791044776
2 0.508 0.8 0.1445 0.1335820895522388
2 0.6275 0.7626865671641792 0.1505 0.17388059701492536
2 0.619 0.22611940298507463 0.0335 0.06865671641791045
2 0.7105 0.25 0.0445 0.08358208955223881
2 0.8195 0.20223880597014926 0.0455 0.1291044776119403
2 0.882 0.8649253731343284 0.153 0.14776119402985075
2 0.814 0.755223880597015 0.1035 0.14328358208955225
2 0.785 0.6186567164179104 0.042 0.13208955223880597
2 0.93 0.6037313432835821 0.12 0.14477611940298507