1 0.1815 0.373134328358209 0.066 0.13880597014925372
1 0.2705 0.3044776119402985 0.047 0.08507462686567165
1 0.332 0.2992537313432836 0.042 0.09477611940298507
1 0.366 0.28507462686567164 0.0325 0.0962686567164179
1 0.26 0.258955223880597 0.0365 0.06865671641791045
1 0.939 0.4962686567164179 0.122 0.16343283582089552
1 0.9 0.41492537313432837 0.0995 0.13432835820895522
1 0.643 0.33880597014925373 0.067 0.1044776119402985
1 0.5175 0.24925373134328357 0.0465 0.06865671641791045
1 0.2955 0.24701492537313433 0.0325 0.05895522388059701
1 0.2545 0.25149253731343285 0.034 0.033582089552238806
2 0.281 0.5962686567164179 0.081 0.11044776119402985
2 0.1795 0.517910447761194 0.075 0.08283582089552238
2 0.018 0.5477611940298508 0.036 0.10895522388059702
2 0.2305 0.43507462686567167 0.033 0.06417910447761194
2 0.3445 0.5029850746268657 0.053 0.0962686567164179
2 0.3795 0.3485074626865672 0.0505 0.06492537313432836