1 0.34 0.8559701492537314 0.378 0.2873134328358209
1 0.5175 0.1253731343283582 0.0885 0.17238805970149254
2 0.342 0.6313432835820896 0.133 0.1126865671641791
2 0.505 0.7432835820895523 0.1335 0.16417910447761194
2 0.967 0.7611940298507462 0.0655 0.15
2 0.773 0.4052238805970149 0.0475 0.15970149253731344
2 0.6135 0.24328358208955222 0.0335 0.06940298507462686
2 0.6545 0.28880597014925374 0.0555 0.08582089552238806
2 0.5385 0.26492537313432835 0.058 0.08880597014925373
2 0.4795 0.2253731343283582 0.04 0.07611940298507462
2 0.211 0.46940298507462686 0.111 0.09477611940298507
2 0.037 0.6 0.074 0.10522388059701493
3 0.2095 0.42388059701492536 0.039 0.15
3 0.3485 0.6052238805970149 0.0405 0.15970149253731344
3 0.497 0.7052238805970149 0.0515 0.17388059701492536
3 0.7285 0.32238805970149254 0.035 0.17761194029850746
3 0.6565 0.25522388059701495 0.0335 0.11791044776119403
3 0.6125 0.21343283582089553 0.031 0.1291044776119403
3 0.54 0.22313432835820896 0.043 0.13208955223880597
3 0.474 0.16119402985074627 0.0235 0.08582089552238806
3 0.267 0.27313432835820894 0.032 0.09850746268656717
2 0.17 0.2828358208955224 0.0915 0.10149253731343283
3 0.0185 0.5305970149253731 0.0365 0.12761194029850748
3 0.966 0.5126865671641792 0.0305 0.21119402985074626
2 0.7755 0.1880597014925373 0.032 0.08208955223880597
2 0.9535 0.5156716417910447 0.093 0.16567164179104477