1 0.343 0.9335820895522388 0.2245 0.1328358208955224
1 0.6365 0.7082089552238806 0.1545 0.35074626865671643
1 0.601 0.44925373134328356 0.09 0.17537313432835822
1 0.6985 0.41044776119402987 0.077 0.16940298507462687
3 0.3695 0.6417910447761194 0.0495 0.15970149253731344
2 0.3535 0.6940298507462687 0.084 0.13582089552238805
2 0.441 0.517910447761194 0.053 0.10970149253731343
2 0.521 0.5097014925373134 0.0515 0.09850746268656717
2 0.471 0.48507462686567165 0.051 0.0955223880597015
2 0.092 0.9716417910447761 0.113 0.055970149253731345
3 0.0965 0.9261194029850747 0.0405 0.14701492537313432
3 0.446 0.4791044776119403 0.0275 0.1253731343283582
3 0.4775 0.4380597014925373 0.0345 0.12611940298507462
3 0.5205 0.4634328358208955 0.0335 0.1253731343283582