2 0.326 0.7514925373134328 0.035 0.11865671641791045
3 0.329 0.6955223880597015 0.0365 0.1253731343283582
3 0.3325 0.6567164179104478 0.0415 0.08880597014925373
1 0.2385 0.5985074626865672 0.132 0.23656716417910448
1 0.199 0.4552238805970149 0.102 0.17537313432835822
2 0.089 0.49477611940298505 0.0345 0.09104477611940298
3 0.0925 0.46119402985074626 0.028 0.09104477611940298
3 0.1005 0.44776119402985076 0.017 0.09179104477611941
2 0.063 0.45298507462686566 0.0305 0.08208955223880597
3 0.0645 0.4208955223880597 0.0275 0.08507462686567165
2 0.395 0.3813432835820896 0.0145 0.06194029850746269
3 0.3955 0.341044776119403 0.015 0.04701492537313433
1 0.486 0.44402985074626866 0.066 0.10522388059701493
1 0.326 0.3850746268656716 0.056 0.10522388059701493
1 0.272 0.3156716417910448 0.059 0.1
1 0.348 0.24925373134328357 0.04 0.06119402985074627
1 0.3645 0.18208955223880596 0.0295 0.05447761194029851
1 0.444 0.141044776119403 0.0235 0.03880597014925373
1 0.42 0.12686567164179105 0.0185 0.03134328358208955
2 0.59 0.3925373134328358 0.017 0.04029850746268657
3 0.596 0.3649253731343284 0.008 0.03283582089552239
3 0.591 0.35895522388059703 0.006 0.030597014925373135
2 0.569 0.3044776119402985 0.0115 0.034328358208955224
3 0.571 0.28432835820895525 0.0115 0.03582089552238806
3 0.1605 0.32164179104477614 0.014 0.0664179104477612
2 0.195 0.3455223880597015 0.0245 0.05970149253731343
3 0.1965 0.31716417910447764 0.013 0.04328358208955224
2 0.221 0.31343283582089554 0.017 0.05
3 0.222 0.291044776119403 0.0125 0.04029850746268657
3 0.219 0.26865671641791045 0.0065 0.010447761194029851
2 0.25 0.28955223880597014 0.0155 0.050746268656716415
3 0.2505 0.2664179104477612 0.01 0.034328358208955224