1 0.343 0.4701492537313433 0.2035 0.24253731343283583
1 0.5015 0.2537313432835821 0.0835 0.1783582089552239
1 0.6045 0.11194029850746269 0.0685 0.12014925373134329
0 0.5175 0.12238805970149254 0.088 0.1328358208955224
2 0.739 0.8850746268656716 0.148 0.1335820895522388
2 0.459 0.6373134328358209 0.1125 0.12388059701492538
2 0.599 0.5149253731343284 0.0635 0.08283582089552238
2 0.7255 0.4373134328358209 0.034 0.06865671641791045
2 0.9445 0.564179104477612 0.1105 0.12388059701492538
2 0.779 0.1917910447761194 0.026 0.06791044776119402
2 0.7185 0.08656716417910448 0.0325 0.06940298507462686
2 0.782 0.2626865671641791 0.0385 0.08208955223880597
2 0.74 0.27238805970149255 0.026 0.10373134328358209
2 0.6445 0.30970149253731344 0.0225 0.06417910447761194
2 0.6035 0.3037313432835821 0.0235 0.07238805970149254
2 0.431 0.12985074626865672 0.031 0.08358208955223881
2 0.1745 0.28432835820895525 0.0715 0.09179104477611941
3 0.455 0.5746268656716418 0.0425 0.10149253731343283
3 0.5995 0.4298507462686567 0.0385 0.08432835820895522
3 0.713 0.4417910447761194 0.007 0.004477611940298508
3 0.734 0.3746268656716418 0.0205 0.07164179104477612
3 0.96 0.5156716417910447 0.0425 0.10223880597014925
3 0.7495 0.8238805970149253 0.0465 0.11716417910447761
3 0.6065 0.22388059701492538 0.025 0.06716417910447761
3 0.652 0.1962686567164179 0.023 0.06343283582089553
3 0.721 0.2582089552238806 0.0235 0.11044776119402985
3 0.7565 0.282089552238806 0.021 0.12611940298507462