1 0.7015 0.44850746268656716 0.2185 0.26119402985074625
1 0.532 0.21567164179104478 0.0895 0.1917910447761194
1 0.4225 0.06343283582089553 0.0725 0.12686567164179105
0 0.5145 0.07388059701492537 0.094 0.14253731343283582
2 0.277 0.8955223880597015 0.1585 0.14402985074626865
2 0.5775 0.6291044776119403 0.1205 0.1335820895522388
2 0.427 0.49701492537313435 0.068 0.08880597014925373
2 0.2915 0.4134328358208955 0.0365 0.07388059701492537
2 0.0585 0.5492537313432836 0.1165 0.13134328358208955
2 0.2345 0.14850746268656717 0.028 0.07313432835820896
2 0.2995 0.03582089552238806 0.0335 0.07164179104477612
2 0.2315 0.2253731343283582 0.0415 0.08880597014925373
2 0.2765 0.23582089552238805 0.028 0.11119402985074626
2 0.3785 0.2753731343283582 0.024 0.06865671641791045
2 0.4225 0.26940298507462684 0.0255 0.07761194029850746
2 0.6075 0.08208955223880597 0.0335 0.09029850746268657
2 0.883 0.24850746268656718 0.0765 0.09850746268656717
3 0.5815 0.5611940298507463 0.0455 0.10970149253731343
3 0.427 0.4059701492537313 0.041 0.09029850746268657
3 0.305 0.417910447761194 0.0075 0.004477611940298508
3 0.2825 0.34626865671641793 0.022 0.07761194029850746
3 0.0405 0.49776119402985075 0.046 0.11044776119402985
3 0.266 0.8298507462686567 0.05 0.12611940298507462
3 0.4195 0.1843283582089552 0.027 0.07238805970149254
3 0.3705 0.1537313432835821 0.0245 0.06791044776119402
3 0.2965 0.2208955223880597 0.025 0.11865671641791045
3 0.2585 0.2462686567164179 0.0225 0.13582089552238805