1 0.317 0.8507462686567164 0.146 0.29776119402985074
1 0.122 0.8149253731343283 0.1735 0.2947761194029851
1 0.3385 0.30149253731343284 0.0545 0.08880597014925373
0 0.374 0.21417910447761193 0.047 0.10820895522388059
2 0.185 0.9664179104477612 0.075 0.0664179104477612
2 0.138 0.6253731343283582 0.0475 0.09328358208955224
2 0.28 0.6253731343283582 0.029 0.09850746268656717
2 0.018 0.7955223880597015 0.036 0.15
2 0.106 0.5574626865671641 0.044 0.08208955223880597
2 0.1755 0.44477611940298506 0.026 0.05970149253731343
2 0.9615 0.8992537313432836 0.075 0.1791044776119403
2 0.2705 0.3783582089552239 0.022 0.0626865671641791
3 0.176 0.4014925373134328 0.0275 0.05298507462686567
3 0.276 0.5716417910447761 0.0305 0.0708955223880597
3 0.1955 0.9216417910447762 0.0415 0.1208955223880597
3 0.1515 0.5791044776119403 0.047 0.09477611940298507
3 0.1025 0.49402985074626865 0.039 0.06791044776119402
3 0.0095 0.7701492537313432 0.019 0.13582089552238805
3 0.968 0.85 0.031 0.10820895522388059
3 0.994 0.8649253731343284 0.0115 0.11641791044776119
3 0.7415 0.5149253731343284 0.014 0.0873134328358209
3 0.7215 0.48059701492537316 0.015 0.07761194029850746
3 0.855 0.5425373134328358 0.0335 0.11492537313432835
3 0.2185 0.33507462686567163 0.024 0.04552238805970149