1 0.44 0.32985074626865674 0.0875 0.05970149253731343
3 0.701 0.3238805970149254 0.068 0.08582089552238806
2 0.346 0.6052238805970149 0.039 0.08358208955223881
2 0.1715 0.6208955223880597 0.1025 0.10522388059701493
2 0.207 0.42313432835820897 0.019 0.05970149253731343
2 0.13 0.40223880597014927 0.0225 0.048507462686567165
2 0.613 0.4044776119402985 0.0475 0.05298507462686567
2 0.581 0.37089552238805973 0.046 0.04477611940298507
2 0.1805 0.4044776119402985 0.028 0.05298507462686567
3 0.339 0.5514925373134328 0.033 0.07238805970149254
3 0.1385 0.5835820895522388 0.0205 0.10298507462686567
3 0.1675 0.6097014925373134 0.026 0.12761194029850748
3 0.205 0.3902985074626866 0.018 0.041791044776119404
3 0.227 0.35 0.021 0.03582089552238806
3 0.609 0.373134328358209 0.015 0.056716417910447764
3 0.6 0.3656716417910448 0.011 0.048507462686567165
3 0.5825 0.3455223880597015 0.0115 0.05298507462686567
2 0.2265 0.376865671641791 0.0205 0.03507462686567164