1 0.254 0.8514925373134329 0.1365 0.29701492537313434
1 0.3315 0.3835820895522388 0.0465 0.10298507462686567
1 0.517 0.4298507462686567 0.059 0.10298507462686567
1 0.374 0.21119402985074626 0.0205 0.04477611940298507
0 0.4515 0.3164179104477612 0.052 0.1208955223880597
2 0.4 0.9723880597014926 0.046 0.05522388059701493
2 0.662 0.7223880597014926 0.0395 0.11791044776119403
2 0.6205 0.6044776119402985 0.025 0.05298507462686567
2 0.596 0.508955223880597 0.0215 0.05447761194029851
2 0.572 0.42761194029850746 0.013 0.041044776119402986
2 0.696 0.6925373134328359 0.0275 0.0664179104477612
2 0.8595 0.9067164179104478 0.057 0.1455223880597015
3 0.6185 0.5664179104477612 0.03 0.08880597014925373
3 0.569 0.4007462686567164 0.017 0.04701492537313433
3 0.5965 0.4716417910447761 0.0165 0.06343283582089553
3 0.6985 0.6365671641791045 0.026 0.08656716417910448
3 0.668 0.6925373134328359 0.0315 0.11119402985074626
3 0.864 0.858955223880597 0.0465 0.10671641791044777
3 0.867 0.9865671641791045 0.0265 0.026865671641791045
3 0.403 0.9186567164179105 0.0435 0.10820895522388059
3 0.037 0.6350746268656716 0.028 0.12238805970149254
3 0.1495 0.4671641791044776 0.02 0.04402985074626865
3 0.219 0.49328358208955225 0.0265 0.06567164179104477
3 0.227 0.41119402985074627 0.023 0.06567164179104477
3 0.201 0.35149253731343283 0.009 0.041044776119402986
3 0.176 0.3522388059701492 0.0145 0.057462686567164176
2 0.031 0.6798507462686567 0.0435 0.10597014925373134
2 0.147 0.5067164179104477 0.029 0.08507462686567165
2 0.217 0.5402985074626866 0.0295 0.08880597014925373
2 0.224 0.4305970149253731 0.0265 0.06492537313432836
2 0.2595 0.3962686567164179 0.011 0.05373134328358209
2 0.1725 0.3664179104477612 0.0235 0.05447761194029851
3 0.2605 0.3656716417910448 0.012 0.033582089552238806
3 0.8615 0.5380597014925373 0.019 0.08358208955223881
3 0.26 0.3402985074626866 0.016 0.03283582089552239
3 0.2495 0.3164179104477612 0.015 0.03283582089552239
2 0.246 0.34626865671641793 0.0135 0.049253731343283584
2 0.256 0.3619402985074627 0.0165 0.04029850746268657
2 0.277 0.3 0.0155 0.04402985074626865
3 0.2785 0.2791044776119403 0.009 0.022388059701492536