1 0.775 0.8768656716417911 0.2185 0.2462686567164179
1 0.7195 0.5402985074626866 0.1055 0.21492537313432836
1 0.6645 0.3447761194029851 0.07 0.1626865671641791
1 0.6325 0.2298507462686567 0.0475 0.11641791044776119
1 0.5565 0.3529850746268657 0.0595 0.16417910447761194
1 0.5545 0.21417910447761193 0.0435 0.08507462686567165
1 0.574 0.16119402985074627 0.0355 0.0880597014925373
1 0.619 0.14850746268656717 0.027 0.08283582089552238
1 0.555 0.11716417910447761 0.0595 0.0955223880597015
1 0.5905 0.06940298507462686 0.033 0.07388059701492537
1 0.4335 0.16865671641791044 0.0445 0.09328358208955224
1 0.4115 0.1291044776119403 0.03 0.07462686567164178
1 0.4765 0.1 0.034 0.07537313432835821
0 0.3025 0.18955223880597014 0.1075 0.2298507462686567
1 0.3805 0.11194029850746269 0.0355 0.1