0 0.535 0.6291044776119403 0.6105 0.741044776119403
1 0.161 0.3843283582089552 0.1295 0.15522388059701492
1 0.232 0.282089552238806 0.1085 0.14477611940298507
1 0.4455 0.30223880597014924 0.0725 0.11044776119402985
1 0.618 0.4 0.1505 0.1791044776119403
1 0.7005 0.27761194029850744 0.07 0.12313432835820895
2 0.1615 0.8104477611940298 0.0675 0.1791044776119403
2 0.158 0.941044776119403 0.078 0.11791044776119403
2 0.1875 0.5522388059701493 0.072 0.1208955223880597
2 0.0155 0.32238805970149254 0.031 0.09701492537313433
2 0.034 0.2865671641791045 0.0325 0.08880597014925373
2 0.9335 0.6432835820895523 0.0965 0.16492537313432837
3 0.948 0.564179104477612 0.0405 0.14626865671641792
3 0.3115 0.9701492537313433 0.077 0.05970149253731343
3 0.173 0.46940298507462686 0.064 0.10895522388059702
3 0.8715 0.4671641791044776 0.0395 0.11044776119402985
3 0.7645 0.5208955223880597 0.044 0.09328358208955224
3 0.7455 0.33805970149253733 0.0305 0.08582089552238806