1 0.4745 0.1328358208955224 0.085 0.19552238805970149
1 0.2915 0.9208955223880597 0.4165 0.15746268656716417
3 0.539 0.33507462686567163 0.0335 0.0708955223880597
3 0.654 0.3291044776119403 0.0275 0.048507462686567165
3 0.6425 0.2701492537313433 0.0295 0.11940298507462686
3 0.5735 0.23432835820895523 0.0185 0.06940298507462686
3 0.558 0.21641791044776118 0.02 0.05447761194029851
3 0.191 0.42313432835820897 0.031 0.12238805970149254
3 0.1705 0.36268656716417913 0.0265 0.07238805970149254
2 0.217 0.4880597014925373 0.082 0.17238805970149254
2 0.0625 0.6134328358208955 0.125 0.18507462686567164
2 0.539 0.43507462686567167 0.058 0.1253731343283582