1 0.694 0.5350746268656716 0.1635 0.28955223880597014
3 0.206 0.6320895522388059 0.0535 0.11865671641791045
2 0.204 0.7597014925373134 0.127 0.14701492537313432
2 0.934 0.641044776119403 0.1125 0.15223880597014924
3 0.948 0.5970149253731343 0.0545 0.15149253731343285
3 0.1395 0.4291044776119403 0.0265 0.13208955223880597
3 0.2475 0.2783582089552239 0.0175 0.10149253731343283
3 0.5815 0.3126865671641791 0.0265 0.10149253731343283
3 0.904 0.3753731343283582 0.0275 0.08955223880597014
2 0.1515 0.44328358208955226 0.087 0.09179104477611941
2 0.2525 0.29776119402985074 0.058 0.06791044776119402
2 0.5755 0.35149253731343283 0.07 0.0708955223880597
2 0.9055 0.4246268656716418 0.0605 0.12313432835820895