2 0.569 0.7470149253731343 0.059 0.16791044776119404
2 0.4545 0.505223880597015 0.025 0.09328358208955224
2 0.503 0.4701492537313433 0.022 0.08656716417910448
2 0.5915 0.4835820895522388 0.0725 0.09925373134328358
2 0.8975 0.48955223880597015 0.041 0.07761194029850746
2 0.282 0.3537313432835821 0.019 0.0626865671641791
2 0.3275 0.367910447761194 0.027 0.06417910447761194
2 0.3935 0.3649253731343284 0.019 0.057462686567164176
3 0.5735 0.6462686567164179 0.045 0.0962686567164179
3 0.576 0.4552238805970149 0.0285 0.10820895522388059
3 0.495 0.4126865671641791 0.0215 0.04328358208955224
3 0.4465 0.4462686567164179 0.0325 0.06343283582089553
3 0.8985 0.4388059701492537 0.0315 0.05373134328358209
3 0.9605 0.4291044776119403 0.0195 0.04029850746268657
3 0.5885 0.43283582089552236 0.0225 0.04776119402985075
3 0.281 0.3126865671641791 0.019 0.027611940298507463
3 0.3265 0.3246268656716418 0.0205 0.03656716417910448
3 0.3935 0.3208955223880597 0.022 0.03731343283582089