3 0.1935 0.5895522388059702 0.045 0.15522388059701492
1 0.3915 0.24477611940298508 0.085 0.17686567164179104
1 0.5575 0.13880597014925372 0.09 0.1798507462686567
3 0.4045 0.5470149253731343 0.0445 0.19402985074626866
3 0.5135 0.4373134328358209 0.06 0.15149253731343285
2 0.0375 0.6843283582089552 0.0725 0.1761194029850746
3 0.0235 0.45671641791044776 0.039 0.20149253731343283
3 0.802 0.4134328358208955 0.0775 0.16940298507462687
3 0.272 0.3940298507462687 0.0455 0.17537313432835822
3 0.397 0.4126865671641791 0.0375 0.1126865671641791
3 0.4505 0.3783582089552239 0.0585 0.11641791044776119