1 0.3025 0.3194029850746269 0.0515 0.08880597014925373
3 0.063 0.7156716417910448 0.044 0.15074626865671642
2 0.0595 0.7671641791044777 0.049 0.13582089552238805
3 0.1145 0.3977611940298508 0.0205 0.08358208955223881
3 0.167 0.3559701492537313 0.0195 0.05373134328358209
3 0.184 0.29253731343283584 0.0085 0.03955223880597015
3 0.1935 0.2708955223880597 0.012 0.03880597014925373
3 0.4765 0.3604477611940298 0.0195 0.041044776119402986
3 0.507 0.31791044776119404 0.0125 0.041791044776119404
3 0.47 0.2671641791044776 0.013 0.03208955223880597
3 0.224 0.2619402985074627 0.0095 0.03283582089552239
2 0.2235 0.2835820895522388 0.012 0.03880597014925373
2 0.195 0.30671641791044774 0.015 0.03507462686567164
2 0.1825 0.32686567164179103 0.0145 0.05447761194029851
2 0.165 0.3925373134328358 0.0245 0.057462686567164176
2 0.107 0.41940298507462687 0.023 0.06865671641791045
2 0.4755 0.4 0.023 0.04477611940298507
2 0.5035 0.34328358208955223 0.0165 0.04477611940298507
2 0.265 0.2373134328358209 0.0105 0.03656716417910448
2 0.2915 0.23656716417910448 0.015 0.04029850746268657
2 0.4705 0.3283582089552239 0.0165 0.03134328358208955
2 0.4695 0.29328358208955224 0.018 0.019402985074626865
1 0.3135 0.1291044776119403 0.0195 0.034328358208955224