1 0.4205 0.5485074626865671 0.1375 0.1746268656716418
1 0.218 0.8641791044776119 0.304 0.2708955223880597
1 0.5075 0.4462686567164179 0.0725 0.09328358208955224
1 0.4585 0.3291044776119403 0.036 0.09179104477611941
1 0.3725 0.32686567164179103 0.0655 0.08208955223880597
1 0.5435 0.3574626865671642 0.06 0.056716417910447764
2 0.852 0.7671641791044777 0.035 0.1044776119402985
2 0.6535 0.9611940298507463 0.046 0.07238805970149254
2 0.706 0.6164179104477612 0.0295 0.07238805970149254
2 0.619 0.5447761194029851 0.025 0.06417910447761194
2 0.6735 0.5619402985074626 0.022 0.0626865671641791
2 0.7795 0.5723880597014925 0.036 0.058208955223880594
2 0.195 0.39477611940298507 0.04 0.05149253731343283
3 0.856 0.6925373134328359 0.0415 0.11791044776119403
3 0.655 0.8708955223880597 0.0585 0.15298507462686567
3 0.701 0.5447761194029851 0.0225 0.0626865671641791
3 0.193 0.3597014925373134 0.025 0.07462686567164178
3 0.287 0.2955223880597015 0.0165 0.033582089552238806