1 0.6685 0.6477611940298508 0.121 0.24029850746268658
1 0.5875 0.4388059701492537 0.086 0.15522388059701492
1 0.6895 0.35149253731343283 0.0635 0.1
1 0.6245 0.3074626865671642 0.0555 0.08507462686567165
1 0.369 0.9044776119402985 0.189 0.18582089552238806
4 0.587 0.8932835820895523 0.301 0.21343283582089553
2 0.339 0.6895522388059702 0.056 0.14850746268656717
2 0.5375 0.3880597014925373 0.022 0.056716417910447764
3 0.3455 0.6574626865671642 0.044 0.15671641791044777
3 0.0755 0.9761194029850746 0.039 0.04776119402985075
3 0.103 0.9507462686567164 0.044 0.09776119402985074
3 0.1905 0.9343283582089552 0.069 0.13134328358208955
3 0.538 0.35074626865671643 0.021 0.048507462686567165