1 0.3725 0.4059701492537313 0.1385 0.10223880597014925
1 0.4245 0.3358208955223881 0.107 0.06119402985074627
1 0.46 0.28059701492537314 0.0495 0.04701492537313433
1 0.4045 0.2791044776119403 0.06 0.04701492537313433
1 0.732 0.2537313432835821 0.0345 0.04701492537313433
1 0.281 0.291044776119403 0.0785 0.0962686567164179
1 0.6175 0.2462686567164179 0.037 0.05
1 0.5195 0.26865671641791045 0.041 0.03656716417910448
2 0.743 0.3835820895522388 0.036 0.05149253731343283
2 0.982 0.5492537313432836 0.0345 0.08134328358208955
2 0.9125 0.41567164179104477 0.025 0.05223880597014925
2 0.671 0.33134328358208953 0.024 0.041044776119402986
2 0.436 0.38656716417910447 0.045 0.048507462686567165
2 0.4625 0.3783582089552239 0.0345 0.041044776119402986
3 0.9695 0.44850746268656716 0.028 0.056716417910447764
3 0.9825 0.49850746268656715 0.0305 0.0626865671641791
3 0.751 0.3611940298507463 0.025 0.05522388059701493
3 0.914 0.3805970149253731 0.021 0.03955223880597015