1 0.1405 0.4388059701492537 0.1165 0.15223880597014924
1 0.3595 0.33955223880597013 0.054 0.12611940298507462
1 0.4405 0.3358208955223881 0.0725 0.11343283582089553
1 0.659 0.30223880597014924 0.1035 0.09477611940298507
1 0.827 0.28880597014925374 0.0815 0.1
2 0.357 0.5149253731343284 0.1125 0.09402985074626866
2 0.099 0.5402985074626866 0.0575 0.0955223880597015
2 0.2415 0.4992537313432836 0.0425 0.11716417910447761
3 0.241 0.4462686567164179 0.0385 0.12388059701492538
3 0.435 0.45223880597014926 0.044 0.10970149253731343
1 0.4245 0.2582089552238806 0.041 0.07611940298507462
3 0.765 0.3537313432835821 0.0245 0.08432835820895522
3 0.358 0.5014925373134328 0.0445 0.13656716417910447
2 0.44 0.4746268656716418 0.0755 0.09477611940298507