2 0.4085 0.6507462686567164 0.0905 0.12388059701492538
2 0.31 0.8082089552238806 0.0515 0.11119402985074626
2 0.3285 0.6746268656716418 0.0915 0.1208955223880597
2 0.5275 0.5716417910447761 0.0905 0.1044776119402985
2 0.4745 0.5029850746268657 0.076 0.07761194029850746
2 0.115 0.5402985074626866 0.061 0.09179104477611941
2 0.0415 0.6149253731343284 0.05 0.11641791044776119
2 0.5605 0.46044776119402986 0.0305 0.08507462686567165
2 0.276 0.45671641791044776 0.047 0.07238805970149254
2 0.178 0.48656716417910445 0.0455 0.0791044776119403
1 0.033 0.46492537313432836 0.0655 0.1044776119402985
1 0.7195 0.34626865671641793 0.0595 0.08208955223880597
1 0.744 0.2955223880597015 0.0475 0.07238805970149254
3 0.5195 0.5350746268656716 0.039 0.13059701492537312
3 0.4005 0.6149253731343284 0.0385 0.1582089552238806
3 0.2965 0.7149253731343284 0.051 0.1455223880597015
3 0.3215 0.6186567164179104 0.043 0.15671641791044777
3 0.2705 0.43656716417910446 0.0275 0.08507462686567165
3 0.21 0.43507462686567167 0.0305 0.07761194029850746
3 0.169 0.4582089552238806 0.036 0.09477611940298507
3 0.1035 0.5156716417910447 0.029 0.12388059701492538
3 0.033 0.5694029850746268 0.0485 0.11417910447761194
3 0.561 0.4305970149253731 0.0235 0.08880597014925373
3 0.466 0.48507462686567165 0.024 0.12761194029850748
3 0.4845 0.47686567164179106 0.0295 0.10671641791044777
3 0.3885 0.5350746268656716 0.035 0.10820895522388059
3 0.3635 0.467910447761194 0.0305 0.08880597014925373
3 0.3295 0.4 0.0295 0.05
2 0.331 0.44477611940298506 0.024 0.07388059701492537
2 0.3655 0.4962686567164179 0.056 0.06791044776119402