2 0.2455 0.8716417910447761 0.055 0.14776119402985075
2 0.7375 0.5328358208955224 0.0265 0.07835820895522388
2 0.8055 0.5395522388059701 0.035 0.09179104477611941
2 0.912 0.5708955223880597 0.0475 0.10970149253731343
2 0.7655 0.34626865671641793 0.0275 0.06044776119402985
3 0.736 0.48507462686567165 0.036 0.07686567164179105
3 0.8 0.5067164179104477 0.035 0.0873134328358209
3 0.912 0.5350746268656716 0.0325 0.11865671641791045
3 0.9005 0.5238805970149254 0.034 0.13208955223880597
3 0.947 0.48507462686567165 0.024 0.10970149253731343
3 0.88 0.3776119402985075 0.0235 0.09925373134328358
3 0.7625 0.3111940298507463 0.0185 0.05447761194029851
3 0.232 0.8522388059701492 0.054 0.1335820895522388
3 0.2445 0.808955223880597 0.036 0.08582089552238806