1 0.6255 0.8567164179104477 0.177 0.28582089552238804
2 0.5345 0.664179104477612 0.036 0.12985074626865672
3 0.539 0.6253731343283582 0.039 0.1455223880597015
3 0.5385 0.5664179104477612 0.0165 0.024626865671641792
2 0.398 0.9029850746268657 0.064 0.1865671641791045
3 0.4005 0.8350746268656717 0.052 0.19552238805970149
2 0.265 0.9186567164179105 0.072 0.1626865671641791
3 0.2635 0.8798507462686567 0.0555 0.2
2 0.124 0.9559701492537314 0.084 0.0880597014925373
3 0.113 0.9313432835820895 0.056 0.1373134328358209
2 0.452 0.5880597014925373 0.0375 0.10895522388059702
3 0.4545 0.5611940298507463 0.027 0.11492537313432835
1 0.6015 0.41567164179104477 0.066 0.11194029850746269
1 0.6935 0.3567164179104478 0.0595 0.1126865671641791
1 0.6395 0.30074626865671644 0.0465 0.07238805970149254
2 0.5765 0.3365671641791045 0.0165 0.04253731343283582
2 0.5925 0.3156716417910448 0.012 0.03805970149253731
1 0.7065 0.25522388059701495 0.0295 0.05
3 0.5765 0.31343283582089554 0.0145 0.041791044776119404
3 0.592 0.2880597014925373 0.0125 0.04328358208955224