2 0.2955 0.7828358208955224 0.04 0.14328358208955225
2 0.1015 0.5462686567164179 0.044 0.09850746268656717
2 0.176 0.4753731343283582 0.036 0.06791044776119402
2 0.227 0.4298507462686567 0.0305 0.05970149253731343
2 0.0615 0.41567164179104477 0.021 0.056716417910447764
2 0.5955 0.3925373134328358 0.046 0.04552238805970149
2 0.555 0.3798507462686567 0.049 0.04029850746268657
3 0.294 0.6955223880597015 0.0525 0.12238805970149254
3 0.1065 0.4507462686567164 0.0415 0.048507462686567165
3 0.1025 0.5007462686567165 0.0335 0.056716417910447764
3 0.1785 0.43283582089552236 0.035 0.05447761194029851
3 0.0625 0.3835820895522388 0.019 0.04701492537313433
3 0.231 0.39477611940298507 0.017 0.05
3 0.284 0.39850746268656717 0.021 0.05298507462686567
3 0.461 0.3358208955223881 0.0205 0.041791044776119404
3 0.55 0.3694029850746269 0.0205 0.07238805970149254
3 0.5875 0.3843283582089552 0.022 0.07388059701492537
3 0.6865 0.34776119402985073 0.0195 0.05970149253731343
1 0.769 0.4 0.086 0.09179104477611941
1 0.8435 0.39477611940298507 0.082 0.08358208955223881
1 0.767 0.3417910447761194 0.0705 0.058208955223880594
1 0.685 0.332089552238806 0.0615 0.06119402985074627
1 0.546 0.31417910447761194 0.083 0.04701492537313433
1 0.365 0.28507462686567164 0.0345 0.048507462686567165
1 0.3225 0.2902985074626866 0.035 0.05
1 0.2045 0.30223880597014924 0.0295 0.0626865671641791