2 0.166 0.2664179104477612 0.0385 0.13656716417910447
2 0.176 0.18955223880597014 0.0285 0.07462686567164178
1 0.44 0.11194029850746269 0.079 0.12835820895522387
2 0.513 0.9865671641791045 0.0525 0.026119402985074626
2 0.4745 0.9044776119402985 0.12 0.1828358208955224
2 0.229 0.7022388059701492 0.1395 0.12462686567164179
2 0.1 0.7865671641791044 0.149 0.1582089552238806
2 0.547 0.24402985074626865 0.027 0.10298507462686567
2 0.571 0.1947761194029851 0.0195 0.09477611940298507
2 0.382 0.18059701492537314 0.024 0.07686567164179105
2 0.8305 0.4962686567164179 0.1185 0.1044776119402985
3 0.463 0.6067164179104477 0.0565 0.10597014925373134
3 0.4705 0.8552238805970149 0.075 0.15149253731343285
3 0.539 0.9761194029850746 0.0595 0.04776119402985075
3 0.093 0.7156716417910448 0.0725 0.1328358208955224
3 0.121 0.564179104477612 0.0425 0.11343283582089553
3 0.16 0.558955223880597 0.047 0.10820895522388059
3 0.5445 0.18880597014925374 0.029 0.05970149253731343