1 0.5255 0.6126865671641791 0.135 0.24701492537313433
1 0.5935 0.41865671641791047 0.0695 0.12388059701492538
1 0.6145 0.8738805970149254 0.164 0.25223880597014925
1 0.6225 0.33134328358208953 0.0525 0.07238805970149254
1 0.6845 0.2746268656716418 0.039 0.10522388059701493
2 0.272 0.9313432835820895 0.0685 0.1373134328358209
2 0.411 0.6395522388059701 0.0495 0.15746268656716417
2 0.348 0.7619402985074627 0.072 0.12611940298507462
3 0.2975 0.8649253731343284 0.061 0.19029850746268656
3 0.346 0.6746268656716418 0.043 0.13582089552238805
3 0.4225 0.5604477611940298 0.0435 0.08059701492537313