1 0.663 0.8574626865671642 0.3815 0.28507462686567164
1 0.4835 0.12388059701492538 0.089 0.17388059701492536
2 0.6605 0.6343283582089553 0.134 0.11343283582089553
2 0.496 0.7477611940298508 0.1345 0.16567164179104477
2 0.032 0.7649253731343284 0.064 0.15223880597014924
2 0.226 0.4059701492537313 0.048 0.16119402985074627
2 0.3865 0.24328358208955222 0.034 0.07014925373134329
2 0.346 0.28955223880597014 0.056 0.08656716417910448
2 0.4625 0.2656716417910448 0.058 0.08955223880597014
2 0.522 0.2253731343283582 0.04 0.07686567164179105
2 0.7925 0.4716417910447761 0.112 0.0955223880597015
2 0.9655 0.6014925373134329 0.069 0.1044776119402985
3 0.794 0.4253731343283582 0.0395 0.15149253731343285
3 0.654 0.6082089552238806 0.041 0.16119402985074627
3 0.5045 0.7089552238805971 0.052 0.17537313432835822
3 0.271 0.32313432835820893 0.0355 0.1791044776119403
3 0.3435 0.25522388059701495 0.034 0.11940298507462686
3 0.388 0.2126865671641791 0.0315 0.13059701492537312
3 0.4605 0.22238805970149253 0.0435 0.1328358208955224
3 0.527 0.16044776119402984 0.0235 0.08656716417910448
3 0.736 0.27313432835820894 0.0325 0.09925373134328358
2 0.834 0.2828358208955224 0.092 0.10223880597014925
3 0.9845 0.5320895522388059 0.031 0.12686567164179105
3 0.0315 0.5149253731343284 0.0305 0.2126865671641791
2 0.224 0.1873134328358209 0.0325 0.08283582089552238
2 0.0455 0.5194029850746269 0.0905 0.16791044776119404