1 0.5505 0.6335820895522388 0.188 0.2582089552238806
1 0.354 0.41865671641791047 0.1115 0.16716417910447762
1 0.115 0.26865671641791045 0.0495 0.06044776119402985
2 0.76 0.7074626865671642 0.074 0.15671641791044777
2 0.5805 0.9097014925373135 0.058 0.18059701492537314
2 0.492 0.8059701492537313 0.061 0.17313432835820897
2 0.2695 0.7656716417910447 0.066 0.17761194029850746
2 0.3985 0.6320895522388059 0.057 0.1582089552238806
2 0.451 0.7037313432835821 0.0485 0.15
2 0.988 0.8850746268656716 0.0235 0.141044776119403
2 0.796 0.4962686567164179 0.032 0.09253731343283582
2 0.873 0.48955223880597015 0.0445 0.0791044776119403
2 0.7165 0.43507462686567167 0.0685 0.07014925373134329
2 0.4715 0.4298507462686567 0.039 0.08059701492537313
2 0.1 0.8671641791044776 0.047 0.12462686567164179
2 0.097 0.6164179104477612 0.041 0.09253731343283582
3 0.274 0.6850746268656717 0.0485 0.19776119402985073
3 0.582 0.8485074626865672 0.062 0.19776119402985073
3 0.7595 0.6694029850746268 0.0485 0.1947761194029851
3 0.679 0.5626865671641791 0.0365 0.1582089552238806
3 0.1005 0.7708955223880597 0.0595 0.1761194029850746
3 0.105 0.744776119402985 0.0445 0.15223880597014924
3 0.091 0.5477611940298508 0.0495 0.1291044776119403
3 0.0345 0.4 0.034 0.07611940298507462
3 0.47 0.3970149253731343 0.029 0.08208955223880597
3 0.8 0.45149253731343286 0.039 0.08208955223880597
3 0.881 0.45223880597014926 0.041 0.09253731343283582
3 0.8595 0.43283582089552236 0.0365 0.057462686567164176
2 0.6795 0.6007462686567164 0.065 0.13208955223880597
4 0.9625 0.47313432835820896 0.075 0.15223880597014924
1 0.988 0.44925373134328356 0.0235 0.15223880597014924
3 0.7085 0.4059701492537313 0.0435 0.0791044776119403