3 0.972 0.3843283582089552 0.0285 0.14925373134328357
3 0.349 0.4962686567164179 0.0395 0.14402985074626865
3 0.456 0.2507462686567164 0.0215 0.050746268656716415
3 0.393 0.24328358208955222 0.024 0.04402985074626865
3 0.203 0.23283582089552238 0.027 0.04701492537313433
3 0.1485 0.2126865671641791 0.018 0.04253731343283582
3 0.231 0.18134328358208956 0.018 0.04477611940298507
2 0.4565 0.30223880597014924 0.025 0.08059701492537313
2 0.396 0.2917910447761194 0.023 0.07238805970149254
2 0.2045 0.2791044776119403 0.0225 0.05223880597014925
2 0.233 0.21567164179104478 0.019 0.03656716417910448
2 0.151 0.24925373134328357 0.0185 0.04029850746268657
2 0.176 0.22835820895522388 0.0155 0.034328358208955224
2 0.35 0.5388059701492537 0.0785 0.14029850746268657
2 0.7795 0.2753731343283582 0.037 0.06567164179104477
2 0.7495 0.2574626865671642 0.0225 0.05149253731343283
2 0.925 0.22835820895522388 0.026 0.04701492537313433