1 0.9315 0.673134328358209 0.137 0.25970149253731345
1 0.454 0.4343283582089552 0.163 0.13656716417910447
1 0.501 0.30597014925373134 0.0815 0.12014925373134329
1 0.445 0.27761194029850744 0.0665 0.09104477611940298
1 0.184 0.2828358208955224 0.1055 0.10746268656716418
1 0.05 0.21417910447761193 0.0745 0.06716417910447761
1 0.0225 0.25970149253731345 0.045 0.08656716417910448
1 0.806 0.20746268656716418 0.087 0.0626865671641791
2 0.133 0.9313432835820895 0.053 0.13656716417910447
2 0.135 0.7932835820895522 0.0505 0.13805970149253732
2 0.1555 0.5888059701492537 0.04 0.1335820895522388
2 0.092 0.49029850746268655 0.0415 0.0955223880597015
2 0.0455 0.4261194029850746 0.037 0.0873134328358209
2 0.2595 0.4007462686567164 0.0465 0.0955223880597015
2 0.3525 0.5149253731343284 0.0535 0.09925373134328358
2 0.731 0.5417910447761194 0.0975 0.1253731343283582
2 0.599 0.5447761194029851 0.093 0.11791044776119403
2 0.4385 0.5014925373134328 0.0695 0.11641791044776119
3 0.5995 0.5194029850746269 0.03 0.15223880597014924
3 0.7465 0.5074626865671642 0.044 0.13805970149253732
3 0.7285 0.505223880597015 0.036 0.12835820895522387
3 0.8275 0.3156716417910448 0.023 0.07985074626865672