1 0.317 0.55 0.108 0.2462686567164179
3 0.683 0.8738805970149254 0.056 0.2
3 0.5345 0.9455223880597015 0.0635 0.10895522388059702
3 0.521 0.4761194029850746 0.034 0.11865671641791045
3 0.425 0.4164179104477612 0.044 0.11716417910447761
2 0.5225 0.514179104477612 0.0375 0.10671641791044777
2 0.683 0.9104477611940298 0.07 0.1791044776119403
2 0.4225 0.4462686567164179 0.029 0.09104477611940298
1 0.366 0.2902985074626866 0.055 0.10597014925373134
1 0.2855 0.27761194029850744 0.052 0.1
3 0.6745 0.3686567164179104 0.0275 0.12611940298507462