1 0.4845 0.3455223880597015 0.0515 0.10149253731343283
1 0.2185 0.376865671641791 0.066 0.11641791044776119
1 0.9325 0.44776119402985076 0.094 0.12238805970149254
1 0.689 0.24925373134328357 0.056 0.07761194029850746
1 0.6095 0.21865671641791046 0.041 0.058208955223880594
1 0.6575 0.19552238805970149 0.037 0.05
1 0.4285 0.2507462686567164 0.046 0.08059701492537313
1 0.251 0.27611940298507465 0.0605 0.07611940298507462
2 0.143 0.7082089552238806 0.0505 0.11641791044776119
2 0.051 0.5805970149253732 0.0425 0.09029850746268657
2 0.099 0.44925373134328356 0.028 0.06791044776119402
2 0.2725 0.4059701492537313 0.019 0.06492537313432836
2 0.584 0.3776119402985075 0.047 0.0664179104477612
2 0.086 0.38731343283582087 0.0335 0.05970149253731343
2 0.1285 0.3850746268656716 0.029 0.05522388059701493
3 0.141 0.6485074626865671 0.0415 0.09029850746268657
3 0.047 0.5395522388059701 0.039 0.08582089552238806
3 0.082 0.3537313432835821 0.0145 0.05970149253731343
3 0.096 0.4171641791044776 0.0225 0.06492537313432836
3 0.2725 0.36716417910447763 0.028 0.05149253731343283
3 0.587 0.35074626865671643 0.0265 0.06119402985074627
3 0.124 0.35 0.0245 0.03731343283582089