1 0.6235 0.8731343283582089 0.13 0.2537313432835821
1 0.6985 0.5410447761194029 0.0685 0.1417910447761194
0 0.376 0.21417910447761193 0.0895 0.14253731343283582
1 0.2605 0.5619402985074626 0.1215 0.15746268656716417
1 0.13 0.5828358208955224 0.131 0.14029850746268657
1 0.574 0.33805970149253733 0.0505 0.08656716417910448
1 0.661 0.28059701492537314 0.048 0.07611940298507462
1 0.32 0.3417910447761194 0.078 0.09253731343283582
1 0.404 0.3164179104477612 0.064 0.08656716417910448
1 0.4385 0.2462686567164179 0.0445 0.06119402985074627
1 0.2265 0.3402985074626866 0.083 0.10074626865671642