1 0.4265 0.5835820895522388 0.198 0.2947761194029851
1 0.769 0.5365671641791044 0.258 0.3074626865671642
2 0.2355 0.8671641791044776 0.0745 0.21417910447761193
3 0.245 0.8477611940298507 0.0525 0.18134328358208956
3 0.2315 0.8276119402985075 0.0385 0.1791044776119403
2 0.548 0.9164179104477612 0.1195 0.1664179104477612
3 0.5505 0.8858208955223881 0.063 0.1783582089552239
2 0.7435 0.9253731343283582 0.163 0.14925373134328357
3 0.769 0.9253731343283582 0.078 0.14925373134328357
3 0.7375 0.926865671641791 0.0545 0.1455223880597015
2 0.7525 0.8246268656716418 0.066 0.09253731343283582
3 0.752 0.7574626865671642 0.0545 0.14701492537313432
3 0.7365 0.746268656716418 0.0405 0.17238805970149254
2 0.6515 0.7492537313432835 0.073 0.1761194029850746
3 0.6515 0.7037313432835821 0.0625 0.1880597014925373
3 0.6295 0.6649253731343283 0.0305 0.16567164179104477
3 0.768 0.376865671641791 0.0345 0.08432835820895522
2 0.7875 0.41567164179104477 0.027 0.027611940298507463
2 0.61 0.3641791044776119 0.043 0.1126865671641791
3 0.6105 0.32164179104477614 0.029 0.12462686567164179
3 0.605 0.2917910447761194 0.017 0.10298507462686567
2 0.583 0.27313432835820894 0.033 0.10597014925373134
3 0.585 0.22835820895522388 0.0215 0.11194029850746269
2 0.5635 0.1962686567164179 0.0255 0.09925373134328358
3 0.561 0.14626865671641792 0.021 0.06044776119402985
2 0.591 0.12611940298507462 0.025 0.08432835820895522
3 0.5895 0.0791044776119403 0.02 0.057462686567164176
3 0.5665 0.09253731343283582 0.0215 0.055970149253731345
2 0.5675 0.13432835820895522 0.0205 0.04552238805970149
1 0.4815 0.11791044776119403 0.077 0.14253731343283582
2 0.3995 0.12462686567164179 0.025 0.0873134328358209
3 0.399 0.10298507462686567 0.0255 0.07985074626865672
3 0.3995 0.07313432835820896 0.0095 0.02164179104477612
2 0.3645 0.10597014925373134 0.029 0.07761194029850746
3 0.364 0.0791044776119403 0.0165 0.05373134328358209
2 0.5515 0.08955223880597014 0.0215 0.058208955223880594
2 0.06 0.4537313432835821 0.0685 0.12835820895522387
2 0.285 0.6350746268656716 0.047 0.1798507462686567
3 0.286 0.591044776119403 0.039 0.1537313432835821