1 0.8515 0.655223880597015 0.1855 0.14402985074626865
2 0.387 0.6380597014925373 0.0745 0.06716417910447761
2 0.4425 0.9022388059701493 0.04 0.12313432835820895
2 0.6495 0.8977611940298508 0.0405 0.12761194029850748
2 0.7235 0.941044776119403 0.0465 0.11716417910447761
2 0.603 0.6417910447761194 0.069 0.07761194029850746
2 0.489 0.6126865671641791 0.0705 0.06343283582089553
2 0.7255 0.735820895522388 0.0775 0.0708955223880597
2 0.043 0.7455223880597015 0.086 0.08208955223880597
2 0.216 0.6358208955223881 0.0615 0.0708955223880597
2 0.2105 0.5358208955223881 0.069 0.0626865671641791
2 0.3145 0.5746268656716418 0.0665 0.06119402985074627
2 0.382 0.5365671641791044 0.058 0.07164179104477612
3 0.5035 0.8313432835820895 0.0265 0.09328358208955224
3 0.482 0.8350746268656717 0.0285 0.08656716417910448
3 0.0585 0.6932835820895522 0.0265 0.0708955223880597
3 0.6735 0.835820895522388 0.0415 0.08059701492537313
3 0.7495 0.8828358208955224 0.039 0.08955223880597014