1 0.0675 0.3291044776119403 0.1005 0.06791044776119402
2 0.578 0.4664179104477612 0.058 0.058208955223880594
2 0.123 0.3649253731343284 0.0375 0.04552238805970149
2 0.912 0.5634328358208955 0.0505 0.06940298507462686
2 0.4005 0.2955223880597015 0.029 0.03283582089552239
1 0.6785 0.2298507462686567 0.029 0.04328358208955224
2 0.762 0.5097014925373134 0.033 0.09029850746268657
2 0.995 0.5477611940298508 0.01 0.09850746268656717
2 0.905 0.5574626865671641 0.064 0.10820895522388059
2 0.8055 0.4708955223880597 0.068 0.07537313432835821
2 0.87 0.45223880597014926 0.058 0.06417910447761194
2 0.837 0.3776119402985075 0.0255 0.049253731343283584
2 0.7935 0.382089552238806 0.025 0.05298507462686567
2 0.7015 0.4335820895522388 0.0325 0.07761194029850746
2 0.5565 0.31044776119402984 0.035 0.04328358208955224
3 0.5805 0.43656716417910446 0.031 0.09925373134328358
3 0.757 0.4783582089552239 0.032 0.11641791044776119
3 0.7045 0.41119402985074627 0.023 0.09477611940298507
3 0.6645 0.35 0.022 0.07164179104477612
3 0.793 0.3567164179104478 0.021 0.06417910447761194
3 0.7675 0.3417910447761194 0.0165 0.0708955223880597
3 0.743 0.3111940298507463 0.019 0.0708955223880597
3 0.7235 0.30522388059701494 0.0175 0.06865671641791045
3 0.691 0.32238805970149254 0.013 0.08358208955223881
3 0.5045 0.2828358208955224 0.011 0.03955223880597015
3 0.124 0.3402985074626866 0.021 0.07164179104477612
3 0.9855 0.5119402985074627 0.0285 0.14850746268656717
3 0.8315 0.3537313432835821 0.019 0.08955223880597014
3 0.8685 0.4246268656716418 0.0235 0.09029850746268657
3 0.7955 0.44776119402985076 0.0215 0.07985074626865672
3 0.806 0.46119402985074626 0.029 0.10746268656716418
0 0.6915 0.18134328358208956 0.0435 0.049253731343283584
1 0.7185 0.23656716417910448 0.0275 0.04552238805970149
1 0.5645 0.208955223880597 0.0245 0.04253731343283582
1 0.4455 0.24104477611940298 0.0485 0.06044776119402985