0 0.698 0.6813432835820895 0.531 0.6373134328358209
1 0.7865 0.2746268656716418 0.0555 0.0955223880597015
1 0.809 0.21044776119402986 0.0545 0.057462686567164176
1 0.2045 0.341044776119403 0.124 0.16492537313432837
1 0.1155 0.282089552238806 0.1075 0.1208955223880597
1 0.025 0.23656716417910448 0.05 0.08208955223880597
1 0.031 0.1417910447761194 0.042 0.04253731343283582
2 0.264 0.7022388059701492 0.056 0.15895522388059702
3 0.3745 0.9514925373134329 0.061 0.09701492537313433
2 0.134 0.7216417910447761 0.0445 0.1791044776119403
2 0.1895 0.95 0.043 0.1
2 0.1595 0.5164179104477612 0.0395 0.09701492537313433
3 0.265 0.5932835820895522 0.049 0.07835820895522388
3 0.0175 0.8395522388059702 0.0295 0.11492537313432835