1 0.9015 0.8746268656716418 0.197 0.24776119402985075
1 0.2235 0.5417910447761194 0.0885 0.14253731343283582
0 0.34 0.3119402985074627 0.0835 0.19402985074626866
1 0.107 0.844776119402985 0.1775 0.29701492537313434
1 0.233 0.3880597014925373 0.065 0.09402985074626866
0 0.382 0.1664179104477612 0.0275 0.05447761194029851
2 0.1015 0.5544776119402985 0.0375 0.08432835820895522
2 0.5185 0.2947761194029851 0.011 0.029104477611940297
2 0.4545 0.2462686567164179 0.0105 0.02164179104477612
2 0.6875 0.7044776119402985 0.0315 0.057462686567164176
1 0.4205 0.1880597014925373 0.021 0.05
1 0.3455 0.1701492537313433 0.0215 0.04328358208955224