1 0.499 0.5656716417910448 0.1295 0.1843283582089552
1 0.3115 0.45298507462686566 0.073 0.11940298507462686
1 0.886 0.43134328358208956 0.126 0.0880597014925373
1 0.541 0.4417910447761194 0.099 0.11641791044776119
1 0.3895 0.42835820895522386 0.066 0.09253731343283582
1 0.452 0.8850746268656716 0.161 0.2291044776119403
1 0.731 0.4052238805970149 0.0925 0.07388059701492537
1 0.412 0.3641791044776119 0.0545 0.0791044776119403
1 0.7 0.35447761194029853 0.0715 0.06044776119402985
1 0.9605 0.5298507462686567 0.079 0.12014925373134329
1 0.828 0.8738805970149254 0.331 0.25223880597014925
1 0.9085 0.4007462686567164 0.085 0.06417910447761194
2 0.025 0.5261194029850746 0.0255 0.05447761194029851
2 0.2295 0.7559701492537313 0.048 0.11194029850746269
2 0.257 0.6223880597014926 0.0275 0.08208955223880597
2 0.2215 0.4746268656716418 0.02 0.058208955223880594
2 0.1935 0.417910447761194 0.019 0.049253731343283584
2 0.08 0.4664179104477612 0.0195 0.0626865671641791
2 0.1545 0.41940298507462687 0.016 0.04029850746268657
3 0.2715 0.7843283582089552 0.0365 0.11791044776119403
3 0.229 0.6716417910447762 0.041 0.10223880597014925
3 0.251 0.5417910447761194 0.018 0.05970149253731343
3 0.217 0.4291044776119403 0.014 0.03955223880597015
3 0.156 0.3783582089552239 0.016 0.030597014925373135
3 0.1965 0.3746268656716418 0.016 0.028358208955223882
3 0.0325 0.4253731343283582 0.023 0.03805970149253731
3 0.088 0.4171641791044776 0.0155 0.05223880597014925
3 0.0305 0.4925373134328358 0.0195 0.05895522388059701
1 0.269 0.30223880597014924 0.031 0.05895522388059701
1 0.3005 0.2873134328358209 0.0195 0.034328358208955224
1 0.454 0.2798507462686567 0.0345 0.04477611940298507
1 0.5105 0.2962686567164179 0.0435 0.056716417910447764
1 0.9225 0.7925373134328358 0.1545 0.25671641791044775