3 0.4275 0.5410447761194029 0.0365 0.06791044776119402
3 0.24 0.4962686567164179 0.029 0.10970149253731343
3 0.248 0.935820895522388 0.0615 0.12761194029850748
3 0.9545 0.5402985074626866 0.0365 0.10820895522388059
3 0.971 0.5298507462686567 0.031 0.0955223880597015
3 0.4155 0.39477611940298507 0.022 0.05
2 0.426 0.6104477611940299 0.0365 0.1044776119402985
2 0.24 0.5119402985074627 0.0635 0.08507462686567165
2 0.117 0.4880597014925373 0.0385 0.08507462686567165
2 0.1675 0.4962686567164179 0.0365 0.0791044776119403
2 0.359 0.45671641791044776 0.0225 0.06417910447761194
2 0.4145 0.4261194029850746 0.024 0.058208955223880594
2 0.9545 0.5582089552238806 0.0905 0.1
1 0.739 0.30671641791044774 0.0845 0.07462686567164178
1 0.787 0.3492537313432836 0.1025 0.07611940298507462
1 0.972 0.35 0.056 0.07238805970149254
2 0.835 0.3932835820895522 0.0555 0.05
2 0.929 0.3723880597014925 0.0455 0.04477611940298507