0 0.257 0.5492537313432836 0.2015 0.28059701492537314
1 0.463 0.5708955223880597 0.106 0.15895522388059702
1 0.529 0.7582089552238805 0.137 0.2380597014925373
1 0.107 0.594776119402985 0.131 0.191044776119403
1 0.6665 0.3440298507462687 0.0495 0.07313432835820896
1 0.2145 0.9119402985074627 0.2225 0.1761194029850746
1 0.6085 0.3291044776119403 0.05 0.07985074626865672
3 0.6225 0.8261194029850746 0.0465 0.16567164179104477
3 0.689 0.814179104477612 0.0385 0.14402985074626865
2 0.62 0.8805970149253731 0.033 0.07761194029850746
2 0.6865 0.8440298507462687 0.038 0.07014925373134329