3 0.8235 0.5440298507462686 0.04 0.13805970149253732
1 0.647 0.23656716417910448 0.076 0.1582089552238806
1 0.4985 0.1417910447761194 0.0805 0.16044776119402984
3 0.635 0.5067164179104477 0.04 0.17313432835820897
3 0.538 0.4082089552238806 0.0535 0.13582089552238805
2 0.963 0.6291044776119403 0.0645 0.15746268656716417
3 0.975 0.4253731343283582 0.035 0.1798507462686567
3 0.2805 0.38656716417910447 0.069 0.15149253731343285
3 0.7535 0.3701492537313433 0.0405 0.15671641791044777
3 0.6415 0.38656716417910447 0.0335 0.10074626865671642
3 0.594 0.3559701492537313 0.0525 0.1044776119402985