1 0.37 0.49850746268656715 0.079 0.1373134328358209
1 0.4605 0.4544776119402985 0.084 0.10970149253731343
1 0.3085 0.3440298507462687 0.046 0.07313432835820896
1 0.24 0.3358208955223881 0.043 0.06716417910447761
1 0.8285 0.43134328358208956 0.106 0.08880597014925373
1 0.784 0.3805970149253731 0.0895 0.0708955223880597
4 0.51 0.3917910447761194 0.085 0.1291044776119403
1 0.423 0.33955223880597013 0.0445 0.06044776119402985
0 0.3665 0.24328358208955222 0.0425 0.06791044776119402
2 0.098 0.6388059701492538 0.0625 0.11641791044776119
3 0.0955 0.5955223880597015 0.0405 0.07835820895522388