1 0.7065 0.6067164179104477 0.1385 0.25
1 0.1805 0.832089552238806 0.359 0.3358208955223881
1 0.5085 0.5880597014925373 0.19 0.22462686567164178
1 0.62 0.4462686567164179 0.1115 0.10746268656716418
1 0.702 0.35149253731343283 0.0765 0.11865671641791045
1 0.797 0.4335820895522388 0.082 0.16119402985074627
1 0.6225 0.3522388059701492 0.059 0.08358208955223881
2 0.386 0.6350746268656716 0.069 0.10298507462686567
2 0.0385 0.808955223880597 0.0595 0.12835820895522387
2 0.901 0.6567164179104478 0.051 0.11044776119402985
2 0.89 0.55 0.036 0.07462686567164178
2 0.937 0.4925373134328358 0.02 0.0664179104477612
2 0.86 0.3895522388059702 0.023 0.04776119402985075
2 0.9025 0.4097014925373134 0.0215 0.04253731343283582
2 0.9465 0.43283582089552236 0.028 0.05522388059701493
2 0.608 0.6179104477611941 0.051 0.14253731343283582
2 0.334 0.741044776119403 0.031 0.10895522388059702
2 0.6545 0.49328358208955225 0.04 0.09029850746268657
2 0.4375 0.514179104477612 0.0515 0.09029850746268657
2 0.3165 0.5955223880597015 0.0605 0.08880597014925373
2 0.251 0.6350746268656716 0.059 0.06343283582089553
3 0.184 0.5805970149253732 0.042 0.0873134328358209
3 0.27 0.5231343283582089 0.028 0.06343283582089553
3 0.31 0.5358208955223881 0.0225 0.08656716417910448
3 0.323 0.5470149253731343 0.026 0.09029850746268657
3 0.39 0.5798507462686567 0.036 0.14850746268656717
3 0.6115 0.573134328358209 0.0325 0.15671641791044777
3 0.904 0.5895522388059702 0.0365 0.10074626865671642
3 0.894 0.503731343283582 0.039 0.08880597014925373
3 0.1825 0.5835820895522388 0.0185 0.0962686567164179
3 0.014 0.7014925373134329 0.0255 0.09776119402985074
3 0.031 0.6783582089552239 0.0375 0.0873134328358209
3 0.0915 0.6791044776119403 0.028 0.09477611940298507
3 0.0835 0.6223880597014926 0.023 0.09179104477611941
3 0.12 0.5291044776119403 0.027 0.08358208955223881
3 0.302 0.46492537313432836 0.027 0.0791044776119403
3 0.346 0.5059701492537313 0.023 0.09925373134328358
3 0.363 0.4828358208955224 0.023 0.0962686567164179
3 0.4405 0.46417910447761196 0.0175 0.08880597014925373
3 0.5025 0.4470149253731343 0.016 0.06940298507462686
3 0.468 0.43208955223880596 0.0185 0.09029850746268657