1 0.4705 0.28432835820895525 0.0505 0.09925373134328358
1 0.2105 0.3156716417910448 0.0645 0.11343283582089553
1 0.907 0.3850746268656716 0.092 0.12014925373134329
1 0.969 0.9335820895522388 0.062 0.1328358208955224
1 0.6695 0.19029850746268656 0.0545 0.07611940298507462
1 0.592 0.16044776119402984 0.0395 0.056716417910447764
1 0.639 0.13805970149253732 0.036 0.049253731343283584
1 0.4155 0.1925373134328358 0.045 0.0791044776119403
1 0.2425 0.21641791044776118 0.059 0.07388059701492537
2 0.137 0.6388059701492538 0.0495 0.11343283582089553
2 0.0475 0.514179104477612 0.0415 0.0880597014925373
2 0.094 0.38656716417910447 0.0275 0.0664179104477612
2 0.2635 0.3440298507462687 0.0185 0.06343283582089553
2 0.567 0.3164179104477612 0.046 0.06492537313432836
2 0.082 0.3253731343283582 0.0325 0.058208955223880594
2 0.123 0.32313432835820893 0.028 0.05373134328358209
3 0.135 0.5805970149253732 0.0405 0.0880597014925373
3 0.044 0.47388059701492535 0.038 0.08358208955223881
3 0.078 0.29253731343283584 0.014 0.058208955223880594
3 0.0915 0.35447761194029853 0.022 0.06343283582089553
3 0.2635 0.30597014925373134 0.0275 0.050746268656716415
3 0.57 0.2902985074626866 0.0255 0.05970149253731343
3 0.119 0.28955223880597014 0.024 0.03656716417910448