1 0.5095 0.6835820895522388 0.3295 0.30522388059701494
1 0.935 0.9067164179104478 0.13 0.1865671641791045
1 0.5115 0.12313432835820895 0.069 0.13208955223880597
4 0.8925 0.7111940298507463 0.215 0.27761194029850744
2 0.159 0.6156716417910447 0.129 0.1208955223880597
2 0.644 0.9470149253731344 0.056 0.08582089552238806
2 0.718 0.6223880597014926 0.103 0.11641791044776119
2 0.4035 0.31865671641791044 0.035 0.10671641791044777
2 0.4485 0.27611940298507465 0.0405 0.10820895522388059
2 0.508 0.2582089552238806 0.035 0.10820895522388059
2 0.3105 0.5313432835820896 0.1165 0.10149253731343283
2 0.1115 0.5320895522388059 0.093 0.09179104477611941
2 0.1515 0.48656716417910445 0.117 0.10970149253731343
3 0.399 0.24701492537313433 0.0345 0.1
3 0.4455 0.22164179104477613 0.0335 0.0791044776119403
3 0.508 0.19850746268656716 0.028 0.08358208955223881
3 0.5065 0.9365671641791045 0.0635 0.12611940298507462
3 0.636 0.8559701492537314 0.0655 0.19029850746268656
3 0.7135 0.9283582089552239 0.075 0.14328358208955225
3 0.7825 0.8350746268656717 0.057 0.16417910447761194
3 0.1465 0.582089552238806 0.049 0.15
3 0.307 0.49850746268656715 0.0515 0.1417910447761194
3 0.142 0.45 0.0485 0.1417910447761194
3 0.4425 0.5104477611940299 0.0555 0.11791044776119403
3 0.521 0.4701492537313433 0.039 0.1373134328358209
3 0.754 0.5246268656716417 0.0295 0.14850746268656717
3 0.781 0.5216417910447761 0.054 0.15671641791044777
3 0.8505 0.4992537313432836 0.046 0.14029850746268657
1 0.0725 0.9529850746268657 0.145 0.09328358208955224