3 0.2725 0.5671641791044776 0.0165 0.05522388059701493
3 0.3165 0.5537313432835821 0.017 0.033582089552238806
1 0.39 0.5261194029850746 0.029 0.05149253731343283
1 0.683 0.41865671641791047 0.0205 0.026865671641791045
3 0.3655 0.5358208955223881 0.022 0.04701492537313433
1 0.6815 0.42686567164179107 0.023 0.030597014925373135
1 0.693 0.3761194029850746 0.0145 0.014179104477611941
3 0.9545 0.5843283582089552 0.013 0.03208955223880597
3 0.4015 0.5067164179104477 0.021 0.0664179104477612
3 0.312 0.5559701492537313 0.023 0.04626865671641791
0 0.9675 0.8074626865671641 0.065 0.3843283582089552