1 0.639 0.9022388059701493 0.199 0.19552238805970149
1 0.607 0.25223880597014925 0.052 0.05970149253731343
1 0.42 0.15522388059701492 0.0255 0.03731343283582089
1 0.4555 0.15597014925373134 0.0245 0.04253731343283582
1 0.524 0.21044776119402986 0.0455 0.05373134328358209
0 0.6295 0.16492537313432837 0.034 0.08582089552238806
2 0.384 0.3738805970149254 0.049 0.04626865671641791
2 0.72 0.5873134328358209 0.071 0.07686567164179105
2 0.737 0.5410447761194029 0.065 0.07761194029850746
2 0.9755 0.7007462686567164 0.049 0.10149253731343283
3 0.7555 0.5074626865671642 0.0165 0.06567164179104477
3 0.721 0.5462686567164179 0.028 0.05970149253731343
3 0.248 0.5977611940298507 0.0285 0.06791044776119402
3 0.3825 0.34626865671641793 0.0175 0.04253731343283582
3 0.402 0.2992537313432836 0.0195 0.04626865671641791