2 0.2425 0.8641791044776119 0.0835 0.20298507462686566
2 0.574 0.4 0.0365 0.07761194029850746
3 0.242 0.8037313432835821 0.057 0.19552238805970149
3 0.5685 0.36716417910447763 0.021 0.048507462686567165
0 0.334 0.23955223880597015 0.235 0.1873134328358209
1 0.7535 0.29850746268656714 0.0805 0.09179104477611941
1 0.042 0.26343283582089555 0.0525 0.06492537313432836
1 0.0805 0.25223880597014925 0.072 0.056716417910447764
1 0.112 0.23582089552238805 0.0885 0.07238805970149254
1 0.706 0.24104477611940298 0.032 0.05970149253731343
1 0.7135 0.20373134328358208 0.0295 0.04029850746268657