1 0.338 0.37089552238805973 0.0475 0.09776119402985074
1 0.3435 0.26417910447761195 0.0415 0.05895522388059701
1 0.2935 0.25 0.037 0.050746268656716415
1 0.25 0.25597014925373135 0.0435 0.07313432835820896
2 0.0805 0.8253731343283582 0.0665 0.15746268656716417
2 0.2755 0.7402985074626866 0.0825 0.11716417910447761
2 0.1835 0.4843283582089552 0.0495 0.08134328358208955
2 0.237 0.5097014925373134 0.0405 0.08582089552238806
2 0.015 0.6149253731343284 0.03 0.09104477611940298
2 0.155 0.42761194029850746 0.042 0.07611940298507462
3 0.019 0.5783582089552238 0.036 0.11343283582089553
3 0.076 0.7149253731343284 0.0605 0.13880597014925372
3 0.205 0.9111940298507463 0.052 0.17761194029850746
3 0.2815 0.6455223880597015 0.033 0.11865671641791045