1 0.4245 0.8679104477611941 0.2235 0.26417910447761195
1 0.796 0.8664179104477612 0.298 0.2671641791044776
1 0.4465 0.5350746268656716 0.134 0.19850746268656716
1 0.161 0.42313432835820897 0.078 0.12462686567164179
1 0.309 0.36343283582089553 0.0895 0.1619402985074627
2 0.7075 0.6582089552238806 0.0665 0.12611940298507462
2 0.6515 0.5664179104477612 0.0485 0.1044776119402985
2 0.596 0.5171641791044777 0.044 0.10149253731343283
2 0.514 0.5111940298507462 0.042 0.0955223880597015
2 0.229 0.835820895522388 0.0785 0.1865671641791045
2 0.2235 0.7089552238805971 0.0765 0.14328358208955225
4 0.0935 0.9156716417910448 0.187 0.16865671641791044
3 0.7135 0.6201492537313433 0.035 0.1417910447761194
3 0.6945 0.6044776119402985 0.029 0.14029850746268657
3 0.6475 0.5365671641791044 0.0285 0.11417910447761194
3 0.638 0.5246268656716417 0.022 0.12164179104477611
3 0.5915 0.47761194029850745 0.0315 0.11417910447761194
3 0.2225 0.7902985074626866 0.0545 0.22313432835820896
3 0.2235 0.6507462686567164 0.0455 0.15746268656716417
3 0.0625 0.7305970149253731 0.0495 0.1925373134328358
3 0.214 0.6417910447761194 0.0275 0.06940298507462686
3 0.145 0.5126865671641792 0.038 0.1126865671641791
3 0.0955 0.5432835820895522 0.0325 0.1044776119402985
3 0.0185 0.673134328358209 0.037 0.11940298507462686
3 0.093 0.6029850746268657 0.0405 0.11716417910447761
3 0.98 0.7514925373134328 0.04 0.1626865671641791
3 0.076 0.8552238805970149 0.073 0.1291044776119403
3 0.0195 0.5634328358208955 0.039 0.1044776119402985
3 0.9265 0.7955223880597015 0.0535 0.14328358208955225
2 0.895 0.8873134328358209 0.152 0.16791044776119404
2 0.9715 0.8067164179104478 0.057 0.1783582089552239