1 0.5635 0.7932835820895522 0.124 0.22761194029850745
1 0.348 0.6358208955223881 0.0945 0.1917910447761194
1 0.1885 0.7694029850746269 0.1415 0.2746268656716418
1 0.451 0.34328358208955223 0.047 0.08880597014925373
1 0.375 0.26417910447761195 0.0345 0.05
1 0.326 0.25597014925373135 0.0375 0.05970149253731343
1 0.4225 0.19029850746268656 0.0265 0.03880597014925373
2 0.0255 0.7283582089552239 0.046 0.1044776119402985
2 0.149 0.6052238805970149 0.0405 0.08507462686567165
2 0.144 0.503731343283582 0.035 0.08507462686567165
2 0.2445 0.4134328358208955 0.0345 0.06492537313432836
2 0.344 0.4626865671641791 0.032 0.06940298507462686
2 0.756 0.8291044776119403 0.054 0.1417910447761194
2 0.882 0.9305970149253732 0.078 0.13880597014925372
2 0.64 0.6164179104477612 0.0275 0.09179104477611941
2 0.585 0.5231343283582089 0.0335 0.06492537313432836
2 0.6545 0.5738805970149253 0.0335 0.0664179104477612
2 0.3015 0.3962686567164179 0.022 0.05970149253731343
2 0.2075 0.38656716417910447 0.026 0.06791044776119402
3 0.145 0.4544776119402985 0.026 0.0664179104477612
3 0.0275 0.6649253731343283 0.044 0.1253731343283582
3 0.1485 0.573134328358209 0.036 0.1126865671641791
3 0.345 0.4298507462686567 0.032 0.05970149253731343
3 0.3005 0.3619402985074627 0.021 0.05149253731343283
3 0.24 0.3902985074626866 0.0235 0.06417910447761194
3 0.2115 0.3522388059701492 0.021 0.04029850746268657
3 0.588 0.49477611940298505 0.04 0.056716417910447764
3 0.642 0.5776119402985075 0.0305 0.0664179104477612
3 0.669 0.7089552238805971 0.05 0.08507462686567165
3 0.755 0.7805970149253731 0.0335 0.06940298507462686
3 0.8885 0.7723880597014925 0.0335 0.1417910447761194
3 0.873 0.9044776119402985 0.054 0.11641791044776119
3 0.8895 0.908955223880597 0.0635 0.10149253731343283
2 0.667 0.7649253731343284 0.0365 0.12611940298507462