1 0.1415 0.8626865671641791 0.283 0.2738805970149254
1 0.7085 0.9328358208955224 0.467 0.13432835820895522
1 0.522 0.12014925373134329 0.113 0.11641791044776119
2 0.3175 0.7111940298507463 0.1435 0.1291044776119403
2 0.561 0.6111940298507462 0.1245 0.11567164179104478
2 0.728 0.6985074626865672 0.1165 0.1619402985074627
2 0.911 0.6149253731343284 0.147 0.1783582089552239
2 0.5925 0.8 0.121 0.1761194029850746
2 0.477 0.7649253731343284 0.099 0.1664179104477612
2 0.3545 0.9044776119402985 0.143 0.191044776119403
3 0.3625 0.8858208955223881 0.0615 0.21641791044776118
3 0.359 0.7223880597014926 0.06 0.16119402985074627
3 0.5025 0.7559701492537313 0.0605 0.21865671641791046
3 0.448 0.6888059701492537 0.0345 0.1626865671641791
3 0.5855 0.7955223880597015 0.068 0.19328358208955224
3 0.5805 0.5791044776119403 0.0725 0.15149253731343285
3 0.74 0.6373134328358209 0.0305 0.17313432835820897
3 0.1235 0.5917910447761194 0.0635 0.2007462686567164