1 0.6085 0.2753731343283582 0.055 0.04328358208955224
1 0.503 0.2455223880597015 0.045 0.048507462686567165
1 0.4005 0.3492537313432836 0.0605 0.06567164179104477
2 0.7405 0.3082089552238806 0.031 0.04253731343283582
2 0.64 0.31791044776119404 0.043 0.04477611940298507
2 0.1265 0.5276119402985074 0.0335 0.07985074626865672
2 0.0685 0.5723880597014925 0.0585 0.08208955223880597
2 0.0575 0.4082089552238806 0.0335 0.05895522388059701
2 0.106 0.3783582089552239 0.0225 0.04029850746268657
2 0.0145 0.41940298507462687 0.029 0.06343283582089553
2 0.2185 0.4171641791044776 0.049 0.0664179104477612
2 0.124 0.4507462686567164 0.026 0.05522388059701493
2 0.151 0.4626865671641791 0.0365 0.05373134328358209
3 0.07 0.5253731343283582 0.026 0.10223880597014925
3 0.133 0.41044776119402987 0.021 0.048507462686567165
3 0.152 0.44029850746268656 0.0155 0.08134328358208955
3 0.2225 0.3917910447761194 0.019 0.06194029850746269
3 0.054 0.9343283582089552 0.0575 0.13059701492537312