1 0.354 0.7902985074626866 0.1955 0.30522388059701494
3 0.4625 0.576865671641791 0.0515 0.14402985074626865
3 0.024 0.47761194029850745 0.039 0.1335820895522388
3 0.133 0.4597014925373134 0.0365 0.11940298507462686
1 0.256 0.291044776119403 0.0465 0.057462686567164176
2 0.9245 0.8723880597014926 0.1115 0.1798507462686567
2 0.775 0.8604477611940299 0.1075 0.17388059701492536
2 0.603 0.7194029850746269 0.096 0.13955223880597015
2 0.813 0.6746268656716418 0.043 0.15746268656716417
2 0.6625 0.6686567164179105 0.07 0.11417910447761194
4 0.178 0.32686567164179103 0.1095 0.26940298507462684
1 0.3305 0.40671641791044777 0.0815 0.13582089552238805