1 0.4815 0.6432835820895523 0.095 0.1626865671641791
1 0.685 0.3895522388059702 0.0665 0.1253731343283582
1 0.5295 0.4014925373134328 0.056 0.08955223880597014
1 0.7435 0.9544776119402985 0.1505 0.09104477611940298
1 0.635 0.1873134328358209 0.0265 0.048507462686567165
0 0.686 0.2208955223880597 0.0605 0.13134328358208955
1 0.195 0.9059701492537313 0.276 0.1880597014925373
2 0.774 0.4962686567164179 0.02 0.07686567164179105
2 0.8905 0.5171641791044777 0.024 0.07835820895522388
2 0.8405 0.5320895522388059 0.0255 0.08283582089552238
2 0.79 0.39104477611940297 0.02 0.05970149253731343
2 0.8485 0.3962686567164179 0.021 0.058208955223880594
2 0.3205 0.5783582089552238 0.028 0.0873134328358209
2 0.18 0.7798507462686567 0.0515 0.10149253731343283
2 0.4315 0.46119402985074626 0.0225 0.0626865671641791
2 0.385 0.4626865671641791 0.0255 0.05447761194029851
2 0.7555 0.40671641791044777 0.02 0.056716417910447764
3 0.834 0.5029850746268657 0.024 0.09850746268656717
3 0.886 0.49029850746268655 0.0225 0.09850746268656717
3 0.8485 0.3738805970149254 0.021 0.07686567164179105
3 0.79 0.36268656716417913 0.024 0.06865671641791045
3 0.7715 0.4619402985074627 0.0255 0.07835820895522388
3 0.754 0.3716417910447761 0.0215 0.04701492537313433
3 0.177 0.7477611940298508 0.04 0.11119402985074626
3 0.1075 0.8858208955223881 0.0425 0.10298507462686567
3 0.0105 0.8365671641791045 0.0205 0.14850746268656717
3 0.269 0.48134328358208955 0.0185 0.08432835820895522
3 0.4295 0.4291044776119403 0.0185 0.05298507462686567
3 0.384 0.42835820895522386 0.024 0.048507462686567165
3 0.3185 0.5402985074626866 0.0255 0.058208955223880594