1 0.0865 0.7134328358208956 0.173 0.33507462686567163
1 0.3925 0.9246268656716418 0.4845 0.15074626865671642
2 0.226 0.8820895522388059 0.192 0.13955223880597015
2 0.3085 0.5895522388059702 0.136 0.10671641791044777
2 0.404 0.6873134328358209 0.132 0.12686567164179105
2 0.51 0.6179104477611941 0.1225 0.14477611940298507
2 0.683 0.5783582089552238 0.163 0.11940298507462686
2 0.682 0.6746268656716418 0.131 0.11567164179104478
3 0.689 0.5298507462686567 0.034 0.1208955223880597
3 0.681 0.6537313432835821 0.034 0.2007462686567164
3 0.8955 0.7335820895522388 0.0575 0.19328358208955224
2 0.946 0.4753731343283582 0.0695 0.15597014925373134
1 0.521 0.11044776119402985 0.0865 0.10223880597014925
3 0.456 0.258955223880597 0.037 0.11343283582089553
3 0.371 0.4992537313432836 0.0225 0.16940298507462687
3 0.4125 0.6619402985074627 0.0415 0.15298507462686567
3 0.5025 0.5694029850746268 0.041 0.16044776119402984
3 0.2425 0.8619402985074627 0.0655 0.13880597014925372
3 0.05 0.9388059701492537 0.036 0.09029850746268657
3 0.163 0.4873134328358209 0.037 0.10522388059701493
3 0.1285 0.5492537313432836 0.0375 0.0962686567164179
2 0.1795 0.28059701492537314 0.0725 0.0873134328358209