3 0.81 0.8044776119402985 0.0615 0.16343283582089552
3 0.9165 0.5776119402985075 0.039 0.1335820895522388
3 0.749 0.4828358208955224 0.0345 0.07014925373134329
3 0.8835 0.4044776119402985 0.018 0.055970149253731345
3 0.8275 0.39477611940298507 0.0185 0.057462686567164176
3 0.94 0.4007462686567164 0.026 0.05149253731343283
3 0.5845 0.34701492537313433 0.0235 0.055970149253731345
2 0.7485 0.5231343283582089 0.024 0.0873134328358209
2 0.8115 0.923134328358209 0.059 0.12761194029850748
2 0.923 0.6253731343283582 0.066 0.08582089552238806
2 0.889 0.4380597014925373 0.03 0.05447761194029851
2 0.8345 0.4208955223880597 0.02 0.05447761194029851
2 0.789 0.4126865671641791 0.0225 0.05895522388059701
2 0.94 0.43582089552238806 0.039 0.055970149253731345
2 0.75 0.3940298507462687 0.03 0.05298507462686567
2 0.7255 0.39104477611940297 0.0225 0.05895522388059701
2 0.6455 0.367910447761194 0.0195 0.05
2 0.5945 0.41567164179104477 0.0225 0.055970149253731345
2 0.693 0.4164179104477612 0.045 0.057462686567164176
2 0.6585 0.41044776119402987 0.0445 0.06044776119402985
2 0.2725 0.3746268656716418 0.0395 0.05149253731343283
2 0.211 0.3932835820895522 0.047 0.057462686567164176
2 0.147 0.3701492537313433 0.039 0.05149253731343283
2 0.0595 0.36716417910447763 0.038 0.05298507462686567
2 0.345 0.3156716417910448 0.0355 0.026119402985074626
1 0.3885 0.3597014925373134 0.113 0.06716417910447761
1 0.395 0.29328358208955224 0.058 0.05149253731343283
1 0.2365 0.33507462686567163 0.08 0.05298507462686567
1 0.109 0.3208955223880597 0.0685 0.055970149253731345
1 0.2215 0.29850746268656714 0.0935 0.048507462686567165
1 0.5035 0.24925373134328357 0.0345 0.03582089552238806
1 0.7185 0.2537313432835821 0.03 0.03880597014925373
1 0.6765 0.24925373134328357 0.0315 0.04701492537313433
1 0.757 0.25298507462686565 0.0275 0.04029850746268657
1 0.774 0.23582089552238805 0.0185 0.03134328358208955
1 0.71 0.23507462686567165 0.021 0.029850746268656716
0 0.541 0.21791044776119403 0.033 0.04701492537313433
0 0.0305 0.3201492537313433 0.0605 0.10298507462686567