1 0.663 0.7850746268656716 0.2595 0.4298507462686567
1 0.7045 0.5335820895522388 0.2255 0.24776119402985075
1 0.956 0.6037313432835821 0.0875 0.2
1 0.9685 0.3723880597014925 0.063 0.1626865671641791
1 0.865 0.18059701492537314 0.0495 0.05522388059701493
3 0.845 0.7238805970149254 0.043 0.18358208955223881
2 0.83 0.7716417910447761 0.1075 0.18507462686567164
3 0.842 0.6380597014925373 0.031 0.13955223880597015
1 0.267 0.23880597014925373 0.1815 0.16119402985074627
0 0.6465 0.18507462686567164 0.224 0.20149253731343283
1 0.054 0.20746268656716418 0.069 0.11343283582089553
1 0.018 0.5955223880597015 0.036 0.3656716417910448
2 0.4685 0.3776119402985075 0.0895 0.10298507462686567
2 0.534 0.32985074626865674 0.077 0.09104477611940298
3 0.6575 0.3902985074626866 0.031 0.10895522388059702
3 0.521 0.28880597014925374 0.026 0.08880597014925373
3 0.384 0.2537313432835821 0.023 0.08208955223880597
3 0.469 0.3417910447761194 0.0325 0.10074626865671642
3 0.3565 0.29850746268656714 0.0325 0.10746268656716418
3 0.4235 0.23208955223880598 0.0305 0.049253731343283584
3 0.046 0.3276119402985075 0.039 0.07761194029850746
3 0.1215 0.24328358208955222 0.026 0.056716417910447764