1 0.4085 0.7343283582089553 0.144 0.2708955223880597
1 0.8895 0.8223880597014925 0.213 0.35522388059701493
1 0.506 0.2701492537313433 0.056 0.09925373134328358
1 0.539 0.18358208955223881 0.041 0.07686567164179105
1 0.53 0.15298507462686567 0.0285 0.05522388059701493
2 0.6595 0.4992537313432836 0.044 0.08283582089552238
2 0.596 0.26940298507462684 0.023 0.05522388059701493
2 0.411 0.35149253731343283 0.024 0.05970149253731343
2 0.421 0.2791044776119403 0.018 0.04253731343283582
3 0.6595 0.4373134328358209 0.0285 0.07835820895522388
3 0.5935 0.24104477611940298 0.02 0.03805970149253731
3 0.665 0.1843283582089552 0.0155 0.023134328358208955
3 0.408 0.3238805970149254 0.0165 0.03208955223880597
3 0.39 0.3 0.023 0.04253731343283582
3 0.424 0.25223880597014925 0.026 0.03208955223880597