1 0.901 0.8104477611940298 0.198 0.37910447761194027
2 0.739 0.7350746268656716 0.074 0.10895522388059702
2 0.9465 0.5835820895522388 0.062 0.08134328358208955
2 0.8645 0.5380597014925373 0.026 0.09179104477611941
2 0.8375 0.5485074626865671 0.0625 0.06119402985074627
2 0.724 0.5992537313432836 0.044 0.08134328358208955
3 0.736 0.6611940298507463 0.0395 0.09402985074626866
3 0.7195 0.5567164179104478 0.024 0.08283582089552238
3 0.6895 0.4335820895522388 0.0305 0.05970149253731343
3 0.83 0.5097014925373134 0.0345 0.0955223880597015
3 0.86 0.4708955223880597 0.0345 0.08432835820895522
3 0.927 0.5410447761194029 0.043 0.10149253731343283