1 0.689 0.4462686567164179 0.147 0.1208955223880597
1 0.204 0.26492537313432835 0.1135 0.07686567164179105
4 0.649 0.2171641791044776 0.0315 0.07985074626865672
1 0.525 0.22388059701492538 0.0305 0.04029850746268657
1 0.497 0.21492537313432836 0.024 0.03880597014925373
4 0.5535 0.19701492537313434 0.033 0.0626865671641791
1 0.1545 0.24104477611940298 0.076 0.06417910447761194
2 0.5755 0.4507462686567164 0.0545 0.0708955223880597
2 0.653 0.3641791044776119 0.038 0.049253731343283584
2 0.7855 0.36343283582089553 0.0185 0.04776119402985075
2 0.7685 0.3447761194029851 0.0125 0.041044776119402986
2 0.56 0.34701492537313433 0.038 0.055970149253731345
2 0.511 0.44328358208955226 0.0475 0.06343283582089553
2 0.504 0.40298507462686567 0.05 0.055970149253731345
2 0.3645 0.39104477611940297 0.041 0.0708955223880597
2 0.298 0.4552238805970149 0.0675 0.06492537313432836
2 0.1245 0.44029850746268656 0.068 0.08283582089552238
2 0.151 0.3082089552238806 0.017 0.05223880597014925
2 0.015 0.3753731343283582 0.027 0.06865671641791045
2 0.6185 0.2917910447761194 0.027 0.033582089552238806
3 0.505 0.3641791044776119 0.019 0.04552238805970149
3 0.577 0.42686567164179107 0.02 0.09029850746268657
3 0.507 0.4141791044776119 0.021 0.08582089552238806
3 0.3635 0.37089552238805973 0.0195 0.08208955223880597
3 0.3045 0.43283582089552236 0.022 0.08880597014925373
3 0.2885 0.2455223880597015 0.011 0.04626865671641791
3 0.1395 0.41044776119402987 0.0225 0.10074626865671642
3 0.124 0.4126865671641791 0.0185 0.09402985074626866
3 0.012 0.32985074626865674 0.0185 0.03656716417910448
2 0.2855 0.26343283582089555 0.0315 0.03582089552238806