1 0.4825 0.3582089552238806 0.0555 0.08134328358208955
3 0.072 0.6462686567164179 0.0485 0.1044776119402985
3 0.088 0.46492537313432836 0.022 0.06044776119402985
2 0.0705 0.7141791044776119 0.037 0.09925373134328358
3 0.706 0.5537313432835821 0.034 0.07462686567164178
3 0.882 0.5268656716417911 0.0295 0.09402985074626866
3 0.66 0.7059701492537314 0.0395 0.1253731343283582
3 0.584 0.5029850746268657 0.0415 0.10970149253731343
3 0.1275 0.5156716417910447 0.0325 0.10671641791044777
2 0.1175 0.5522388059701493 0.041 0.09328358208955224
3 0.0885 0.41194029850746267 0.029 0.09850746268656717
2 0.088 0.46492537313432836 0.0525 0.06567164179104477
3 0.0285 0.9679104477611941 0.0475 0.06044776119402985