3 0.9505 0.9559701492537314 0.052 0.0880597014925373
3 0.82 0.9626865671641791 0.053 0.07388059701492537
3 0.988 0.9462686567164179 0.024 0.10746268656716418
3 0.774 0.5097014925373134 0.0255 0.09402985074626866
3 0.676 0.4455223880597015 0.0125 0.0791044776119403
3 0.6685 0.4417910447761194 0.012 0.08208955223880597
3 0.875 0.5223880597014925 0.0115 0.03955223880597015
3 0.864 0.5261194029850746 0.0195 0.0664179104477612
3 0.672 0.35074626865671643 0.013 0.0708955223880597
3 0.366 0.7544776119402985 0.031 0.11119402985074626
1 0.4605 0.567910447761194 0.086 0.12835820895522387
1 0.298 0.28955223880597014 0.0445 0.08582089552238806
1 0.275 0.23432835820895523 0.0265 0.03582089552238806
1 0.8445 0.8313432835820895 0.111 0.22238805970149253
1 0.9075 0.6283582089552239 0.139 0.16044776119402984
2 0.8715 0.5417910447761194 0.0425 0.04402985074626865
2 0.7765 0.5365671641791044 0.0395 0.07014925373134329
2 0.677 0.4671641791044776 0.0345 0.055970149253731345
2 0.3665 0.8126865671641791 0.027 0.07164179104477612
2 0.8055 0.9776119402985075 0.039 0.04477611940298507
2 0.9345 0.9776119402985075 0.023 0.04477611940298507
2 0.9905 0.9514925373134329 0.019 0.09701492537313433
1 0.985 0.27761194029850744 0.03 0.06044776119402985
1 0.509 0.2455223880597015 0.067 0.05373134328358209
3 0.184 0.41567164179104477 0.02 0.0626865671641791
3 0.354 0.3597014925373134 0.0145 0.050746268656716415
3 0.368 0.47313432835820896 0.0185 0.06567164179104477
3 0.2775 0.46044776119402986 0.0125 0.05373134328358209
3 0.2675 0.3888059701492537 0.012 0.048507462686567165
3 0.259 0.3126865671641791 0.01 0.034328358208955224
3 0.449 0.27238805970149255 0.008 0.030597014925373135
3 0.445 0.26940298507462684 0.006 0.03805970149253731
3 0.1145 0.5164179104477612 0.0235 0.08507462686567165
2 0.117 0.5440298507462686 0.0465 0.057462686567164176
2 0.279 0.49477611940298505 0.0145 0.050746268656716415
2 0.369 0.5029850746268657 0.0165 0.05298507462686567
2 0.2685 0.41492537313432837 0.015 0.03208955223880597
2 0.259 0.33432835820895523 0.0075 0.026119402985074626
2 0.22 0.3440298507462687 0.008 0.025373134328358207
2 0.3535 0.3798507462686567 0.0125 0.03656716417910448
3 0.2195 0.3246268656716418 0.011 0.033582089552238806
2 0.01 0.5201492537313432 0.02 0.05522388059701493
2 0.449 0.2917910447761194 0.013 0.03208955223880597
4 0.3835 0.1925373134328358 0.024 0.05522388059701493