1 0.331 0.6582089552238806 0.0955 0.1917910447761194
1 0.5635 0.4783582089552239 0.072 0.14328358208955225
1 0.692 0.3850746268656716 0.0415 0.08358208955223881
1 0.0885 0.6149253731343284 0.177 0.1761194029850746
1 0.43 0.9634328358208956 0.202 0.07313432835820896
2 0.1285 0.8432835820895522 0.054 0.06417910447761194
2 0.271 0.832089552238806 0.0655 0.0664179104477612
2 0.2275 0.732089552238806 0.058 0.06940298507462686
2 0.6545 0.8298507462686567 0.0475 0.0708955223880597
2 0.71 0.9589552238805971 0.06 0.08208955223880597
2 0.614 0.7455223880597015 0.0485 0.06940298507462686
2 0.7115 0.6388059701492538 0.0455 0.06119402985074627
2 0.6635 0.5835820895522388 0.051 0.05522388059701493
2 0.7205 0.5074626865671642 0.0445 0.048507462686567165
3 0.1245 0.7776119402985074 0.0445 0.11940298507462686
3 0.219 0.6955223880597015 0.0365 0.11417910447761194
3 0.267 0.7805970149253731 0.042 0.10820895522388059
3 0.3015 0.6350746268656716 0.0375 0.07761194029850746
3 0.626 0.676865671641791 0.0365 0.0955223880597015
3 0.6515 0.7649253731343284 0.036 0.09179104477611941
3 0.7165 0.8962686567164179 0.0405 0.09850746268656717
3 0.7175 0.594776119402985 0.04 0.07761194029850746
3 0.665 0.5447761194029851 0.0445 0.06119402985074627
3 0.7195 0.47388059701492535 0.0235 0.03582089552238806
1 0.0565 0.7649253731343284 0.1055 0.19029850746268656