3 0.245 0.5611940298507463 0.04 0.08134328358208955
3 0.292 0.6492537313432836 0.0425 0.10895522388059702
3 0.343 0.5761194029850746 0.0425 0.12164179104477611
3 0.057 0.49477611940298505 0.0305 0.10223880597014925
3 0.069 0.48880597014925375 0.0285 0.11940298507462686
3 0.638 0.4082089552238806 0.0205 0.08134328358208955
3 0.665 0.41492537313432837 0.019 0.07462686567164178
3 0.673 0.39850746268656717 0.0195 0.06716417910447761
2 0.2885 0.7261194029850746 0.0425 0.13582089552238805
2 0.0775 0.514179104477612 0.0765 0.07462686567164178
2 0.2425 0.6171641791044776 0.038 0.12014925373134329
2 0.3445 0.6231343283582089 0.036 0.12164179104477611
2 0.672 0.4380597014925373 0.0565 0.07014925373134329
2 0.6955 0.42014925373134326 0.0245 0.057462686567164176
2 0.6335 0.4208955223880597 0.041 0.05895522388059701
1 0.1935 0.47313432835820896 0.0725 0.12611940298507462
1 0.4155 0.39925373134328357 0.0645 0.08582089552238806
1 0.597 0.3917910447761194 0.125 0.09776119402985074
1 0.561 0.36268656716417913 0.1055 0.07985074626865672
1 0.7365 0.367910447761194 0.0915 0.07537313432835821
1 0.622 0.3119402985074627 0.059 0.06417910447761194
1 0.482 0.27313432835820894 0.0435 0.049253731343283584
1 0.318 0.2791044776119403 0.033 0.04776119402985075
1 0.357 0.24925373134328357 0.029 0.029104477611940297
1 0.571 0.28059701492537314 0.04 0.04477611940298507
1 0.9025 0.4537313432835821 0.1725 0.18358208955223881
1 0.9885 0.4582089552238806 0.0225 0.13656716417910447
0 0.905 0.29402985074626864 0.19 0.1701492537313433
3 0.2065 0.376865671641791 0.0195 0.049253731343283584
3 0.027 0.39850746268656717 0.0275 0.03656716417910448
2 0.0245 0.44477611940298506 0.018 0.07014925373134329