1 0.667 0.4470149253731343 0.0205 0.022388059701492536
1 0.7315 0.44925373134328356 0.0185 0.02164179104477612
1 0.7535 0.5149253731343284 0.031 0.05447761194029851
1 0.28 0.7559701492537313 0.123 0.1373134328358209
4 0.802 0.6537313432835821 0.06 0.10223880597014925
1 0.9775 0.8813432835820896 0.045 0.2373134328358209
1 0.513 0.5059701492537313 0.0455 0.05522388059701493
0 0.849 0.5604477611940298 0.094 0.1708955223880597
4 0.782 0.4634328358208955 0.0395 0.11716417910447761
3 0.0575 0.9671641791044776 0.033 0.06567164179104477
3 0.5195 0.576865671641791 0.0155 0.06044776119402985
3 0.4715 0.6052238805970149 0.011 0.0791044776119403
3 0.2905 0.6694029850746268 0.0275 0.05223880597014925
3 0.432 0.5985074626865672 0.01 0.05149253731343283
2 0.0085 0.8813432835820896 0.017 0.09104477611940298
2 0.517 0.582089552238806 0.021 0.04253731343283582
2 0.0635 0.9835820895522388 0.0575 0.03283582089552239