3 0.3685 0.4917910447761194 0.039 0.06194029850746269
3 0.3205 0.3932835820895522 0.0275 0.06194029850746269
3 0.2125 0.4619402985074627 0.03 0.07835820895522388
3 0.059 0.5485074626865671 0.033 0.0873134328358209
3 0.0845 0.47238805970149256 0.029 0.06343283582089553
3 0.2675 0.3805970149253731 0.0225 0.057462686567164176
2 0.3685 0.5738805970149253 0.0325 0.09850746268656717
2 0.2045 0.508955223880597 0.0355 0.06940298507462686
2 0.053 0.6029850746268657 0.0505 0.0873134328358209
2 0.3165 0.42761194029850746 0.039 0.06044776119402985
2 0.2675 0.4164179104477612 0.039 0.06343283582089553
2 0.448 0.3567164179104478 0.0495 0.05
2 0.3815 0.3567164179104478 0.035 0.05
2 0.186 0.46865671641791046 0.0215 0.08283582089552238
2 0.084 0.5298507462686567 0.045 0.06940298507462686
2 0.0025 0.6492537313432836 0.005 0.0626865671641791
2 0.9105 0.3619402985074627 0.035 0.04253731343283582
1 0.81 0.26940298507462684 0.083 0.06194029850746269
1 0.966 0.30223880597014924 0.0675 0.08507462686567165
1 0.2615 0.22462686567164178 0.0165 0.03656716417910448
1 0.312 0.21940298507462686 0.038 0.05895522388059701
1 0.225 0.23582089552238805 0.038 0.05