1 0.139 0.8597014925373134 0.195 0.2791044776119403
1 0.3145 0.5440298507462686 0.0825 0.17686567164179104
3 0.854 0.5380597014925373 0.023 0.0880597014925373
1 0.377 0.208955223880597 0.0195 0.018656716417910446
3 0.179 0.41567164179104477 0.022 0.055970149253731345
1 0.4245 0.20373134328358208 0.0215 0.02164179104477612
2 0.7825 0.8104477611940298 0.107 0.14029850746268657
1 0.374 0.2537313432835821 0.028 0.04328358208955224
3 0.1865 0.47313432835820896 0.0175 0.04776119402985075
3 0.238 0.3641791044776119 0.0175 0.041791044776119404
3 0.295 0.33880597014925373 0.0205 0.041044776119402986
3 0.2205 0.2880597014925373 0.0125 0.04701492537313433
3 0.227 0.3328358208955224 0.021 0.034328358208955224
3 0.7935 0.7283582089552239 0.0365 0.05373134328358209
2 0.5855 0.4059701492537313 0.021 0.04253731343283582
2 0.522 0.3641791044776119 0.011 0.023134328358208955
1 0.425 0.19701492537313434 0.022 0.03880597014925373
2 0.1825 0.517910447761194 0.034 0.048507462686567165
2 0.235 0.39104477611940297 0.0285 0.041791044776119404
2 0.168 0.44776119402985076 0.0215 0.055970149253731345
2 0.2235 0.3597014925373134 0.019 0.03283582089552239
2 0.327 0.27686567164179104 0.015 0.030597014925373135
2 0.288 0.3582089552238806 0.035 0.04552238805970149
3 0.855 0.5365671641791044 0.021 0.0962686567164179
2 0.479 0.2992537313432836 0.0165 0.030597014925373135
2 0.5145 0.2835820895522388 0.007 0.05373134328358209
2 0.448 0.23582089552238805 0.0125 0.04626865671641791
2 0.466 0.24776119402985075 0.0125 0.030597014925373135
2 0.4895 0.26343283582089555 0.0125 0.023134328358208955
2 0.3485 0.1917910447761194 0.0135 0.023134328358208955
2 0.466 0.21940298507462686 0.012 0.029104477611940297
2 0.312 0.19925373134328359 0.0125 0.028358208955223882