1 0.941 0.9291044776119403 0.118 0.1417910447761194
1 0.974 0.741044776119403 0.052 0.20597014925373133
1 0.483 0.28134328358208954 0.0455 0.09402985074626866
2 0.1545 0.8014925373134328 0.0335 0.11641791044776119
3 0.159 0.7238805970149254 0.0375 0.07985074626865672
2 0.2695 0.6477611940298508 0.0295 0.0962686567164179
3 0.273 0.591044776119403 0.038 0.05149253731343283
2 0.037 0.691044776119403 0.0415 0.09477611940298507
3 0.0375 0.6216417910447761 0.0425 0.0664179104477612
2 0.3625 0.585820895522388 0.0265 0.09179104477611941
3 0.3645 0.5231343283582089 0.0255 0.049253731343283584
2 0.124 0.6798507462686567 0.029 0.09402985074626866
3 0.126 0.6164179104477612 0.033 0.05149253731343283
2 0.2245 0.5723880597014925 0.0265 0.07835820895522388
3 0.226 0.5208955223880597 0.029 0.04776119402985075