1 0.674 0.5455223880597015 0.104 0.23582089552238805
3 0.3215 0.8567164179104477 0.054 0.1917910447761194
3 0.465 0.9365671641791045 0.0615 0.12611940298507462
3 0.4775 0.4746268656716418 0.033 0.11417910447761194
3 0.5695 0.4171641791044776 0.042 0.1126865671641791
2 0.476 0.5111940298507462 0.036 0.10298507462686567
2 0.321 0.9029850746268657 0.0675 0.19328358208955224
2 0.572 0.4462686567164179 0.028 0.0873134328358209
1 0.6265 0.2962686567164179 0.053 0.10149253731343283
1 0.704 0.28432835820895525 0.05 0.0955223880597015
3 0.3295 0.3716417910447761 0.0265 0.1208955223880597