1 0.264 0.6134328358208955 0.1475 0.23283582089552238
1 0.6175 0.4 0.211 0.13805970149253732
1 0.1665 0.3402985074626866 0.0605 0.10298507462686567
1 0.956 0.4216417910447761 0.088 0.15074626865671642
1 0.314 0.3529850746268657 0.1025 0.14029850746268657
1 0.245 0.29402985074626864 0.064 0.09402985074626866
4 0.348 0.26119402985074625 0.1075 0.16343283582089552
2 0.97 0.7910447761194029 0.06 0.1761194029850746
2 0.621 0.7328358208955223 0.0795 0.16865671641791044
2 0.4515 0.7037313432835821 0.0445 0.1701492537313433
2 0.091 0.8537313432835821 0.0455 0.12238805970149254
2 0.396 0.6014925373134329 0.036 0.13582089552238805
2 0.49 0.5186567164179104 0.041 0.10820895522388059
2 0.065 0.6097014925373134 0.0325 0.0880597014925373
3 0.985 0.6917910447761194 0.03 0.11343283582089553
3 0.6315 0.4791044776119403 0.0275 0.0873134328358209
3 0.6245 0.6432835820895523 0.0485 0.10223880597014925
3 0.449 0.5977611940298507 0.05 0.10820895522388059
3 0.3865 0.5119402985074627 0.0385 0.07164179104477612
2 0.627 0.5380597014925373 0.0345 0.07388059701492537