3 0.231 0.3664179104477612 0.024 0.03880597014925373
3 0.726 0.4305970149253731 0.026 0.08880597014925373
3 0.8545 0.4052238805970149 0.025 0.09179104477611941
3 0.888 0.38656716417910447 0.018 0.0791044776119403
3 0.6765 0.3835820895522388 0.022 0.06940298507462686
3 0.0175 0.42014925373134326 0.0225 0.07388059701492537
2 0.2345 0.40373134328358207 0.0205 0.056716417910447764
2 0.015 0.45149253731343286 0.026 0.06940298507462686
2 0.725 0.44328358208955226 0.056 0.058208955223880594
2 0.858 0.41492537313432837 0.0455 0.05
2 0.894 0.4 0.046 0.05522388059701493
2 0.7545 0.4044776119402985 0.0415 0.05
2 0.679 0.4044776119402985 0.0485 0.04701492537313433
2 0.628 0.408955223880597 0.047 0.05149253731343283
1 0.384 0.26343283582089555 0.0305 0.04552238805970149
1 0.6425 0.32686567164179103 0.0635 0.05970149253731343
1 0.5285 0.27686567164179104 0.0415 0.04328358208955224
1 0.59 0.27761194029850744 0.039 0.04701492537313433
1 0.6505 0.2947761194029851 0.0585 0.05
4 0.46 0.24402985074626865 0.042 0.05970149253731343