1 0.934 0.9283582089552239 0.132 0.14328358208955225
1 0.9655 0.7440298507462687 0.069 0.19850746268656716
1 0.4775 0.29328358208955224 0.0445 0.09179104477611941
2 0.1565 0.8014925373134328 0.0325 0.11417910447761194
3 0.161 0.7261194029850746 0.0365 0.07835820895522388
2 0.269 0.6522388059701493 0.029 0.09402985074626866
3 0.2725 0.5962686567164179 0.0375 0.050746268656716415
2 0.042 0.6940298507462687 0.0405 0.09328358208955224
3 0.0425 0.6261194029850746 0.0415 0.06492537313432836
2 0.36 0.591044776119403 0.026 0.08955223880597014
3 0.3615 0.5298507462686567 0.0245 0.048507462686567165
2 0.127 0.6828358208955224 0.028 0.09253731343283582
3 0.129 0.6208955223880597 0.032 0.050746268656716415
2 0.225 0.5776119402985075 0.0255 0.07686567164179105
3 0.2265 0.5268656716417911 0.0285 0.04626865671641791