1 0.424 0.7708955223880597 0.1455 0.4582089552238806
2 0.019 0.5216417910447761 0.0245 0.07164179104477612
2 0.097 0.503731343283582 0.035 0.08656716417910448
2 0.9635 0.591044776119403 0.07 0.11194029850746269
3 0.982 0.573134328358209 0.0215 0.12835820895522387
3 0.028 0.4925373134328358 0.0245 0.11044776119402985
3 0.099 0.4708955223880597 0.0205 0.06716417910447761
3 0.046 0.3917910447761194 0.025 0.07985074626865672
4 0.6365 0.2 0.0595 0.11791044776119403
1 0.5585 0.16940298507462687 0.0285 0.06119402985074627
1 0.542 0.12985074626865672 0.027 0.04701492537313433
1 0.386 0.1626865671641791 0.0325 0.09328358208955224
1 0.5975 0.1701492537313433 0.034 0.08059701492537313