3 0.521 0.4044776119402985 0.0195 0.08358208955223881
3 0.4005 0.3798507462686567 0.0195 0.1
3 0.763 0.5410447761194029 0.028 0.11716417910447761
3 0.8465 0.5343283582089552 0.0305 0.12164179104477611
3 0.9215 0.5276119402985074 0.0305 0.0955223880597015
3 0.9935 0.6194029850746269 0.013 0.13432835820895522
3 0.5225 0.40671641791044777 0.028 0.09402985074626866
3 0.486 0.33955223880597013 0.0205 0.08358208955223881
1 0.221 0.3 0.1065 0.09850746268656717
1 0.583 0.35447761194029853 0.124 0.10746268656716418
2 0.76 0.5708955223880597 0.086 0.1
2 0.523 0.43507462686567167 0.0615 0.08059701492537313
2 0.4035 0.40223880597014927 0.0495 0.08208955223880597
2 0.4855 0.3604477611940298 0.0605 0.06194029850746269
2 0.43 0.3649253731343284 0.0455 0.07761194029850746
2 0.851 0.5567164179104478 0.0805 0.10895522388059702
2 0.983 0.6514925373134328 0.034 0.1044776119402985
2 0.9225 0.5529850746268656 0.075 0.08656716417910448
2 0.7105 0.39925373134328357 0.051 0.07313432835820896
2 0.039 0.5097014925373134 0.078 0.11194029850746269
3 0.041 0.4798507462686567 0.035 0.12462686567164179
0 0.296 0.25 0.1495 0.15