1 0.453 0.7052238805970149 0.251 0.4261194029850746
1 0.0465 0.8298507462686567 0.093 0.30074626865671644
2 0.672 0.832089552238806 0.06 0.15298507462686567
2 0.781 0.858955223880597 0.07 0.16940298507462687
2 0.781 0.6455223880597015 0.0495 0.11044776119402985
2 0.732 0.5940298507462687 0.0345 0.10223880597014925
2 0.912 0.5791044776119403 0.0355 0.10373134328358209
2 0.969 0.6037313432835821 0.033 0.10522388059701493
2 0.9515 0.4761194029850746 0.0275 0.06044776119402985
3 0.674 0.7425373134328358 0.062 0.15
3 0.784 0.7783582089552239 0.0565 0.14029850746268657
3 0.787 0.5746268656716418 0.0315 0.08582089552238806
3 0.737 0.5335820895522388 0.0325 0.07686567164179105
3 0.911 0.5291044776119403 0.037 0.08432835820895522
3 0.962 0.5582089552238806 0.0315 0.10074626865671642
3 0.953 0.43283582089552236 0.0285 0.05149253731343283
2 0.3705 0.38731343283582087 0.0495 0.055970149253731345
2 0.3815 0.3858208955223881 0.0545 0.04776119402985075
3 0.391 0.3537313432835821 0.0195 0.04776119402985075
3 0.368 0.3611940298507463 0.0165 0.06044776119402985
1 0.0825 0.4753731343283582 0.156 0.15671641791044777
1 0.4945 0.40373134328358207 0.0955 0.11044776119402985
1 0.606 0.3783582089552239 0.058 0.08283582089552238
1 0.5825 0.3291044776119403 0.052 0.057462686567164176
1 0.6735 0.29402985074626864 0.0385 0.04029850746268657
1 0.1945 0.39850746268656717 0.093 0.08134328358208955
1 0.097 0.3365671641791045 0.085 0.07313432835820896
1 0.408 0.3126865671641791 0.0685 0.057462686567164176
1 0.473 0.2917910447761194 0.0425 0.05298507462686567
1 0.391 0.2947761194029851 0.045 0.04477611940298507