1 0.7005 0.6402985074626866 0.136 0.21417910447761193
1 0.3755 0.44328358208955226 0.194 0.12686567164179105
1 0.7905 0.3888059701492537 0.056 0.09477611940298507
1 0.0525 0.46492537313432836 0.105 0.1373134328358209
1 0.655 0.4 0.0945 0.1291044776119403
1 0.7185 0.3455223880597015 0.0585 0.08656716417910448
4 0.6235 0.3156716417910448 0.099 0.15074626865671642
2 0.0395 0.8044776119402985 0.079 0.16119402985074627
2 0.3725 0.7492537313432835 0.073 0.15522388059701492
2 0.5285 0.7231343283582089 0.041 0.15671641791044777
2 0.86 0.8611940298507462 0.042 0.1126865671641791
2 0.5795 0.6291044776119403 0.033 0.1253731343283582
2 0.493 0.5522388059701493 0.038 0.1
2 0.884 0.6365671641791045 0.03 0.08134328358208955
3 0.027 0.7134328358208956 0.0485 0.10597014925373134
3 0.3625 0.5164179104477612 0.0255 0.08059701492537313
3 0.369 0.6671641791044776 0.0445 0.09402985074626866
3 0.531 0.6253731343283582 0.046 0.09925373134328358
3 0.588 0.5462686567164179 0.0355 0.06567164179104477
2 0.367 0.5708955223880597 0.032 0.06791044776119402