1 0.0715 0.767910447761194 0.0885 0.15970149253731344
1 0.681 0.5791044776119403 0.067 0.06492537313432836
1 0.576 0.508955223880597 0.0345 0.03805970149253731
1 0.265 0.4373134328358209 0.017 0.016417910447761194
2 0.609 0.6559701492537313 0.02 0.03134328358208955
2 0.009 0.7029850746268657 0.0175 0.11492537313432835
2 0.556 0.6126865671641791 0.016 0.07238805970149254
2 0.721 0.8552238805970149 0.051 0.13134328358208955
2 0.706 0.6738805970149254 0.0315 0.09253731343283582
2 0.6325 0.6358208955223881 0.033 0.09477611940298507
2 0.4905 0.47761194029850745 0.0275 0.0708955223880597
2 0.4515 0.46492537313432836 0.0145 0.04552238805970149
2 0.419 0.4373134328358209 0.015 0.03283582089552239
2 0.439 0.45223880597014926 0.0085 0.048507462686567165
1 0.304 0.4014925373134328 0.014 0.05298507462686567
3 0.863 0.6611940298507463 0.018 0.09179104477611941
3 0.7195 0.8238805970149253 0.031 0.06940298507462686
3 0.608 0.6276119402985074 0.0105 0.0791044776119403
3 0.7085 0.6432835820895523 0.011 0.04552238805970149
3 0.557 0.5977611940298507 0.0125 0.056716417910447764
4 0.172 0.7335820895522388 0.133 0.3417910447761194