3 0.3575 0.5126865671641792 0.0365 0.058208955223880594
3 0.312 0.41940298507462687 0.026 0.058208955223880594
3 0.21 0.4843283582089552 0.028 0.07388059701492537
3 0.0655 0.5656716417910448 0.031 0.08208955223880597
3 0.0895 0.49402985074626865 0.0275 0.05970149253731343
3 0.262 0.40746268656716417 0.021 0.05447761194029851
2 0.3575 0.5895522388059702 0.0305 0.09328358208955224
2 0.2025 0.5283582089552239 0.0335 0.06492537313432836
2 0.06 0.6171641791044776 0.0475 0.08208955223880597
2 0.308 0.45223880597014926 0.0365 0.056716417910447764
2 0.262 0.44104477611940296 0.0365 0.05970149253731343
2 0.432 0.3850746268656716 0.047 0.04701492537313433
2 0.3695 0.3850746268656716 0.033 0.04701492537313433
2 0.185 0.49029850746268655 0.0205 0.07761194029850746
2 0.089 0.5477611940298508 0.042 0.06492537313432836
2 0.008 0.6619402985074627 0.0155 0.05970149253731343
2 0.868 0.3895522388059702 0.033 0.04029850746268657
1 0.7735 0.3029850746268657 0.078 0.058208955223880594
1 0.9365 0.33432835820895523 0.0955 0.0791044776119403
1 0.256 0.26044776119402985 0.0155 0.03507462686567164
1 0.304 0.25522388059701495 0.036 0.05522388059701493
1 0.222 0.2708955223880597 0.036 0.04701492537313433