1 0.254 0.8223880597014925 0.31 0.35522388059701493
1 0.5895 0.4746268656716418 0.153 0.20671641791044776
1 0.6915 0.3694029850746269 0.066 0.13955223880597015
1 0.819 0.3402985074626866 0.0525 0.12611940298507462
1 0.77 0.491044776119403 0.122 0.2880597014925373
1 0.5745 0.7947761194029851 0.388 0.41044776119402987
3 0.8785 0.7365671641791045 0.0735 0.15149253731343285
3 0.311 0.582089552238806 0.0305 0.12686567164179105
3 0.288 0.6305970149253731 0.0265 0.0791044776119403
3 0.241 0.6104477611940299 0.0445 0.11417910447761194
3 0.0475 0.7947761194029851 0.041 0.18358208955223881
3 0.148 0.758955223880597 0.0485 0.15671641791044777
3 0.0825 0.6656716417910448 0.024 0.12985074626865672
3 0.1765 0.5850746268656717 0.041 0.16791044776119404
3 0.3505 0.5126865671641792 0.0225 0.10746268656716418
3 0.407 0.5574626865671641 0.046 0.1626865671641791
3 0.424 0.5022388059701492 0.027 0.11716417910447761
3 0.4765 0.4783582089552239 0.031 0.10895522388059702
3 0.4645 0.3776119402985075 0.015 0.04701492537313433
3 0.3705 0.4380597014925373 0.024 0.12238805970149254
3 0.201 0.41940298507462687 0.004 0.057462686567164176
2 0.2075 0.4544776119402985 0.041 0.09104477611940298
2 0.0485 0.8664179104477612 0.097 0.1947761194029851
2 0.1255 0.8723880597014926 0.1225 0.23880597014925373
2 0.165 0.6179104477611941 0.0855 0.11343283582089553
2 0.227 0.676865671641791 0.076 0.12761194029850748
2 0.0805 0.7052238805970149 0.0865 0.09850746268656717
2 0.8895 0.8716417910447761 0.0845 0.1880597014925373
1 0.8835 0.35522388059701493 0.0555 0.10074626865671642