1 0.4295 0.3843283582089552 0.142 0.13134328358208955
1 0.57 0.23134328358208955 0.0915 0.07388059701492537
1 0.6785 0.25298507462686565 0.0655 0.07761194029850746
2 0.131 0.4246268656716418 0.034 0.08955223880597014
3 0.612 0.3328358208955224 0.0255 0.0880597014925373
3 0.6495 0.3619402985074627 0.0235 0.10970149253731343
1 0.0155 0.582089552238806 0.0305 0.2992537313432836
3 0.1295 0.3843283582089552 0.0295 0.10223880597014925
2 0.186 0.26417910447761195 0.024 0.048507462686567165
3 0.1825 0.2417910447761194 0.0215 0.0708955223880597
2 0.0995 0.3111940298507463 0.0265 0.06716417910447761
3 0.0975 0.28582089552238804 0.0185 0.08283582089552238
2 0.056 0.30895522388059704 0.022 0.05149253731343283
3 0.0525 0.2828358208955224 0.0195 0.05895522388059701
2 0.017 0.30970149253731344 0.0245 0.05895522388059701
3 0.013 0.27611940298507465 0.019 0.05373134328358209
2 0.0365 0.23955223880597015 0.0225 0.04552238805970149
3 0.0345 0.2171641791044776 0.018 0.04701492537313433
2 0.2735 0.8873134328358209 0.063 0.2253731343283582
3 0.272 0.8261194029850746 0.0595 0.22164179104477613
2 0.751 0.6686567164179105 0.0865 0.15671641791044777
3 0.7485 0.6246268656716418 0.038 0.15447761194029852
3 0.7645 0.6380597014925373 0.0445 0.14626865671641792
2 0.8415 0.3664179104477612 0.023 0.07313432835820896
3 0.847 0.3365671641791045 0.0215 0.0791044776119403
1 0.973 0.3582089552238806 0.0535 0.1208955223880597
2 0.7645 0.19328358208955224 0.0105 0.04253731343283582
3 0.7655 0.1791044776119403 0.0055 0.03283582089552239
2 0.636 0.2291044776119403 0.016 0.04328358208955224
3 0.6365 0.21044776119402986 0.0095 0.049253731343283584