1 0.467 0.18880597014925374 0.139 0.25970149253731345
1 0.567 0.376865671641791 0.1475 0.3037313432835821
1 0.1805 0.9567164179104478 0.358 0.08656716417910448
3 0.339 0.7111940298507463 0.0445 0.12313432835820895
3 0.2525 0.8417910447761194 0.0745 0.17238805970149254
3 0.5055 0.7753731343283582 0.0615 0.1626865671641791
3 0.411 0.6208955223880597 0.039 0.141044776119403
3 0.4885 0.5649253731343283 0.035 0.0880597014925373
3 0.547 0.6014925373134329 0.0335 0.12164179104477611
3 0.6115 0.5753731343283582 0.0455 0.12388059701492538
3 0.638 0.7761194029850746 0.068 0.16492537313432837
3 0.7565 0.6626865671641791 0.033 0.1843283582089552
3 0.687 0.44850746268656716 0.0155 0.12238805970149254
3 0.87 0.5470149253731343 0.0455 0.1701492537313433
3 0.732 0.40746268656716417 0.0585 0.12835820895522387
2 0.346 0.7440298507462687 0.145 0.1253731343283582
2 0.413 0.6402985074626866 0.112 0.11940298507462686
2 0.5475 0.6880597014925374 0.052 0.1417910447761194
2 0.489 0.6373134328358209 0.062 0.12835820895522387
2 0.5085 0.841044776119403 0.1505 0.1701492537313433
2 0.6515 0.8305970149253732 0.1495 0.18955223880597014