0 0.322 0.5044776119402985 0.134 0.3776119402985075
2 0.0865 0.5626865671641791 0.038 0.09402985074626866
1 0.7495 0.891044776119403 0.2055 0.21791044776119403
1 0.311 0.8828358208955224 0.1445 0.2335820895522388
1 0.0795 0.9059701492537313 0.156 0.1873134328358209
1 0.159 0.6611940298507463 0.138 0.2582089552238806
2 0.0785 0.6932835820895522 0.043 0.10970149253731343
2 0.155 0.4455223880597015 0.0205 0.07313432835820896
3 0.09 0.5388059701492537 0.0225 0.1044776119402985
3 0.082 0.6470149253731343 0.0345 0.09925373134328358
3 0.1585 0.41119402985074627 0.021 0.06492537313432836
1 0.3685 0.20223880597014926 0.023 0.049253731343283584
2 0.9645 0.9037313432835821 0.071 0.15522388059701492
3 0.98 0.8761194029850746 0.04 0.11343283582089553
3 0.962 0.8738805970149254 0.0485 0.14477611940298507
2 0.599 0.48656716417910445 0.016 0.05223880597014925
2 0.6255 0.47686567164179106 0.019 0.058208955223880594
3 0.6015 0.458955223880597 0.014 0.058208955223880594
3 0.6265 0.4582089552238806 0.0175 0.0664179104477612
3 0.8545 0.5380597014925373 0.0185 0.09253731343283582
3 0.7295 0.5111940298507462 0.0115 0.07462686567164178
3 0.723 0.49850746268656715 0.0125 0.07238805970149254
2 0.2275 0.3880597014925373 0.0145 0.05447761194029851
3 0.228 0.36268656716417913 0.013 0.05
2 0.229 0.34253731343283583 0.0215 0.04402985074626865
3 0.2305 0.3194029850746269 0.0135 0.03656716417910448
2 0.484 0.35149253731343283 0.013 0.04402985074626865
3 0.4865 0.33805970149253733 0.007 0.04029850746268657