1 0.108 0.3723880597014925 0.14 0.1582089552238806
1 0.373 0.5029850746268657 0.1135 0.18358208955223881
2 0.5145 0.641044776119403 0.0965 0.12611940298507462
2 0.6095 0.40671641791044777 0.1035 0.08582089552238806
2 0.823 0.5417910447761194 0.0895 0.11417910447761194
2 0.8945 0.6544776119402985 0.0355 0.10671641791044777
2 0.93 0.7574626865671642 0.14 0.10597014925373134
2 0.9595 0.9149253731343283 0.0805 0.1701492537313433
1 0.9895 0.8731343283582089 0.021 0.15522388059701492
1 0.9485 0.7365671641791045 0.047 0.15
1 0.945 0.6261194029850746 0.057 0.15149253731343285
1 0.846 0.4917910447761194 0.0535 0.14477611940298507
1 0.5995 0.3835820895522388 0.0295 0.0955223880597015
1 0.51 0.6007462686567164 0.0345 0.1253731343283582