1 0.518 0.45149253731343286 0.122 0.15522388059701492
1 0.6315 0.43208955223880596 0.0975 0.13059701492537312
1 0.6995 0.3559701492537313 0.0555 0.1208955223880597
0 0.651 0.2962686567164179 0.1015 0.12388059701492538
2 0.251 0.6828358208955224 0.089 0.12388059701492538
2 0.3415 0.5962686567164179 0.0545 0.09328358208955224
2 0.66 0.5619402985074626 0.047 0.0791044776119403
2 0.7725 0.8380597014925373 0.061 0.10970149253731343
2 0.8815 0.8253731343283582 0.043 0.08880597014925373
2 0.9185 0.6604477611940298 0.0365 0.07388059701492537
2 0.892 0.5805970149253732 0.0515 0.05298507462686567
2 0.8345 0.5305970149253731 0.0515 0.041791044776119404
2 0.039 0.5611940298507463 0.056 0.08880597014925373
2 0.141 0.49402985074626865 0.032 0.04029850746268657
2 0.211 0.4708955223880597 0.0625 0.05522388059701493
2 0.268 0.46044776119402986 0.05 0.048507462686567165
2 0.3865 0.5059701492537313 0.0555 0.09029850746268657
2 0.452 0.4544776119402985 0.0385 0.08582089552238806
3 0.34 0.5447761194029851 0.024 0.11119402985074626
3 0.269 0.6223880597014926 0.039 0.12238805970149254
3 0.0245 0.5149253731343284 0.0275 0.0708955223880597
3 0.133 0.44328358208955226 0.0335 0.09701492537313433
3 0.203 0.42761194029850746 0.025 0.09701492537313433
3 0.268 0.42313432835820897 0.0205 0.0873134328358209
3 0.7875 0.7388059701492538 0.036 0.1582089552238806
3 0.8815 0.7253731343283583 0.043 0.1746268656716418
3 0.6615 0.5097014925373134 0.039 0.1253731343283582
3 0.92 0.5888059701492537 0.035 0.09477611940298507
3 0.894 0.517910447761194 0.035 0.08880597014925373
3 0.842 0.47686567164179106 0.032 0.09328358208955224
3 0.983 0.5552238805970149 0.0335 0.08507462686567165
3 0.96 0.4671641791044776 0.0235 0.07611940298507462
3 0.861 0.3940298507462687 0.036 0.08507462686567165
3 0.812 0.39477611940298507 0.049 0.0664179104477612
3 0.911 0.3970149253731343 0.022 0.07238805970149254
3 0.986 0.9417910447761194 0.028 0.11641791044776119