1 0.2525 0.6701492537313433 0.1425 0.208955223880597
1 0.9695 0.49402985074626865 0.061 0.1373134328358209
1 0.2985 0.3522388059701492 0.0815 0.0962686567164179
1 0.451 0.41492537313432837 0.09 0.12985074626865672
4 0.208 0.4380597014925373 0.108 0.16791044776119404
3 0.1325 0.7179104477611941 0.058 0.14701492537313432
3 0.0415 0.9559701492537314 0.083 0.0880597014925373
3 0.286 0.9492537313432836 0.083 0.10149253731343283
3 0.469 0.7104477611940299 0.058 0.1917910447761194
2 0.467 0.7791044776119403 0.055 0.12761194029850748
2 0.7575 0.46865671641791046 0.0625 0.05895522388059701
2 0.136 0.7910447761194029 0.0595 0.11194029850746269
2 0.3685 0.6268656716417911 0.053 0.10522388059701493
2 0.768 0.8276119402985075 0.089 0.1798507462686567
2 0.849 0.7738805970149254 0.0905 0.15522388059701492
2 0.5075 0.5761194029850746 0.043 0.08283582089552238
2 0.41 0.5664179104477612 0.034 0.08507462686567165
2 0.681 0.6268656716417911 0.0545 0.10970149253731343
4 0.235 0.24029850746268658 0.0575 0.08656716417910448
2 0.9525 0.8985074626865671 0.095 0.1791044776119403
2 0.795 0.6604477611940298 0.0725 0.08880597014925373
2 0.6265 0.4716417910447761 0.072 0.07164179104477612
2 0.592 0.6746268656716418 0.095 0.11791044776119403
2 0.6385 0.6216417910447761 0.0325 0.11343283582089553
2 0.446 0.5261194029850746 0.037 0.09925373134328358
2 0.0565 0.5835820895522388 0.0365 0.09104477611940298
2 0.5325 0.43955223880597016 0.0755 0.07164179104477612
2 0.3905 0.44776119402985076 0.0305 0.0664179104477612
2 0.106 0.4 0.035 0.04552238805970149
2 0.133 0.6007462686567164 0.047 0.07164179104477612
2 0.082 0.49477611940298505 0.034 0.07985074626865672
2 0.055 0.4164179104477612 0.028 0.056716417910447764
2 0.034 0.46492537313432836 0.0265 0.041791044776119404
3 0.18 0.9455223880597015 0.064 0.10895522388059702
3 0.9595 0.8485074626865672 0.0455 0.2082089552238806
3 0.7685 0.7656716417910447 0.044 0.1865671641791045
3 0.8565 0.7208955223880597 0.0405 0.21044776119402986
3 0.7975 0.6208955223880597 0.0345 0.13955223880597015
3 0.76 0.43507462686567167 0.0245 0.12686567164179105
3 0.6755 0.5828358208955224 0.0285 0.12686567164179105
3 0.5975 0.6201492537313433 0.0355 0.12686567164179105
3 0.6225 0.5567164179104478 0.0225 0.06865671641791045
3 0.622 0.4417910447761194 0.0205 0.08656716417910448
3 0.529 0.4298507462686567 0.025 0.11044776119402985
3 0.575 0.5305970149253731 0.036 0.15149253731343285
3 0.5045 0.5291044776119403 0.0255 0.10597014925373134
3 0.4325 0.46417910447761196 0.0185 0.07761194029850746
3 0.405 0.5261194029850746 0.019 0.12686567164179105
3 0.3615 0.5716417910447761 0.025 0.12686567164179105
3 0.056 0.5246268656716417 0.0295 0.07462686567164178
3 0.387 0.408955223880597 0.0255 0.04701492537313433
3 0.363 0.36343283582089553 0.022 0.03805970149253731
3 0.1095 0.3611940298507463 0.022 0.08134328358208955
3 0.031 0.4082089552238806 0.0245 0.06791044776119402
3 0.056 0.35522388059701493 0.026 0.06791044776119402
3 0.0875 0.4388059701492537 0.0265 0.05895522388059701
3 0.1275 0.5313432835820896 0.0365 0.0708955223880597