1 0.4115 0.4671641791044776 0.1155 0.1417910447761194
1 0.5825 0.4664179104477612 0.083 0.11417910447761194
1 0.1785 0.38731343283582087 0.095 0.08059701492537313
1 0.41 0.6671641791044776 0.1905 0.258955223880597
1 0.319 0.332089552238806 0.0675 0.05895522388059701
1 0.5665 0.3567164179104478 0.054 0.0664179104477612
1 0.2665 0.31492537313432833 0.065 0.05895522388059701
1 0.7085 0.3641791044776119 0.0425 0.05298507462686567
1 0.6575 0.2947761194029851 0.0305 0.04626865671641791
1 0.428 0.2955223880597015 0.054 0.058208955223880594
1 0.5025 0.2701492537313433 0.042 0.04776119402985075
2 0.621 0.7985074626865671 0.039 0.11791044776119403
2 0.7265 0.8455223880597015 0.0475 0.13656716417910447
2 0.7185 0.6022388059701492 0.0275 0.08582089552238806
2 0.6545 0.5238805970149254 0.026 0.0791044776119403
2 0.7915 0.5104477611940299 0.021 0.07686567164179105
2 0.35 0.40746268656716417 0.0465 0.05149253731343283
2 0.6185 0.3440298507462687 0.0155 0.029850746268656716
2 0.492 0.3753731343283582 0.027 0.041791044776119404
2 0.4555 0.376865671641791 0.0215 0.030597014925373135
2 0.759 0.46865671641791046 0.0185 0.04402985074626865
2 0.6795 0.4455223880597015 0.021 0.04328358208955224
3 0.625 0.6947761194029851 0.0335 0.07014925373134329
3 0.7265 0.7559701492537313 0.036 0.07761194029850746
3 0.7185 0.5492537313432836 0.027 0.06044776119402985
3 0.654 0.46492537313432836 0.021 0.050746268656716415
3 0.6815 0.4044776119402985 0.019 0.03507462686567164
3 0.708 0.43283582089552236 0.02 0.03656716417910448
3 0.726 0.4708955223880597 0.023 0.03880597014925373
3 0.789 0.4582089552238806 0.024 0.03731343283582089
3 0.8145 0.43208955223880596 0.026 0.041044776119402986
3 0.863 0.42761194029850746 0.0215 0.02164179104477612
3 0.9135 0.4141791044776119 0.022 0.029104477611940297
3 0.3595 0.36268656716417913 0.0275 0.04776119402985075
3 0.3825 0.3447761194029851 0.023 0.05149253731343283