3 0.3085 0.676865671641791 0.0435 0.16791044776119404
3 0.4805 0.6611940298507463 0.0395 0.1708955223880597
3 0.54 0.6462686567164179 0.0285 0.15298507462686567
3 0.573 0.6582089552238806 0.0395 0.14776119402985075
3 0.57 0.5798507462686567 0.001 0.014925373134328358
3 0.867 0.758955223880597 0.058 0.21492537313432836
3 0.983 0.8761194029850746 0.034 0.2335820895522388
3 0.181 0.573134328358209 0.0345 0.10373134328358209
3 0.2845 0.5955223880597015 0.0375 0.11567164179104478
3 0.357 0.5932835820895522 0.063 0.17537313432835822
3 0.097 0.5231343283582089 0.0335 0.12238805970149254
3 0.131 0.5164179104477612 0.031 0.10671641791044777
3 0.4015 0.5268656716417911 0.0295 0.14776119402985075
3 0.422 0.5223880597014925 0.041 0.14477611940298507
3 0.536 0.5298507462686567 0.046 0.12388059701492538
3 0.516 0.5388059701492537 0.0355 0.1373134328358209
3 0.6155 0.5753731343283582 0.018 0.16343283582089552
3 0.638 0.5813432835820895 0.036 0.14029850746268657
3 0.7815 0.6164179104477612 0.0535 0.13432835820895522
3 0.668 0.7328358208955223 0.051 0.22014925373134328
3 0.703 0.6619402985074627 0.0305 0.18134328358208956
3 0.7325 0.6522388059701493 0.0305 0.14776119402985075
2 0.1075 0.5828358208955224 0.0565 0.11417910447761194
2 0.1385 0.5544776119402985 0.054 0.09776119402985074
2 0.1895 0.6462686567164179 0.065 0.1417910447761194
2 0.316 0.7238805970149254 0.096 0.14477611940298507
2 0.3575 0.6380597014925373 0.063 0.1208955223880597
2 0.4945 0.7119402985074627 0.1115 0.14477611940298507
2 0.5745 0.7059701492537314 0.0985 0.13880597014925372
2 0.6835 0.7917910447761194 0.1385 0.1783582089552239
2 0.868 0.8216417910447761 0.142 0.1619402985074627
2 0.958 0.9283582089552239 0.084 0.14328358208955225
2 0.4115 0.5537313432835821 0.0805 0.09029850746268657
2 0.727 0.7149253731343284 0.0935 0.1328358208955224
2 0.785 0.6626865671641791 0.0995 0.1417910447761194
1 0.6105 0.33432835820895523 0.0755 0.12835820895522387
1 0.6835 0.34253731343283583 0.082 0.1208955223880597
0 0.674 0.23432835820895523 0.09 0.10074626865671642