1 0.3435 0.5656716417910448 0.179 0.1791044776119403
1 0.726 0.767910447761194 0.3045 0.3
1 0.6915 0.3529850746268657 0.072 0.09701492537313433
1 0.8135 0.22462686567164178 0.035 0.04029850746268657
1 0.17 0.49776119402985075 0.1415 0.1044776119402985
2 0.4615 0.7701492537313432 0.11 0.13507462686567165
2 0.3695 0.8947761194029851 0.0485 0.09328358208955224
2 0.2085 0.6626865671641791 0.072 0.08059701492537313
2 0.1045 0.5955223880597015 0.042 0.08582089552238806
2 0.0545 0.5716417910447761 0.042 0.0626865671641791
2 0.496 0.5514925373134328 0.067 0.1
2 0.717 0.6044776119402985 0.089 0.06940298507462686
2 0.6745 0.5492537313432836 0.0725 0.07611940298507462
2 0.7205 0.4425373134328358 0.0705 0.05149253731343283
2 0.825 0.567910447761194 0.0905 0.09179104477611941
2 0.9055 0.7574626865671642 0.1155 0.14029850746268657
2 0.305 0.6708955223880597 0.076 0.12238805970149254
2 0.544 0.5462686567164179 0.0555 0.0708955223880597
2 0.7735 0.41044776119402987 0.0235 0.05447761194029851
2 0.8125 0.4 0.017 0.04477611940298507
2 0.856 0.3686567164179104 0.018 0.03731343283582089
2 0.912 0.35 0.029 0.041791044776119404
2 0.9795 0.755223880597015 0.0345 0.10970149253731343
2 0.431 0.5164179104477612 0.05 0.06940298507462686
3 0.495 0.5231343283582089 0.0195 0.1291044776119403
3 0.6735 0.5126865671641792 0.028 0.10820895522388059
3 0.83 0.5328358208955224 0.0225 0.11791044776119403
3 0.85 0.5365671641791044 0.031 0.09850746268656717
3 0.9065 0.5850746268656717 0.026 0.1335820895522388
3 0.934 0.582089552238806 0.0305 0.11940298507462686
3 0.9735 0.6104477611940299 0.0295 0.12388059701492538
3 0.993 0.6119402985074627 0.014 0.13582089552238805
3 0.913 0.3111940298507463 0.026 0.05522388059701493
3 0.8555 0.33432835820895523 0.0235 0.05149253731343283
3 0.8135 0.35 0.035 0.05298507462686567
3 0.769 0.3604477611940298 0.029 0.04552238805970149
3 0.7185 0.39552238805970147 0.0335 0.05522388059701493
3 0.6685 0.7917910447761194 0.0555 0.2082089552238806
3 0.457 0.7216417910447761 0.039 0.16492537313432837
3 0.4295 0.7052238805970149 0.021 0.1664179104477612
3 0.371 0.7955223880597015 0.069 0.15522388059701492
3 0.2955 0.6238805970149254 0.0375 0.15
3 0.2085 0.6201492537313433 0.025 0.1208955223880597
3 0.191 0.5955223880597015 0.021 0.10522388059701493
3 0.0935 0.5410447761194029 0.0225 0.09029850746268657
3 0.1635 0.5283582089552239 0.025 0.09029850746268657
3 0.048 0.5111940298507462 0.026 0.06940298507462686
3 0.103 0.491044776119403 0.0235 0.0708955223880597
3 0.224 0.4373134328358209 0.019 0.06119402985074627
3 0.1575 0.408955223880597 0.01 0.056716417910447764
3 0.0485 0.3880597014925373 0.019 0.0708955223880597
3 0.381 0.44328358208955226 0.028 0.07761194029850746
3 0.433 0.4597014925373134 0.0235 0.08582089552238806
3 0.3245 0.4261194029850746 0.0275 0.0664179104477612
3 0.301 0.44104477611940296 0.021 0.06791044776119402
3 0.519 0.45223880597014926 0.028 0.06492537313432836
3 0.5165 0.3440298507462687 0.0265 0.048507462686567165
3 0.558 0.48134328358208955 0.0235 0.07611940298507462
3 0.54 0.4798507462686567 0.0115 0.06791044776119402