1 0.5865 0.8970149253731343 0.3865 0.20522388059701493
1 0.845 0.7544776119402985 0.31 0.23432835820895523
1 0.91 0.9074626865671642 0.18 0.1843283582089552
1 0.5455 0.3447761194029851 0.201 0.2373134328358209
1 0.6065 0.1253731343283582 0.068 0.1291044776119403
1 0.5125 0.12014925373134329 0.0795 0.1373134328358209
2 0.191 0.8007462686567164 0.151 0.12388059701492538
2 0.375 0.7522388059701492 0.144 0.15149253731343285
2 0.5075 0.7014925373134329 0.126 0.14701492537313432
2 0.0405 0.8738805970149254 0.081 0.13059701492537312
2 0.0475 0.49701492537313435 0.095 0.11343283582089553
2 0.265 0.4373134328358209 0.1025 0.10820895522388059
2 0.39 0.33507462686567163 0.064 0.12761194029850748
2 0.663 0.6029850746268657 0.1055 0.1253731343283582
2 0.7705 0.6007462686567164 0.1115 0.10671641791044777
2 0.5935 0.6559701492537313 0.11 0.13208955223880597
2 0.2955 0.7029850746268657 0.1275 0.11940298507462686
2 0.401 0.6492537313432836 0.104 0.10149253731343283
2 0.3585 0.5791044776119403 0.119 0.14701492537313432
2 0.4175 0.21940298507462686 0.0305 0.09477611940298507
2 0.451 0.1925373134328358 0.0225 0.08507462686567165
2 0.7845 0.23208955223880598 0.0595 0.15522388059701492
2 0.9395 0.567910447761194 0.121 0.11417910447761194
3 0.1865 0.7664179104477612 0.0525 0.1917910447761194
3 0.033 0.47313432835820896 0.0385 0.1761194029850746
3 0.0205 0.817910447761194 0.041 0.191044776119403
3 0.386 0.764179104477612 0.061 0.2253731343283582
3 0.453 0.5746268656716418 0.0345 0.1708955223880597
3 0.507 0.6776119402985075 0.0375 0.20522388059701493
3 0.593 0.6350746268656716 0.036 0.2044776119402985
3 0.531 0.5373134328358209 0.031 0.20522388059701493
3 0.667 0.567910447761194 0.032 0.18358208955223881
3 0.683 0.576865671641791 0.05 0.16492537313432837
3 0.61 0.4798507462686567 0.042 0.16492537313432837
3 0.747 0.43283582089552236 0.042 0.12611940298507462
3 0.7715 0.5873134328358209 0.029 0.1582089552238806
3 0.7965 0.564179104477612 0.0385 0.14701492537313432
3 0.8615 0.5895522388059702 0.047 0.0955223880597015
3 0.255 0.39104477611940297 0.04 0.1373134328358209
3 0.274 0.3798507462686567 0.0295 0.12388059701492538
3 0.417 0.1626865671641791 0.028 0.08358208955223881
3 0.4195 0.10970149253731343 0.022 0.05298507462686567
3 0.334 0.5477611940298508 0.032 0.1044776119402985
3 0.358 0.5619402985074626 0.0475 0.15447761194029852
2 0.986 0.44925373134328356 0.0275 0.14701492537313432