2 0.2635 0.7858208955223881 0.054 0.13955223880597015
2 0.204 0.655223880597015 0.038 0.11940298507462686
2 0.242 0.42313432835820897 0.0635 0.06194029850746269
2 0.5835 0.38283582089552237 0.0445 0.04253731343283582
2 0.2965 0.3417910447761194 0.0285 0.04477611940298507
1 0.948 0.5149253731343284 0.104 0.15522388059701492
1 0.7445 0.3962686567164179 0.083 0.08582089552238806
1 0.6595 0.34776119402985073 0.0625 0.07313432835820896
1 0.6005 0.31716417910447764 0.0705 0.049253731343283584
1 0.735 0.33955223880597013 0.0745 0.0664179104477612
1 0.814 0.3940298507462687 0.084 0.0873134328358209
1 0.937 0.4335820895522388 0.126 0.09104477611940298
1 0.946 0.382089552238806 0.1075 0.06567164179104477
3 0.2645 0.6917910447761194 0.0435 0.1335820895522388
3 0.205 0.5977611940298507 0.0435 0.10149253731343283
3 0.1765 0.4828358208955224 0.0245 0.09253731343283582
3 0.234 0.4126865671641791 0.027 0.08283582089552238
3 0.5825 0.3723880597014925 0.015 0.08432835820895522
1 0.488 0.26940298507462684 0.0335 0.03507462686567164