1 0.575 0.3126865671641791 0.0905 0.06194029850746269
3 0.305 0.30671641791044774 0.0705 0.08880597014925373
2 0.672 0.5977611940298507 0.0405 0.08582089552238806
2 0.8525 0.6134328358208955 0.106 0.10895522388059702
2 0.8155 0.408955223880597 0.0195 0.06194029850746269
2 0.8955 0.38731343283582087 0.0235 0.05
2 0.396 0.3895522388059702 0.0495 0.05447761194029851
2 0.4295 0.35522388059701493 0.0475 0.04552238805970149
2 0.843 0.3895522388059702 0.029 0.05447761194029851
3 0.6795 0.5417910447761194 0.034 0.07462686567164178
3 0.887 0.5746268656716418 0.021 0.10597014925373134
3 0.8565 0.6014925373134329 0.0265 0.13208955223880597
3 0.818 0.3753731343283582 0.0185 0.04328358208955224
3 0.795 0.3335820895522388 0.022 0.03731343283582089
3 0.4005 0.3574626865671642 0.0155 0.05895522388059701
3 0.4095 0.35 0.0115 0.05
3 0.4275 0.3291044776119403 0.012 0.05447761194029851
2 0.7955 0.3619402985074627 0.021 0.03582089552238806