1 0.3645 0.8947761194029851 0.216 0.20970149253731343
1 0.3985 0.1880597014925373 0.056 0.06492537313432836
1 0.602 0.08134328358208955 0.0275 0.041044776119402986
1 0.563 0.08283582089552238 0.0265 0.04701492537313433
1 0.4885 0.1417910447761194 0.0495 0.058208955223880594
0 0.374 0.09253731343283582 0.037 0.09328358208955224
2 0.641 0.3201492537313433 0.053 0.050746268656716415
2 0.276 0.5529850746268656 0.077 0.08432835820895522
2 0.2575 0.5029850746268657 0.0705 0.08507462686567165
2 0.013 0.6776119402985075 0.0255 0.11044776119402985
3 0.2375 0.4664179104477612 0.0175 0.07164179104477612
3 0.275 0.5082089552238805 0.0305 0.06492537313432836
3 0.7885 0.5649253731343283 0.031 0.07388059701492537
3 0.6425 0.2902985074626866 0.019 0.04626865671641791
3 0.621 0.23880597014925373 0.021 0.050746268656716415