2 0.313 0.28507462686567164 0.0415 0.04477611940298507
2 0.43 0.2880597014925373 0.0425 0.03880597014925373
2 0.2475 0.29402985074626864 0.0495 0.041791044776119404
2 0.099 0.37089552238805973 0.046 0.05223880597014925
2 0.143 0.3917910447761194 0.045 0.03582089552238806
3 0.141 0.32238805970149254 0.0175 0.050746268656716415
3 0.1395 0.3716417910447761 0.0225 0.06343283582089553
3 0.104 0.3574626865671642 0.0145 0.0664179104477612
3 0.4285 0.2701492537313433 0.019 0.049253731343283584
3 0.315 0.26417910447761195 0.018 0.04626865671641791
3 0.244 0.2701492537313433 0.015 0.04328358208955224
3 0.646 0.25970149253731345 0.015 0.04328358208955224
2 0.0125 0.4164179104477612 0.025 0.0626865671641791