1 0.4145 0.8552238805970149 0.3665 0.28880597014925374
1 0.6365 0.558955223880597 0.1765 0.31791044776119404
1 0.4945 0.25522388059701495 0.114 0.22761194029850745
1 0.509 0.11567164179104478 0.0665 0.10671641791044777
1 0.0675 0.8977611940298508 0.135 0.2044776119402985
2 0.2545 0.6425373134328358 0.0905 0.16492537313432837
2 0.4375 0.5320895522388059 0.0595 0.16417910447761194
2 0.5025 0.5686567164179105 0.074 0.14328358208955225
2 0.239 0.47388059701492535 0.0875 0.12238805970149254
2 0.361 0.3902985074626866 0.0595 0.12238805970149254
2 0.3905 0.30522388059701494 0.033 0.11417910447761194
2 0.4305 0.22611940298507463 0.0265 0.08582089552238806
2 0.018 0.5761194029850746 0.036 0.09701492537313433
2 0.7915 0.6261194029850746 0.047 0.11940298507462686
2 0.9735 0.4388059701492537 0.053 0.08955223880597014
2 0.5705 0.3746268656716418 0.0305 0.1
2 0.598 0.4455223880597015 0.0525 0.1
2 0.6885 0.2992537313432836 0.0335 0.11492537313432835
2 0.734 0.4044776119402985 0.0415 0.13059701492537312
2 0.7795 0.39552238805970147 0.0385 0.1335820895522388
2 0.6355 0.33880597014925373 0.029 0.06940298507462686
3 0.488 0.5283582089552239 0.0365 0.15970149253731344
3 0.503 0.5186567164179104 0.0375 0.13208955223880597
3 0.7885 0.5522388059701493 0.0515 0.13208955223880597
3 0.74 0.3738805970149254 0.0305 0.10298507462686567
3 0.7845 0.35 0.0345 0.11417910447761194
3 0.439 0.5082089552238805 0.0485 0.1664179104477612
3 0.251 0.6231343283582089 0.05 0.19850746268656716
3 0.271 0.5835820895522388 0.031 0.16940298507462687
3 0.2315 0.44402985074626866 0.0415 0.17388059701492536
3 0.26 0.41567164179104477 0.025 0.1626865671641791
3 0.357 0.3529850746268657 0.047 0.13880597014925372
3 0.3885 0.2656716417910448 0.035 0.10970149253731343
3 0.434 0.1865671641791045 0.035 0.10149253731343283
3 0.5725 0.32238805970149254 0.028 0.11119402985074626
3 0.5985 0.3902985074626866 0.036 0.11417910447761194
3 0.633 0.2753731343283582 0.036 0.08507462686567165
3 0.69 0.25298507462686565 0.035 0.10522388059701493
3 0.76 0.258955223880597 0.022 0.0955223880597015
3 0.7235 0.2537313432835821 0.0155 0.12611940298507462