1 0.074 0.7738805970149254 0.0915 0.16492537313432837
1 0.7025 0.5783582089552238 0.069 0.06716417910447761
1 0.5945 0.5059701492537313 0.0355 0.03955223880597015
1 0.274 0.43134328358208956 0.0175 0.017164179104477612
2 0.6285 0.6574626865671642 0.0205 0.03283582089552239
2 0.009 0.7067164179104478 0.018 0.11865671641791045
2 0.574 0.6134328358208955 0.0165 0.07537313432835821
2 0.744 0.8641791044776119 0.0525 0.13582089552238805
2 0.7285 0.6761194029850747 0.0325 0.0962686567164179
2 0.653 0.6365671641791045 0.034 0.09850746268656717
2 0.506 0.47313432835820896 0.0285 0.07388059701492537
2 0.466 0.4597014925373134 0.015 0.04701492537313433
2 0.4325 0.43208955223880596 0.0155 0.033582089552238806
2 0.453 0.4470149253731343 0.0085 0.05
1 0.3135 0.39477611940298507 0.0145 0.05522388059701493
3 0.891 0.6634328358208955 0.0185 0.09477611940298507
3 0.7425 0.832089552238806 0.032 0.07164179104477612
3 0.6275 0.6283582089552239 0.0105 0.08134328358208955
3 0.7315 0.6447761194029851 0.0115 0.04701492537313433
3 0.575 0.5977611940298507 0.013 0.05895522388059701
4 0.1775 0.7380597014925373 0.1375 0.3537313432835821