1 0.11 0.7164179104477612 0.2075 0.22611940298507463
1 0.501 0.5097014925373134 0.117 0.13134328358208955
1 0.299 0.5014925373134328 0.155 0.14626865671641792
1 0.328 0.7037313432835821 0.1935 0.26865671641791045
1 0.117 0.9223880597014925 0.2335 0.15522388059701492
1 0.4355 0.3977611940298508 0.103 0.11119402985074626
1 0.5585 0.4052238805970149 0.106 0.13805970149253732
1 0.109 0.4007462686567164 0.165 0.12761194029850748
1 0.67 0.2746268656716418 0.07 0.09179104477611941
1 0.621 0.32313432835820893 0.078 0.12238805970149254
0 0.564 0.2253731343283582 0.143 0.1925373134328358
0 0.6545 0.17238805970149254 0.057 0.11417910447761194
2 0.7945 0.7179104477611941 0.04 0.08208955223880597
2 0.804 0.46119402985074626 0.0345 0.05522388059701493
3 0.807 0.4171641791044776 0.0255 0.06417910447761194
3 0.799 0.6365671641791045 0.031 0.09776119402985074