1 0.5325 0.4298507462686567 0.18 0.1701492537313433
1 0.7675 0.367910447761194 0.1285 0.10074626865671642
1 0.383 0.3611940298507463 0.073 0.13134328358208955
1 0.309 0.282089552238806 0.0455 0.0873134328358209
1 0.3715 0.2873134328358209 0.0445 0.07164179104477612
1 0.2545 0.26940298507462684 0.0505 0.08880597014925373
1 0.282 0.23432835820895523 0.033 0.06044776119402985
4 0.322 0.22686567164179106 0.0445 0.12164179104477611
1 0.3755 0.21940298507462686 0.0335 0.06343283582089553
2 0.1075 0.5097014925373134 0.0405 0.08656716417910448
3 0.1045 0.4552238805970149 0.0335 0.05970149253731343