1 0.4815 0.5746268656716418 0.0875 0.14925373134328357
1 0.6235 0.4716417910447761 0.068 0.14477611940298507
1 0.7635 0.6559701492537313 0.1235 0.20223880597014926
1 0.8595 0.8791044776119403 0.207 0.2417910447761194
1 0.5095 0.40298507462686567 0.056 0.08880597014925373
2 0.9455 0.8052238805970149 0.0365 0.13208955223880597
2 0.8755 0.6171641791044776 0.0285 0.09701492537313433
2 0.92 0.582089552238806 0.0225 0.09029850746268657
3 0.0905 0.7850746268656716 0.0345 0.13134328358208955
3 0.9335 0.7179104477611941 0.0365 0.08208955223880597
3 0.866 0.558955223880597 0.028 0.05223880597014925
3 0.9135 0.5216417910447761 0.032 0.05522388059701493