1 0.1575 0.6447761194029851 0.205 0.15970149253731344
2 0.6705 0.6261194029850746 0.082 0.07462686567164178
2 0.609 0.9186567164179105 0.044 0.13656716417910447
2 0.3805 0.9134328358208955 0.045 0.1417910447761194
2 0.2995 0.9477611940298507 0.051 0.1044776119402985
2 0.4315 0.6298507462686567 0.0765 0.08656716417910448
2 0.558 0.5985074626865672 0.0775 0.0708955223880597
2 0.2965 0.7343283582089553 0.0855 0.0791044776119403
2 0.8595 0.6238805970149254 0.068 0.07835820895522388
2 0.865 0.5126865671641792 0.0765 0.06940298507462686
2 0.7505 0.5552238805970149 0.0735 0.06791044776119402
2 0.676 0.5134328358208955 0.064 0.07985074626865672
3 0.542 0.8402985074626865 0.029 0.10298507462686567
3 0.5655 0.8440298507462687 0.0315 0.0962686567164179
3 0.354 0.8455223880597015 0.0455 0.08880597014925373
3 0.2695 0.8977611940298508 0.043 0.09925373134328358