1 0.619 0.41044776119402987 0.073 0.11343283582089553
1 0.6805 0.3335820895522388 0.0475 0.06194029850746269
1 0.6585 0.3029850746268657 0.036 0.04701492537313433
1 0.047 0.5216417910447761 0.0935 0.15074626865671642
1 0.225 0.36716417910447763 0.0775 0.07835820895522388
1 0.33 0.3537313432835821 0.0685 0.06865671641791045
1 0.302 0.26343283582089555 0.0295 0.026865671641791045
2 0.757 0.6313432835820896 0.039 0.11044776119402985
2 0.765 0.9365671641791045 0.0595 0.12611940298507462
2 0.9595 0.5029850746268657 0.026 0.07388059701492537
2 0.761 0.36343283582089553 0.0155 0.04626865671641791
2 0.7865 0.3492537313432836 0.019 0.041791044776119404
2 0.737 0.4708955223880597 0.031 0.07835820895522388
2 0.4065 0.3880597014925373 0.0425 0.03805970149253731
2 0.4365 0.3746268656716418 0.014 0.041044776119402986
2 0.45 0.3664179104477612 0.0225 0.03582089552238806
3 0.9605 0.45149253731343286 0.0235 0.03656716417910448
3 0.757 0.5626865671641791 0.0335 0.05522388059701493
3 0.7355 0.4291044776119403 0.0205 0.03656716417910448
3 0.7595 0.33134328358208953 0.0135 0.024626865671641792
3 0.7875 0.3208955223880597 0.0135 0.022388059701492536
3 0.035 0.3783582089552239 0.0185 0.055970149253731345
3 0.0955 0.3328358208955224 0.017 0.05373134328358209
3 0.252 0.28507462686567164 0.012 0.03880597014925373
3 0.408 0.3694029850746269 0.015 0.07238805970149254
3 0.4425 0.3373134328358209 0.0195 0.03208955223880597