0 0.3395 0.23208955223880598 0.1325 0.3656716417910448
1 0.479 0.19701492537313434 0.0745 0.1947761194029851
1 0.653 0.408955223880597 0.2935 0.46119402985074626
2 0.769 0.8858208955223881 0.058 0.16119402985074627
2 0.54 0.7865671641791044 0.124 0.16492537313432837
2 0.443 0.6276119402985074 0.0725 0.13805970149253732
2 0.351 0.5567164179104478 0.02 0.08059701492537313
2 0.2505 0.4992537313432836 0.028 0.06492537313432836
3 0.136 0.42686567164179107 0.0245 0.14925373134328357
3 0.19 0.4059701492537313 0.03 0.09402985074626866
3 0.3445 0.46567164179104475 0.033 0.10074626865671642
3 0.467 0.5022388059701492 0.0355 0.08432835820895522
3 0.548 0.7231343283582089 0.055 0.10895522388059702
3 0.7675 0.764179104477612 0.0545 0.11417910447761194
3 0.25 0.4052238805970149 0.031 0.05223880597014925