3 0.0545 0.9492537313432836 0.049 0.10149253731343283
3 0.18 0.9559701492537314 0.052 0.0880597014925373
3 0.015 0.9402985074626866 0.03 0.11940298507462686
3 0.2235 0.5111940298507462 0.0245 0.09029850746268657
3 0.318 0.45 0.012 0.07537313432835821
3 0.3255 0.4462686567164179 0.0115 0.0791044776119403
3 0.1265 0.5238805970149254 0.011 0.03805970149253731
3 0.137 0.5276119402985074 0.0185 0.06417910447761194
3 0.322 0.35895522388059703 0.0125 0.06791044776119402
3 0.6165 0.746268656716418 0.03 0.10671641791044777
1 0.5255 0.5671641791044776 0.083 0.12313432835820895
1 0.6815 0.3 0.043 0.08208955223880597
1 0.704 0.24701492537313433 0.0255 0.034328358208955224
1 0.156 0.8201492537313433 0.107 0.21343283582089553
1 0.0955 0.6253731343283582 0.1335 0.1537313432835821
2 0.13 0.5425373134328358 0.041 0.041791044776119404
2 0.2215 0.5373134328358209 0.038 0.06716417910447761
2 0.317 0.4708955223880597 0.033 0.05373134328358209
2 0.616 0.8022388059701493 0.026 0.06865671641791045
2 0.1945 0.9701492537313433 0.037 0.05895522388059701
2 0.071 0.9708955223880597 0.023 0.058208955223880594
2 0.0125 0.9440298507462687 0.025 0.11194029850746269
1 0.0175 0.2902985074626866 0.035 0.058208955223880594
1 0.4785 0.2582089552238806 0.0645 0.05149253731343283
3 0.7915 0.4208955223880597 0.0195 0.06044776119402985
3 0.6285 0.36716417910447763 0.014 0.049253731343283584
3 0.6145 0.4761194029850746 0.018 0.06343283582089553
3 0.702 0.46417910447761196 0.012 0.05149253731343283
3 0.711 0.39552238805970147 0.0115 0.04701492537313433
3 0.7195 0.32238805970149254 0.01 0.03283582089552239
3 0.5365 0.28432835820895525 0.008 0.029104477611940297
3 0.5405 0.28059701492537314 0.006 0.03656716417910448
3 0.8585 0.517910447761194 0.0225 0.08134328358208955
2 0.856 0.5447761194029851 0.045 0.05522388059701493
2 0.7 0.49701492537313435 0.014 0.048507462686567165
2 0.614 0.505223880597015 0.016 0.050746268656716415
2 0.71 0.42014925373134326 0.0145 0.03134328358208955
2 0.7195 0.34328358208955223 0.0075 0.024626865671641792
2 0.757 0.3522388059701492 0.008 0.024626865671641792
2 0.6285 0.38656716417910447 0.012 0.03507462686567164
3 0.7575 0.3335820895522388 0.0105 0.03283582089552239
2 0.9815 0.5358208955223881 0.037 0.05970149253731343
2 0.966 0.5231343283582089 0.0295 0.05298507462686567
3 0.975 0.48507462686567165 0.0095 0.034328358208955224
3 0.9895 0.5246268656716417 0.0145 0.08134328358208955
3 0.9865 0.48507462686567165 0.0105 0.03880597014925373
2 0.5365 0.3029850746268657 0.0125 0.030597014925373135
4 0.5995 0.20671641791044776 0.023 0.05298507462686567