1 0.324 0.3619402985074627 0.0685 0.12164179104477611
1 0.3955 0.3798507462686567 0.0695 0.13059701492537312
1 0.068 0.3164179104477612 0.062 0.10223880597014925
3 0.707 0.9059701492537313 0.042 0.1880597014925373
3 0.666 0.917910447761194 0.05 0.16417910447761194
3 0.5245 0.8850746268656716 0.054 0.2298507462686567
3 0.392 0.8873134328358209 0.053 0.2253731343283582
3 0.1345 0.9186567164179105 0.0895 0.1619402985074627
3 0.161 0.8328358208955224 0.0515 0.16567164179104477
3 0.1205 0.7910447761194029 0.057 0.1917910447761194
3 0.0555 0.75 0.0665 0.2082089552238806
3 0.093 0.5559701492537313 0.0295 0.14925373134328357
3 0.207 0.6007462686567164 0.048 0.191044776119403
3 0.247 0.6425373134328358 0.041 0.13880597014925372
3 0.295 0.6253731343283582 0.0595 0.16716417910447762
3 0.337 0.7119402985074627 0.048 0.20522388059701493
3 0.4125 0.7291044776119403 0.0415 0.15597014925373134
3 0.4645 0.7544776119402985 0.0785 0.1537313432835821
3 0.529 0.6462686567164179 0.055 0.13208955223880597
3 0.6605 0.6746268656716418 0.038 0.18208955223880596
3 0.6285 0.6179104477611941 0.037 0.1537313432835821
3 0.505 0.4619402985074627 0.0385 0.0962686567164179
3 0.9635 0.7276119402985075 0.0415 0.17388059701492536
2 0.9655 0.7910447761194029 0.0685 0.15
2 0.769 0.7156716417910448 0.12 0.16044776119402984
2 0.664 0.9507462686567164 0.207 0.09850746268656717
2 0.517 0.9208955223880597 0.14 0.1582089552238806
2 0.378 0.9246268656716418 0.1755 0.15
2 0.905 0.567910447761194 0.056 0.09925373134328358
2 0.6505 0.7149253731343284 0.099 0.1582089552238806
2 0.5995 0.6753731343283582 0.051 0.10597014925373134
2 0.575 0.6328358208955224 0.0625 0.13582089552238805
2 0.3235 0.7529850746268657 0.1035 0.13134328358208955
2 0.126 0.9679104477611941 0.186 0.06417910447761194
2 0.169 0.9111940298507463 0.1675 0.11865671641791045
2 0.108 0.8395522388059702 0.167 0.17313432835820897
2 0.084 0.5888059701492537 0.124 0.1208955223880597