1 0.6575 0.7947761194029851 0.2775 0.4097014925373134
1 0.702 0.5522388059701493 0.2405 0.26417910447761195
1 0.962 0.6253731343283582 0.076 0.21343283582089553
1 0.975 0.3805970149253731 0.05 0.17313432835820897
1 0.8735 0.1761194029850746 0.0525 0.05895522388059701
3 0.852 0.755223880597015 0.046 0.1962686567164179
2 0.836 0.8059701492537313 0.115 0.19701492537313434
3 0.8485 0.6634328358208955 0.033 0.14925373134328357
1 0.2355 0.2380597014925373 0.1935 0.17238805970149254
0 0.6405 0.18059701492537314 0.239 0.21492537313432836
1 0.022 0.20223880597014926 0.044 0.1208955223880597
2 0.45 0.3858208955223881 0.0955 0.11044776119402985
2 0.5205 0.33507462686567163 0.082 0.09701492537313433
3 0.652 0.39925373134328357 0.0335 0.11641791044776119
3 0.5065 0.2917910447761194 0.0275 0.09477611940298507
3 0.36 0.2537313432835821 0.0245 0.0880597014925373
3 0.451 0.34776119402985073 0.0345 0.10746268656716418
3 0.331 0.30149253731343284 0.0345 0.11492537313432835
3 0.4025 0.23059701492537313 0.033 0.05298507462686567
3 0.01 0.332089552238806 0.02 0.08059701492537313
3 0.08 0.24253731343283583 0.028 0.06044776119402985