1 0.2945 0.8149253731343283 0.1965 0.34253731343283583
1 0.581 0.6895522388059702 0.2175 0.31716417910447764
1 0.202 0.38283582089552237 0.061 0.1
1 0.353 0.3537313432835821 0.082 0.09104477611940298
1 0.268 0.3238805970149254 0.0535 0.09328358208955224
2 0.4145 0.6649253731343283 0.029 0.08507462686567165
3 0.4175 0.5783582089552238 0.037 0.0873134328358209
2 0.8305 0.8537313432835821 0.031 0.16343283582089552
2 0.879 0.8746268656716418 0.0395 0.11417910447761194
2 0.7195 0.753731343283582 0.041 0.14402985074626865
2 0.776 0.6805970149253732 0.0375 0.1291044776119403
3 0.1375 0.8738805970149254 0.0595 0.12835820895522387
3 0.985 0.7962686567164179 0.03 0.10298507462686567
3 0.9465 0.7686567164179104 0.0295 0.09776119402985074
3 0.875 0.7701492537313432 0.0525 0.10820895522388059
3 0.8145 0.7514925373134328 0.044 0.0880597014925373
3 0.7595 0.6044776119402985 0.0355 0.08283582089552238
3 0.8465 0.6104477611940299 0.0355 0.08059701492537313
3 0.805 0.5544776119402985 0.027 0.07238805970149254