1 0.585 0.5619402985074626 0.1275 0.21940298507462686
1 0.766 0.4708955223880597 0.092 0.16567164179104477
1 0.695 0.3723880597014925 0.061 0.0962686567164179
1 0.5975 0.3716417910447761 0.0995 0.08880597014925373
1 0.468 0.37089552238805973 0.112 0.09328358208955224
1 0.188 0.3925373134328358 0.094 0.09328358208955224
1 0.0605 0.41194029850746267 0.106 0.1044776119402985
1 0.273 0.341044776119403 0.089 0.08283582089552238
1 0.76 0.31716417910447764 0.0435 0.08432835820895522
1 0.658 0.33955223880597013 0.0425 0.07686567164179105
0 0.4655 0.31492537313432833 0.293 0.1843283582089552
0 0.309 0.24402985074626865 0.1165 0.09477611940298507
0 0.3705 0.26791044776119405 0.114 0.11343283582089553
0 0.5285 0.20223880597014926 0.058 0.06940298507462686
2 0.1775 0.5328358208955224 0.0855 0.09477611940298507
2 0.295 0.4343283582089552 0.0675 0.0708955223880597
2 0.407 0.41044776119402987 0.0545 0.06417910447761194
2 0.8905 0.42835820895522386 0.023 0.06567164179104477
2 0.9445 0.42388059701492536 0.0255 0.056716417910447764
3 0.8895 0.3917910447761194 0.0195 0.041791044776119404
3 0.9465 0.3977611940298508 0.023 0.0626865671641791
3 0.1735 0.5067164179104477 0.0415 0.11194029850746269
3 0.303 0.41865671641791047 0.0295 0.11044776119402985
3 0.414 0.4014925373134328 0.032 0.0962686567164179
1 0.6725 0.3119402985074627 0.041 0.0626865671641791
1 0.8085 0.3641791044776119 0.0195 0.03656716417910448
1 0.3515 0.3798507462686567 0.022 0.04626865671641791
1 0.332 0.3925373134328358 0.019 0.07238805970149254
2 0.352 0.42014925373134326 0.0385 0.05522388059701493