1 0.736 0.7895522388059701 0.266 0.3895522388059702
3 0.9545 0.7082089552238806 0.0585 0.17388059701492536
2 0.9575 0.7962686567164179 0.085 0.24776119402985075
3 0.197 0.6380597014925373 0.0385 0.20671641791044776
3 0.5535 0.8537313432835821 0.0675 0.22014925373134328
3 0.4465 0.6865671641791045 0.0545 0.18880597014925374
3 0.35 0.5082089552238805 0.0275 0.14626865671641792
3 0.0445 0.5917910447761194 0.0375 0.1455223880597015
2 0.2015 0.6828358208955224 0.124 0.18208955223880596
2 0.523 0.6313432835820896 0.0435 0.12611940298507462
2 0.9625 0.5597014925373134 0.052 0.09776119402985074
2 0.557 0.9044776119402985 0.1355 0.191044776119403