0 0.3015 0.5238805970149254 0.1955 0.2708955223880597
1 0.5015 0.5447761194029851 0.103 0.1537313432835821
1 0.5655 0.7261194029850746 0.133 0.23059701492537313
1 0.156 0.567910447761194 0.127 0.18507462686567164
1 0.699 0.3253731343283582 0.048 0.0708955223880597
1 0.26 0.8940298507462686 0.216 0.21194029850746268
1 0.6425 0.3111940298507463 0.0485 0.07686567164179105
3 0.656 0.7917910447761194 0.045 0.16044776119402984
3 0.7205 0.7805970149253731 0.0375 0.13880597014925372
2 0.6535 0.8440298507462687 0.032 0.07537313432835821
2 0.7185 0.808955223880597 0.037 0.06716417910447761