1 0.4835 0.4955223880597015 0.0985 0.16940298507462687
1 0.4245 0.3373134328358209 0.0725 0.08582089552238806
1 0.775 0.373134328358209 0.1015 0.09029850746268657
1 0.39 0.27686567164179104 0.031 0.056716417910447764
3 0.097 0.6686567164179105 0.042 0.1761194029850746
3 0.2245 0.6753731343283582 0.0365 0.1373134328358209
3 0.219 0.6343283582089553 0.042 0.1126865671641791
3 0.331 0.6529850746268657 0.053 0.12761194029850748
3 0.432 0.8768656716417911 0.0545 0.1708955223880597
3 0.4235 0.8455223880597015 0.0545 0.17238805970149254
3 0.278 0.5044776119402985 0.031 0.08059701492537313
3 0.198 0.45298507462686566 0.026 0.06940298507462686
3 0.224 0.38656716417910447 0.026 0.05970149253731343
3 0.316 0.3850746268656716 0.0275 0.058208955223880594
3 0.099 0.3850746268656716 0.025 0.04328358208955224
3 0.0435 0.44477611940298506 0.026 0.06417910447761194
3 0.5515 0.3664179104477612 0.0205 0.058208955223880594
3 0.6145 0.36343283582089553 0.026 0.05970149253731343
3 0.5845 0.3 0.017 0.03582089552238806
3 0.533 0.30074626865671644 0.0235 0.03731343283582089
2 0.558 0.3888059701492537 0.0475 0.05298507462686567
2 0.625 0.3850746268656716 0.0545 0.04477611940298507
2 0.4295 0.932089552238806 0.081 0.13582089552238805
2 0.333 0.7149253731343284 0.047 0.14477611940298507
2 0.221 0.7164179104477612 0.067 0.14701492537313432
2 0.1975 0.48880597014925375 0.0205 0.07462686567164178
2 0.276 0.5604477611940298 0.0455 0.10970149253731343
2 0.3195 0.42014925373134326 0.0235 0.0626865671641791
2 0.226 0.4253731343283582 0.0305 0.05522388059701493
2 0.1025 0.42014925373134326 0.029 0.0626865671641791
2 0.042 0.47686567164179106 0.0375 0.056716417910447764
2 0.231 0.3373134328358209 0.018 0.030597014925373135
2 0.364 0.332089552238806 0.0205 0.041791044776119404
2 0.6925 0.3208955223880597 0.035 0.025373134328358207
2 0.7275 0.33134328358208953 0.039 0.026119402985074626