1 0.2635 0.5552238805970149 0.1135 0.2582089552238806
3 0.6485 0.8947761194029851 0.059 0.20970149253731343
3 0.4925 0.9559701492537314 0.067 0.0873134328358209
3 0.4785 0.47761194029850745 0.036 0.12462686567164179
3 0.3775 0.41492537313432837 0.046 0.12313432835820895
2 0.48 0.5171641791044777 0.0395 0.11194029850746269
2 0.649 0.9194029850746268 0.074 0.16119402985074627
2 0.375 0.4462686567164179 0.0305 0.0955223880597015
1 0.315 0.2828358208955224 0.058 0.11044776119402985
1 0.2305 0.26865671641791045 0.0545 0.1044776119402985
3 0.6395 0.3641791044776119 0.029 0.13208955223880597