1 0.478 0.8746268656716418 0.3595 0.25
2 0.708 0.6761194029850747 0.1355 0.10223880597014925
2 0.785 0.8388059701492537 0.1495 0.10895522388059702
2 0.556 0.7074626865671642 0.1275 0.10597014925373134
3 0.4265 0.6925373134328359 0.077 0.15746268656716417
2 0.961 0.7701492537313432 0.078 0.10149253731343283
2 0.4145 0.7365671641791045 0.1275 0.08656716417910448
3 0.788 0.7888059701492537 0.071 0.15149253731343285
2 0.0795 0.6462686567164179 0.119 0.1328358208955224
3 0.712 0.6320895522388059 0.0625 0.14328358208955225
2 0.131 0.47686567164179106 0.067 0.09253731343283582
3 0.072 0.6350746268656716 0.0725 0.1962686567164179
3 0.3885 0.5716417910447761 0.068 0.20149253731343283
3 0.6275 0.5522388059701493 0.054 0.1828358208955224
3 0.8045 0.7902985074626866 0.0395 0.25
2 0.372 0.5962686567164179 0.183 0.13507462686567165