1 0.85 0.8902985074626866 0.3 0.21641791044776118
1 0.487 0.11567164179104478 0.091 0.11417910447761194
3 0.9865 0.5388059701492537 0.0265 0.13134328358208955
3 0.982 0.664179104477612 0.0355 0.20597014925373133
3 0.9285 0.5022388059701492 0.044 0.14850746268656717
3 0.8755 0.6298507462686567 0.037 0.1925373134328358
3 0.793 0.5888059701492537 0.0665 0.1798507462686567
3 0.693 0.5514925373134328 0.0345 0.18582089552238806
3 0.611 0.7022388059701492 0.054 0.21044776119402986
3 0.3555 0.6634328358208955 0.057 0.20970149253731343
3 0.2615 0.6059701492537314 0.0495 0.19402985074626866
3 0.301 0.7955223880597015 0.0695 0.1664179104477612
3 0.2135 0.9186567164179105 0.0635 0.1626865671641791
3 0.065 0.6037313432835821 0.03 0.18059701492537314
3 0.014 0.758955223880597 0.028 0.20149253731343283
3 0.1975 0.4798507462686567 0.0615 0.24402985074626865
3 0.445 0.29850746268656714 0.039 0.17313432835820897
2 0.212 0.4634328358208955 0.123 0.14029850746268657
2 0.381 0.6783582089552239 0.147 0.16343283582089552
2 0.2795 0.6395522388059701 0.139 0.10074626865671642
2 0.0725 0.6223880597014926 0.145 0.11791044776119403
2 0.0565 0.75 0.113 0.11119402985074626
2 0.0415 0.4761194029850746 0.08 0.16119402985074627
2 0.3305 0.8731343283582089 0.1155 0.15597014925373134
2 0.6265 0.7164179104477612 0.1395 0.1537313432835821
2 0.694 0.5574626865671641 0.1115 0.1328358208955224
2 0.7945 0.5843283582089552 0.1175 0.14626865671641792
2 0.877 0.6432835820895523 0.108 0.1291044776119403
2 0.984 0.4388059701492537 0.0005 0.0014925373134328358