1 0.599 0.4305970149253731 0.13 0.22388059701492538
1 0.506 0.11417910447761194 0.071 0.10298507462686567
1 0.6155 0.14328358208955225 0.072 0.1582089552238806
3 0.1745 0.2873134328358209 0.0735 0.07164179104477612
3 0.456 0.5402985074626866 0.049 0.13805970149253732
2 0.458 0.5791044776119403 0.0815 0.14029850746268657
2 0.3055 0.4507462686567164 0.067 0.11417910447761194
3 0.432 0.5626865671641791 0.0425 0.12238805970149254
1 0.124 0.8925373134328358 0.248 0.21194029850746268
3 0.301 0.4007462686567164 0.03 0.1328358208955224
3 0.3155 0.3776119402985075 0.0255 0.11194029850746269
2 0.5965 0.2619402985074627 0.0295 0.09029850746268657
3 0.594 0.2335820895522388 0.0235 0.0873134328358209
2 0.946 0.4835820895522388 0.0635 0.15074626865671642
2 0.783 0.2671641791044776 0.0315 0.10149253731343283
2 0.778 0.19328358208955224 0.029 0.0708955223880597