2 0.4295 0.5455223880597015 0.066 0.0873134328358209
2 0.0245 0.6074626865671642 0.049 0.09253731343283582
3 0.008 0.5656716417910448 0.016 0.11343283582089553
3 0.4265 0.5134328358208955 0.031 0.09925373134328358
1 0.735 0.2753731343283582 0.044 0.07985074626865672
1 0.5025 0.2791044776119403 0.042 0.09029850746268657
1 0.549 0.29328358208955224 0.041 0.10597014925373134
1 0.5905 0.25671641791044775 0.047 0.07686567164179105
0 0.553 0.19776119402985073 0.073 0.0962686567164179
1 0.6205 0.2335820895522388 0.026 0.05373134328358209
1 0.639 0.21343283582089553 0.047 0.05970149253731343
1 0.648 0.1880597014925373 0.0325 0.05522388059701493
1 0.668 0.13805970149253732 0.023 0.056716417910447764
2 0.416 0.3029850746268657 0.0205 0.04253731343283582
2 0.446 0.2992537313432836 0.0205 0.04477611940298507
2 0.4615 0.30671641791044774 0.0205 0.03805970149253731
3 0.4175 0.2753731343283582 0.0145 0.033582089552238806
3 0.4465 0.26417910447761195 0.02 0.03208955223880597
3 0.4635 0.2753731343283582 0.0155 0.024626865671641792