0 0.4875 0.6373134328358209 0.545 0.7253731343283583
1 0.154 0.38731343283582087 0.1155 0.13880597014925372
1 0.217 0.2962686567164179 0.097 0.1291044776119403
1 0.4075 0.31492537313432833 0.065 0.09850746268656717
1 0.5615 0.40223880597014927 0.1345 0.15970149253731344
1 0.635 0.29253731343283584 0.0625 0.10970149253731343
2 0.1545 0.7686567164179104 0.06 0.15970149253731344
2 0.152 0.9164179104477612 0.071 0.1664179104477612
2 0.1775 0.5373134328358209 0.064 0.10820895522388059
2 0.0225 0.3328358208955224 0.0305 0.0873134328358209
2 0.04 0.30074626865671644 0.029 0.0791044776119403
2 0.843 0.6194029850746269 0.086 0.14701492537313432
3 0.856 0.5485074626865671 0.036 0.13059701492537312
3 0.2875 0.9417910447761194 0.069 0.11641791044776119
3 0.1645 0.46417910447761196 0.057 0.09701492537313433
3 0.788 0.4619402985074627 0.035 0.09850746268656717
3 0.692 0.5097014925373134 0.039 0.08358208955223881
3 0.6755 0.34626865671641793 0.0275 0.07611940298507462