1 0.5515 0.6268656716417911 0.1085 0.17388059701492536
1 0.4685 0.31791044776119404 0.05 0.08358208955223881
1 0.5065 0.2544776119402985 0.045 0.06940298507462686
2 0.8705 0.8261194029850746 0.047 0.14477611940298507
2 0.7435 0.6865671641791045 0.0405 0.12238805970149254
2 0.236 0.6253731343283582 0.031 0.1044776119402985
2 0.1365 0.6104477611940299 0.0325 0.10820895522388059
2 0.238 0.40298507462686567 0.027 0.07238805970149254
3 0.2445 0.5597014925373134 0.0335 0.06417910447761194
3 0.146 0.5440298507462686 0.0335 0.06343283582089553
3 0.8755 0.7664179104477612 0.036 0.09029850746268657
3 0.749 0.6477611940298508 0.0385 0.0708955223880597
3 0.2405 0.36268656716417913 0.0225 0.04626865671641791