2 0.674 0.7701492537313432 0.0525 0.1328358208955224
2 0.708 0.9276119402985075 0.0615 0.14477611940298507
2 0.799 0.9761194029850746 0.07 0.04776119402985075
2 0.9895 0.6425373134328358 0.021 0.10746268656716418
2 0.8205 0.4335820895522388 0.0255 0.05522388059701493
2 0.7435 0.408955223880597 0.0295 0.05149253731343283
2 0.4575 0.3895522388059702 0.0575 0.04402985074626865
2 0.523 0.3597014925373134 0.0525 0.03955223880597015
2 0.627 0.3440298507462687 0.028 0.03208955223880597
2 0.941 0.4455223880597015 0.024 0.056716417910447764
2 0.986 0.5014925373134328 0.0275 0.07686567164179105
2 0.9175 0.4097014925373134 0.026 0.05223880597014925
2 0.377 0.3701492537313433 0.041 0.03955223880597015
2 0.7835 0.37910447761194027 0.0205 0.041044776119402986
3 0.677 0.6843283582089552 0.041 0.11119402985074626
3 0.7225 0.826865671641791 0.0665 0.12388059701492538
3 0.7975 0.9216417910447762 0.063 0.11567164179104478
3 0.9935 0.576865671641791 0.013 0.07462686567164178
3 0.832 0.3701492537313433 0.023 0.048507462686567165
3 0.9405 0.408955223880597 0.023 0.0626865671641791
3 0.7835 0.34701492537313433 0.0205 0.041044776119402986
3 0.744 0.373134328358209 0.022 0.04253731343283582
3 0.822 0.39477611940298507 0.0255 0.04552238805970149
3 0.608 0.30074626865671644 0.017 0.041044776119402986
3 0.33 0.35074626865671643 0.024 0.05373134328358209
3 0.379 0.3417910447761194 0.022 0.056716417910447764
3 0.463 0.35895522388059703 0.018 0.05223880597014925
3 0.53 0.332089552238806 0.027 0.056716417910447764
3 0.9195 0.36716417910447763 0.024 0.05373134328358209
1 0.542 0.29776119402985074 0.09 0.07611940298507462
1 0.3315 0.3417910447761194 0.0995 0.07313432835820896
1 0.035 0.3283582089552239 0.0695 0.09104477611940298
1 0.6965 0.23283582089552238 0.027 0.03955223880597015
1 0.748 0.22388059701492538 0.0305 0.04552238805970149