0 0.7055 0.5074626865671642 0.164 0.3126865671641791
1 0.3215 0.28059701492537314 0.04 0.06940298507462686
1 0.3715 0.2783582089552239 0.0365 0.0708955223880597
2 0.1445 0.8238805970149253 0.0405 0.1253731343283582
2 0.26 0.5917910447761194 0.0235 0.08358208955223881
2 0.235 0.5335820895522388 0.026 0.07761194029850746
2 0.308 0.5455223880597015 0.0195 0.07761194029850746
2 0.26 0.4373134328358209 0.018 0.06119402985074627
2 0.294 0.4634328358208955 0.0225 0.0626865671641791
2 0.022 0.8291044776119403 0.044 0.15074626865671642
2 0.0645 0.5791044776119403 0.0305 0.09179104477611941
2 0.2125 0.5067164179104477 0.0205 0.08059701492537313
3 0.156 0.758955223880597 0.039 0.16492537313432837
3 0.067 0.5253731343283582 0.021 0.07238805970149254
3 0.0845 0.594776119402985 0.028 0.09477611940298507
3 0.214 0.46492537313432836 0.0235 0.0626865671641791
3 0.016 0.7977611940298508 0.029 0.16791044776119404
3 0.31 0.505223880597015 0.026 0.08880597014925373
3 0.2625 0.5485074626865671 0.0265 0.08880597014925373
3 0.2375 0.503731343283582 0.022 0.0873134328358209
3 0.2955 0.4261194029850746 0.024 0.06417910447761194
3 0.261 0.40223880597014927 0.0235 0.04552238805970149
3 0.2115 0.41194029850746267 0.0235 0.04552238805970149
3 0.99 0.8492537313432836 0.0195 0.17388059701492536