0 0.5155 0.33059701492537313 0.273 0.15
1 0.456 0.5305970149253731 0.1215 0.13955223880597015
1 0.513 0.39104477611940297 0.099 0.08208955223880597
1 0.3905 0.3805970149253731 0.094 0.07761194029850746
1 0.871 0.4014925373134328 0.0995 0.08955223880597014
1 0.333 0.42014925373134326 0.0645 0.08432835820895522
1 0.7125 0.3529850746268657 0.087 0.0626865671641791
0 0.4425 0.22388059701492538 0.051 0.06119402985074627
1 0.201 0.3895522388059702 0.056 0.0873134328358209
2 0.7925 0.5440298507462686 0.08 0.07014925373134329
2 0.032 0.5694029850746268 0.028 0.07835820895522388
1 0.3055 0.35 0.0535 0.07313432835820896
1 0.27 0.3208955223880597 0.045 0.05298507462686567
1 0.255 0.4014925373134328 0.0525 0.08507462686567165
1 0.794 0.408955223880597 0.0955 0.08507462686567165
2 0.187 0.505223880597015 0.029 0.06716417910447761
0 0.237 0.2544776119402985 0.0405 0.09850746268656717