3 0.2305 0.6440298507462686 0.0475 0.11194029850746269
3 0.6245 0.5708955223880597 0.0495 0.09179104477611941
3 0.8545 0.23208955223880598 0.0245 0.05522388059701493
3 0.348 0.27761194029850744 0.0145 0.09402985074626866
3 0.5725 0.2417910447761194 0.0065 0.06865671641791045
3 0.584 0.2462686567164179 0.0115 0.07238805970149254
3 0.177 0.2 0.0205 0.056716417910447764
2 0.1795 0.24253731343283583 0.0375 0.05298507462686567
2 0.577 0.26417910447761195 0.048 0.050746268656716415
2 0.2355 0.7753731343283582 0.059 0.16716417910447762
2 0.621 0.6753731343283582 0.059 0.14925373134328357
2 0.8495 0.27313432835820894 0.027 0.0626865671641791
2 0.7135 0.20149253731343283 0.028 0.05
3 0.682 0.14850746268656717 0.0145 0.06343283582089553
3 0.715 0.17761194029850746 0.0105 0.049253731343283584
3 0.971 0.24925373134328357 0.013 0.0880597014925373
1 0.642 0.27313432835820894 0.0955 0.1828358208955224