1 0.166 0.22835820895522388 0.11 0.11044776119402985
1 0.7745 0.25149253731343285 0.047 0.0708955223880597
2 0.7575 0.5335820895522388 0.048 0.08432835820895522
2 0.2455 0.5985074626865672 0.05 0.11343283582089553
1 0.448 0.2738805970149254 0.123 0.12686567164179105
1 0.917 0.4164179104477612 0.0495 0.09402985074626866
3 0.546 0.8253731343283582 0.0585 0.14029850746268657
3 0.2315 0.5007462686567165 0.046 0.10373134328358209
3 0.1335 0.6970149253731344 0.0425 0.1
3 0.0585 0.6134328358208955 0.0395 0.15522388059701492
3 0.024 0.7716417910447761 0.037 0.10149253731343283
3 0.135 0.5619402985074626 0.036 0.10597014925373134
3 0.1285 0.39477611940298507 0.0235 0.09253731343283582
3 0.037 0.3537313432835821 0.03 0.08582089552238806
3 0.1015 0.20373134328358208 0.0165 0.055970149253731345
3 0.058 0.2902985074626866 0.0185 0.03731343283582089
3 0.2115 0.3 0.031 0.09179104477611941
3 0.6595 0.5305970149253731 0.0305 0.10298507462686567
3 0.44 0.4208955223880597 0.0195 0.0708955223880597
3 0.652 0.32686567164179103 0.0145 0.08059701492537313
3 0.748 0.44029850746268656 0.0185 0.055970149253731345
3 0.899 0.567910447761194 0.0285 0.10895522388059702
3 0.963 0.5746268656716418 0.029 0.10223880597014925
3 0.5165 0.4462686567164179 0.0275 0.0873134328358209
1 0.7275 0.20223880597014926 0.051 0.07388059701492537
1 0.157 0.3529850746268657 0.109 0.14477611940298507
1 0.032 0.1880597014925373 0.0565 0.0708955223880597
2 0.525 0.5074626865671642 0.08 0.12985074626865672
2 0.1355 0.8171641791044776 0.039 0.16044776119402984
2 0.5615 0.9380597014925374 0.05 0.11865671641791045
2 0.664 0.6201492537313433 0.0345 0.11791044776119403
2 0.902 0.6649253731343283 0.081 0.1947761194029851
2 0.963 0.6537313432835821 0.074 0.23880597014925373
2 0.3385 0.3574626865671642 0.0345 0.05223880597014925
2 0.048 0.3888059701492537 0.0345 0.0880597014925373
2 0.078 0.367910447761194 0.0225 0.05970149253731343
2 0.596 0.5097014925373134 0.028 0.10671641791044777