1 0.4725 0.4373134328358209 0.0935 0.11716417910447761
0 0.3365 0.42014925373134326 0.1695 0.3559701492537313
1 0.7875 0.3597014925373134 0.0975 0.09701492537313433
1 0.513 0.3761194029850746 0.0825 0.10149253731343283
1 0.7165 0.3 0.064 0.057462686567164176
1 0.4495 0.2738805970149254 0.074 0.050746268656716415
1 0.632 0.26044776119402985 0.0555 0.04552238805970149
1 0.49 0.23582089552238805 0.042 0.03955223880597015
1 0.682 0.26119402985074625 0.067 0.06194029850746269
0 0.744 0.8746268656716418 0.4415 0.25
2 0.0895 0.5537313432835821 0.0635 0.0880597014925373
1 0.8695 0.3582089552238806 0.0595 0.06865671641791045
1 0.918 0.32985074626865674 0.082 0.0791044776119403
1 0.5725 0.26119402985074625 0.057 0.07014925373134329
1 0.53 0.2253731343283582 0.0355 0.04776119402985075
1 0.405 0.29701492537313434 0.0495 0.0873134328358209
1 0.7345 0.2716417910447761 0.057 0.06343283582089553
1 0.443 0.21641791044776118 0.038 0.041044776119402986
2 0.5825 0.3597014925373134 0.0535 0.057462686567164176
2 0.6195 0.34328358208955223 0.0455 0.04626865671641791
2 0.013 0.5059701492537313 0.026 0.1044776119402985
1 0.799 0.582089552238806 0.204 0.1619402985074627
1 0.8605 0.7970149253731343 0.2785 0.4052238805970149
3 0.0125 0.47238805970149256 0.0245 0.09477611940298507
3 0.082 0.5216417910447761 0.0445 0.12686567164179105
3 0.07 0.5171641791044777 0.0205 0.09701492537313433