1 0.4315 0.40373134328358207 0.071 0.0955223880597015
1 0.4105 0.33507462686567163 0.04 0.06492537313432836
1 0.306 0.2716417910447761 0.0265 0.04552238805970149
1 0.342 0.2574626865671642 0.0295 0.03731343283582089
1 0.264 0.26044776119402985 0.0265 0.048507462686567165
1 0.39 0.29701492537313434 0.0295 0.05
0 0.464 0.21940298507462686 0.0345 0.04477611940298507
2 0.1425 0.6104477611940299 0.035 0.0955223880597015
2 0.297 0.3611940298507463 0.0265 0.03582089552238806
2 0.243 0.3649253731343284 0.0345 0.03582089552238806
2 0.207 0.35522388059701493 0.014 0.03208955223880597
2 0.1375 0.38731343283582087 0.017 0.04477611940298507
2 0.176 0.3567164179104478 0.017 0.03582089552238806
2 0.1135 0.3656716417910448 0.017 0.029104477611940297
2 0.4625 0.33805970149253733 0.0265 0.03507462686567164
2 0.0225 0.7216417910447761 0.045 0.09402985074626866
2 0.685 0.32686567164179103 0.04 0.023880597014925373
2 0.6485 0.32313432835820893 0.0405 0.026119402985074626
2 0.744 0.33955223880597013 0.0265 0.020895522388059702
2 0.066 0.3686567164179104 0.0115 0.03208955223880597
3 0.1385 0.558955223880597 0.0295 0.0626865671641791
3 0.013 0.6813432835820895 0.0225 0.1044776119402985
3 0.0255 0.65 0.032 0.09701492537313433
3 0.29 0.3328358208955224 0.0195 0.048507462686567165
3 0.2425 0.33134328358208953 0.024 0.04552238805970149
3 0.2055 0.332089552238806 0.019 0.04477611940298507
3 0.178 0.33059701492537313 0.017 0.033582089552238806
3 0.1405 0.3559701492537313 0.0205 0.029104477611940297
3 0.4655 0.31417910447761194 0.019 0.03582089552238806
3 0.6495 0.2962686567164179 0.0135 0.04029850746268657
3 0.682 0.30597014925373134 0.0155 0.03731343283582089
3 0.7385 0.3194029850746269 0.014 0.03582089552238806
3 0.7795 0.3156716417910448 0.015 0.04328358208955224
3 0.0865 0.44328358208955226 0.0295 0.06119402985074627
3 0.066 0.34328358208955223 0.0115 0.03582089552238806