1 0.8485 0.7582089552238805 0.2005 0.2462686567164179
1 0.717 0.4873134328358209 0.113 0.13208955223880597
1 0.6545 0.5992537313432836 0.1325 0.2291044776119403
1 0.5895 0.46492537313432836 0.116 0.15970149253731344
1 0.4365 0.6925373134328359 0.1005 0.23208955223880598
1 0.48 0.3753731343283582 0.0585 0.07761194029850746
1 0.791 0.28507462686567164 0.0775 0.05895522388059701
1 0.339 0.46940298507462686 0.074 0.14253731343283582
1 0.3225 0.3582089552238806 0.0465 0.08880597014925373
1 0.3755 0.28432835820895525 0.05 0.06716417910447761
1 0.3345 0.24776119402985075 0.0425 0.09104477611940298
1 0.27 0.2947761194029851 0.0425 0.07388059701492537
1 0.295 0.22164179104477613 0.0185 0.03955223880597015