1 0.5775 0.8544776119402985 0.215 0.291044776119403
1 0.221 0.8529850746268657 0.286 0.29402985074626864
1 0.5565 0.5156716417910447 0.129 0.19029850746268656
1 0.831 0.4082089552238806 0.075 0.11940298507462686
1 0.689 0.35149253731343283 0.086 0.15522388059701492
2 0.3055 0.6343283582089553 0.064 0.1208955223880597
2 0.3595 0.5455223880597015 0.047 0.1
2 0.4125 0.49850746268656715 0.042 0.09701492537313433
2 0.4915 0.49328358208955225 0.0405 0.09179104477611941
2 0.766 0.8052238805970149 0.076 0.1791044776119403
2 0.771 0.6828358208955224 0.0735 0.1373134328358209
4 0.899 0.9 0.1845 0.2
3 0.2995 0.5970149253731343 0.0335 0.13582089552238805
3 0.318 0.5828358208955224 0.028 0.13507462686567165
3 0.363 0.5171641791044777 0.0275 0.10970149253731343
3 0.3725 0.505223880597015 0.021 0.11641791044776119
3 0.417 0.46044776119402986 0.0305 0.10970149253731343
3 0.7725 0.7611940298507462 0.0525 0.21417910447761193
3 0.771 0.6268656716417911 0.044 0.15149253731343285
3 0.926 0.7037313432835821 0.0475 0.18507462686567164
3 0.7805 0.6179104477611941 0.0265 0.0664179104477612
3 0.8465 0.49477611940298505 0.0365 0.10820895522388059
3 0.8945 0.5238805970149254 0.031 0.1
3 0.97 0.65 0.035 0.11641791044776119
3 0.897 0.5813432835820895 0.039 0.1126865671641791
3 0.041 0.7253731343283583 0.043 0.15522388059701492
3 0.9135 0.823134328358209 0.0705 0.12388059701492538
3 0.968 0.5447761194029851 0.0375 0.1
3 0.0945 0.7656716417910447 0.0515 0.1373134328358209
2 0.1245 0.8544776119402985 0.146 0.16119402985074627
2 0.041 0.7768656716417911 0.0775 0.1708955223880597