1 0.9265 0.9171641791044776 0.147 0.16567164179104477
1 0.4805 0.6395522388059701 0.0985 0.2208955223880597
1 0.529 0.39552238805970147 0.077 0.15746268656716417
1 0.574 0.27611940298507465 0.0365 0.10671641791044777
1 0.5775 0.2007462686567164 0.0295 0.06492537313432836
1 0.5415 0.22238805970149253 0.0285 0.06194029850746269
1 0.4325 0.48507462686567165 0.1025 0.1708955223880597
1 0.1885 0.8992537313432836 0.256 0.2007462686567164
2 0.2285 0.755223880597015 0.063 0.16119402985074627
3 0.221 0.7141791044776119 0.043 0.15671641791044777
2 0.9525 0.7268656716417911 0.055 0.13507462686567165
3 0.9425 0.6664179104477612 0.035 0.15970149253731344
3 0.85 0.4335820895522388 0.0215 0.1