0 0.693 0.4955223880597015 0.1425 0.4007462686567164
2 0.943 0.5567164179104478 0.0405 0.09925373134328358
1 0.2395 0.8947761194029851 0.219 0.20970149253731343
1 0.7055 0.8850746268656716 0.153 0.2298507462686567
1 0.9345 0.9104477611940298 0.131 0.1791044776119403
1 0.8655 0.6611940298507463 0.1465 0.2746268656716418
2 0.951 0.6962686567164179 0.0455 0.11641791044776119
2 0.87 0.43283582089552236 0.022 0.07761194029850746
3 0.939 0.5320895522388059 0.024 0.11044776119402985
3 0.947 0.6470149253731343 0.0365 0.10522388059701493
3 0.866 0.3962686567164179 0.022 0.06940298507462686
1 0.6435 0.1746268656716418 0.024 0.05223880597014925
2 0.0245 0.9171641791044776 0.049 0.16492537313432837
3 0.008 0.8880597014925373 0.016 0.12014925373134329
3 0.02 0.8858208955223881 0.04 0.15298507462686567
2 0.399 0.4761194029850746 0.017 0.055970149253731345
2 0.371 0.4664179104477612 0.0205 0.06194029850746269
3 0.3965 0.4470149253731343 0.0145 0.06194029850746269
3 0.37 0.4462686567164179 0.0185 0.0708955223880597
3 0.1275 0.5313432835820896 0.0195 0.09776119402985074
3 0.2605 0.5022388059701492 0.0125 0.0791044776119403
3 0.2675 0.48955223880597015 0.013 0.07686567164179105
2 0.793 0.3716417910447761 0.0155 0.057462686567164176
3 0.793 0.3455223880597015 0.014 0.05298507462686567
2 0.7915 0.32313432835820893 0.0225 0.04701492537313433
3 0.79 0.2992537313432836 0.0145 0.03880597014925373
2 0.521 0.3328358208955224 0.0135 0.04701492537313433
3 0.5185 0.31865671641791044 0.007 0.04253731343283582