2 0.666 0.8029850746268656 0.07 0.15447761194029852
2 0.414 0.6746268656716418 0.0785 0.13805970149253732
2 0.5065 0.5328358208955224 0.059 0.09701492537313433
2 0.278 0.9186567164179105 0.108 0.1626865671641791
2 0.307 0.6798507462686567 0.064 0.1455223880597015
2 0.666 0.42761194029850746 0.0445 0.09850746268656717
2 0.548 0.458955223880597 0.0615 0.07313432835820896
2 0.0595 0.5335820895522388 0.0835 0.10149253731343283
1 0.404 0.3970149253731343 0.095 0.18358208955223881
1 0.302 0.2873134328358209 0.0785 0.14253731343283582
0 0.4735 0.2373134328358209 0.1545 0.22761194029850745
0 0.9495 0.2574626865671642 0.101 0.2380597014925373
2 0.742 0.3940298507462687 0.048 0.07761194029850746
2 0.848 0.8694029850746269 0.069 0.18059701492537314
3 0.9125 0.7328358208955223 0.046 0.21119402985074626
3 0.9455 0.7253731343283583 0.0455 0.1455223880597015
3 0.6835 0.6716417910447762 0.066 0.12014925373134329
3 0.6695 0.9552238805970149 0.063 0.08955223880597014
3 0.6635 0.9805970149253731 0.1025 0.03880597014925373
3 0.2835 0.8253731343283582 0.0545 0.18059701492537314
3 0.3075 0.6074626865671642 0.0485 0.1335820895522388
3 0.4385 0.5343283582089552 0.0325 0.09104477611940298
3 0.4275 0.6074626865671642 0.034 0.13955223880597015
3 0.5055 0.47761194029850745 0.023 0.12014925373134329
3 0.059 0.4634328358208955 0.0265 0.11865671641791045
3 0.038 0.47686567164179106 0.028 0.12164179104477611
3 0.563 0.3111940298507463 0.047 0.07761194029850746
3 0.6255 0.28955223880597014 0.0315 0.06492537313432836
3 0.739 0.3402985074626866 0.0325 0.05149253731343283
3 0.6715 0.3888059701492537 0.0315 0.07611940298507462
1 0.079 0.1761194029850746 0.0455 0.07761194029850746