1 0.41 0.6574626865671642 0.2225 0.28507462686567164
1 0.6615 0.2298507462686567 0.075 0.09029850746268657
1 0.742 0.20149253731343283 0.057 0.07238805970149254
1 0.8135 0.22014925373134328 0.057 0.06492537313432836
1 0.9755 0.7544776119402985 0.049 0.20671641791044776
2 0.2525 0.8485074626865672 0.0695 0.22238805970149253
2 0.1385 0.8223880597014925 0.0615 0.1947761194029851
2 0.219 0.6298507462686567 0.0525 0.1044776119402985
2 0.132 0.6738805970149254 0.058 0.11119402985074626
2 0.3115 0.7597014925373134 0.067 0.1664179104477612
2 0.8385 0.7126865671641791 0.099 0.2082089552238806
2 0.7035 0.5559701492537313 0.0615 0.1373134328358209
0 0.3755 0.3335820895522388 0.2585 0.28059701492537314
3 0.124 0.5888059701492537 0.05 0.10820895522388059
3 0.2475 0.7559701492537313 0.06 0.15970149253731344
3 0.31 0.6947761194029851 0.067 0.15671641791044777
3 0.297 0.6470149253731343 0.05 0.11641791044776119
3 0.858 0.6716417910447762 0.069 0.1626865671641791
3 0.7085 0.491044776119403 0.05 0.1044776119402985
3 0.219 0.367910447761194 0.032 0.07761194029850746
3 0.9165 0.408955223880597 0.047 0.1044776119402985
2 0.9165 0.45223880597014926 0.058 0.12611940298507462
1 0.831 0.32686567164179103 0.0985 0.14029850746268657