3 0.3175 0.3522388059701492 0.024 0.05447761194029851
3 0.485 0.38283582089552237 0.0195 0.07388059701492537
3 0.399 0.3649253731343284 0.0275 0.07238805970149254
3 0.34 0.3373134328358209 0.022 0.06940298507462686
3 0.631 0.44477611940298506 0.029 0.1
3 0.826 0.49029850746268655 0.018 0.09179104477611941
3 0.875 0.5328358208955224 0.044 0.10970149253731343
3 0.206 0.30522388059701494 0.014 0.041791044776119404
2 0.632 0.4746268656716418 0.0655 0.06940298507462686
2 0.4925 0.4126865671641791 0.049 0.0664179104477612
2 0.404 0.39477611940298507 0.0485 0.06940298507462686
2 0.3195 0.3888059701492537 0.0485 0.05
2 0.342 0.3649253731343284 0.035 0.04701492537313433
2 0.2105 0.332089552238806 0.0335 0.05298507462686567
2 0.1265 0.3761194029850746 0.0295 0.05522388059701493
2 0.884 0.5716417910447761 0.0725 0.08507462686567165
2 0.8215 0.5126865671641792 0.0585 0.07761194029850746
1 0.7205 0.4253731343283582 0.1525 0.12761194029850748
1 0.3125 0.2873134328358209 0.053 0.041791044776119404
1 0.665 0.32164179104477614 0.0405 0.06492537313432836
1 0.631 0.27313432835820894 0.0305 0.05447761194029851
1 0.972 0.5485074626865671 0.056 0.14477611940298507
1 0.2385 0.27761194029850744 0.125 0.09701492537313433
3 0.1165 0.34776119402985073 0.025 0.05447761194029851