1 0.638 0.5925373134328358 0.1605 0.14253731343283582
1 0.322 0.6388059701492538 0.2075 0.17164179104477612
1 0.9165 0.6738805970149254 0.1665 0.15298507462686567
1 0.009 0.6276119402985074 0.018 0.14776119402985075
1 0.4375 0.26791044776119405 0.046 0.06343283582089553
1 0.4745 0.2507462686567164 0.0435 0.07164179104477612
1 0.736 0.5305970149253731 0.18 0.14253731343283582
2 0.9085 0.48955223880597015 0.0625 0.057462686567164176
2 0.375 0.48507462686567165 0.065 0.05447761194029851
2 0.1455 0.6104477611940299 0.0685 0.07761194029850746
2 0.027 0.5208955223880597 0.054 0.06567164179104477
2 0.6345 0.49701492537313435 0.0445 0.06044776119402985
3 0.643 0.467910447761194 0.0215 0.09850746268656717
3 0.906 0.4634328358208955 0.024 0.08656716417910448
3 0.372 0.46567164179104475 0.018 0.08507462686567165
3 0.358 0.4619402985074627 0.024 0.07462686567164178
3 0.137 0.5895522388059702 0.022 0.10597014925373134
3 0.0165 0.49328358208955225 0.017 0.07761194029850746
3 0.2115 0.3604477611940298 0.025 0.0791044776119403