1 0.47 0.07611940298507462 0.0735 0.15223880597014924
2 0.9665 0.43955223880597016 0.0565 0.14925373134328357
2 0.9295 0.4059701492537313 0.0655 0.13955223880597015
2 0.0745 0.9104477611940298 0.149 0.1791044776119403
2 0.3 0.8686567164179104 0.1345 0.21492537313432836
2 0.4825 0.9246268656716418 0.133 0.15074626865671642
2 0.477 0.8298507462686567 0.1195 0.19552238805970149
3 0.0415 0.8395522388059702 0.069 0.14626865671641792
3 0.302 0.7962686567164179 0.0705 0.12388059701492538
3 0.481 0.7425373134328358 0.0705 0.12686567164179105
3 0.492 0.8828358208955224 0.068 0.141044776119403