0 0.656 0.5007462686567165 0.1155 0.2962686567164179
1 0.596 0.4253731343283582 0.067 0.10373134328358209
1 0.6235 0.35522388059701493 0.056 0.08059701492537313
1 0.181 0.3253731343283582 0.087 0.06417910447761194
0 0.7845 0.24477611940298508 0.0355 0.05223880597014925
1 0.6845 0.27761194029850744 0.028 0.041044776119402986
1 0.7305 0.27686567164179104 0.0245 0.030597014925373135
1 0.7665 0.27611940298507465 0.028 0.04029850746268657
1 0.816 0.28880597014925374 0.024 0.03656716417910448
1 0.8775 0.2574626865671642 0.02 0.03283582089552239
1 0.704 0.26492537313432835 0.0215 0.03805970149253731
2 0.9815 0.658955223880597 0.037 0.09701492537313433
2 0.867 0.6052238805970149 0.034 0.09925373134328358
2 0.8135 0.5611940298507463 0.032 0.0880597014925373
2 0.811 0.4701492537313433 0.027 0.06343283582089553
2 0.854 0.4843283582089552 0.029 0.07462686567164178
2 0.879 0.5171641791044777 0.0285 0.05223880597014925
2 0.892 0.48059701492537316 0.024 0.06791044776119402
2 0.9045 0.3746268656716418 0.0175 0.04626865671641791
2 0.8265 0.41044776119402987 0.0185 0.049253731343283584
2 0.795 0.34328358208955223 0.033 0.03134328358208955
2 0.7445 0.3641791044776119 0.0255 0.03582089552238806
2 0.3985 0.33955223880597013 0.0315 0.030597014925373135
2 0.2815 0.34701492537313433 0.032 0.025373134328358207
2 0.9695 0.4134328358208955 0.014 0.049253731343283584
2 0.9565 0.373134328358209 0.015 0.04402985074626865
3 0.9805 0.5955223880597015 0.0365 0.05149253731343283
3 0.868 0.5485074626865671 0.028 0.04776119402985075
3 0.8135 0.5044776119402985 0.0265 0.04701492537313433
3 0.8095 0.4343283582089552 0.026 0.04029850746268657
3 0.8525 0.43656716417910446 0.026 0.04253731343283582
3 0.8105 0.43582089552238806 0.0255 0.04253731343283582
3 0.8895 0.4388059701492537 0.025 0.04253731343283582
3 0.878 0.47686567164179106 0.026 0.04477611940298507
3 0.8265 0.37089552238805973 0.019 0.026865671641791045
3 0.556 0.3358208955223881 0.0125 0.03208955223880597
3 0.3985 0.32985074626865674 0.0115 0.04328358208955224