0 0.2035 0.5970149253731343 0.174 0.4597014925373134
0 0.851 0.29701492537313434 0.167 0.10671641791044777
1 0.572 0.5305970149253731 0.123 0.16343283582089552
1 0.3795 0.41044776119402987 0.0655 0.09029850746268657
1 0.276 0.4126865671641791 0.0515 0.09179104477611941
1 0.399 0.37089552238805973 0.0515 0.06716417910447761
1 0.046 0.4880597014925373 0.076 0.1126865671641791
1 0.694 0.367910447761194 0.0695 0.07835820895522388
1 0.823 0.4171641791044776 0.093 0.08134328358208955
1 0.938 0.47686567164179106 0.1235 0.0955223880597015
1 0.924 0.4044776119402985 0.1285 0.08134328358208955
1 0.721 0.31865671641791044 0.083 0.09477611940298507
1 0.632 0.31791044776119404 0.0545 0.048507462686567165
1 0.336 0.3037313432835821 0.0385 0.050746268656716415
1 0.2735 0.2902985074626866 0.0295 0.04402985074626865