1 0.3495 0.44850746268656716 0.071 0.2044776119402985
1 0.1935 0.46940298507462686 0.107 0.208955223880597
1 0.1015 0.8582089552238806 0.1775 0.2828358208955224
1 0.443 0.3029850746268657 0.0345 0.06194029850746269
0 0.385 0.1253731343283582 0.021 0.056716417910447764
2 0.8375 0.9462686567164179 0.04 0.10746268656716418
2 0.9405 0.8552238805970149 0.0465 0.14776119402985075
2 0.7585 0.7044776119402985 0.041 0.11343283582089553
2 0.6875 0.6 0.028 0.08880597014925373
2 0.255 0.7373134328358208 0.0365 0.11865671641791045
3 0.256 0.6626865671641791 0.0335 0.06119402985074627
3 0.043 0.6082089552238806 0.0355 0.06567164179104477
3 0.07 0.4917910447761194 0.0265 0.04626865671641791
3 0.1295 0.44328358208955226 0.0215 0.04477611940298507
3 0.6875 0.5597014925373134 0.027 0.05298507462686567
3 0.83 0.7798507462686567 0.043 0.08134328358208955
2 0.8305 0.817910447761194 0.0665 0.12164179104477611
3 0.762 0.6611940298507463 0.03 0.06567164179104477