1 0.6195 0.35895522388059703 0.0755 0.10597014925373134
2 0.9185 0.8701492537313433 0.163 0.16417910447761194
2 0.418 0.7350746268656716 0.1085 0.1126865671641791
4 0.719 0.31417910447761194 0.0825 0.16492537313432837
3 0.5015 0.9529850746268657 0.0825 0.09104477611940298
2 0.7375 0.5701492537313433 0.075 0.09477611940298507
4 0.3075 0.5985074626865672 0.214 0.19925373134328359
2 0.044 0.6492537313432836 0.079 0.11492537313432835
1 0.7775 0.2791044776119403 0.0345 0.049253731343283584
4 0.788 0.23432835820895523 0.0395 0.08283582089552238
2 0.241 0.6708955223880597 0.071 0.12313432835820895
3 0.066 0.6067164179104477 0.0375 0.1373134328358209
1 0.393 0.5447761194029851 0.141 0.14402985074626865
3 0.234 0.6276119402985074 0.027 0.12835820895522387
3 0.421 0.6940298507462687 0.035 0.1537313432835821
3 0.739 0.5343283582089552 0.022 0.11119402985074626
3 0.755 0.5388059701492537 0.0285 0.1044776119402985
3 0.9115 0.8134328358208955 0.0575 0.21343283582089553
3 0.475 0.49776119402985075 0.031 0.09477611940298507
3 0.462 0.4880597014925373 0.0245 0.09104477611940298
3 0.13 0.5 0.032 0.048507462686567165
2 0.132 0.5544776119402985 0.0425 0.08880597014925373