4 0.825 0.7970149253731343 0.35 0.4059701492537313
4 0.5455 0.29402985074626864 0.063 0.15149253731343285
0 0.296 0.3529850746268657 0.0715 0.19328358208955224
1 0.7765 0.3619402985074627 0.1345 0.15970149253731344
1 0.911 0.3940298507462687 0.132 0.1373134328358209
1 0.426 0.35522388059701493 0.06 0.09328358208955224
1 0.3765 0.27238805970149255 0.0335 0.07388059701492537
1 0.588 0.2873134328358209 0.032 0.0664179104477612
3 0.377 0.6126865671641791 0.035 0.09104477611940298
3 0.3525 0.9164179104477612 0.0625 0.15
3 0.255 0.6149253731343284 0.036 0.09701492537313433
3 0.241 0.48955223880597015 0.0245 0.07835820895522388
2 0.094 0.5425373134328358 0.0635 0.08582089552238806
2 0.1185 0.4835820895522388 0.053 0.07014925373134329
2 0.383 0.6828358208955224 0.0385 0.0664179104477612
2 0.259 0.6955223880597015 0.0335 0.07761194029850746
2 0.3545 0.9843283582089553 0.0505 0.030597014925373135