1 0.577 0.21791044776119403 0.1205 0.11567164179104478
1 0.598 0.3843283582089552 0.0795 0.14402985074626865
1 0.491 0.30074626865671644 0.076 0.13134328358208955
1 0.9745 0.3559701492537313 0.0505 0.10671641791044777
1 0.097 0.22835820895522388 0.078 0.08358208955223881
3 0.465 0.8432835820895522 0.0875 0.2455223880597015
2 0.49 0.48507462686567165 0.054 0.07985074626865672
2 0.33 0.35895522388059703 0.051 0.09477611940298507
3 0.689 0.2291044776119403 0.024 0.058208955223880594
1 0.019 0.5716417910447761 0.038 0.31343283582089554
1 0.7185 0.20149253731343283 0.0515 0.0626865671641791
1 0.8015 0.15746268656716417 0.0365 0.04402985074626865
2 0.023 0.1746268656716418 0.018 0.05298507462686567
2 0.0285 0.22611940298507463 0.024 0.06716417910447761
2 0.006 0.2582089552238806 0.012 0.08208955223880597
2 0.066 0.3246268656716418 0.043 0.13059701492537312
2 0.1455 0.31343283582089554 0.0295 0.09776119402985074
2 0.187 0.291044776119403 0.0345 0.08358208955223881
2 0.2125 0.3328358208955224 0.0335 0.09253731343283582
2 0.18 0.4507462686567164 0.057 0.11641791044776119
2 0.1695 0.6 0.0555 0.1328358208955224
2 0.465 0.8656716417910447 0.1135 0.21940298507462686
2 0.454 0.3917910447761194 0.0465 0.07238805970149254
2 0.3875 0.3529850746268657 0.044 0.08432835820895522
2 0.323 0.29328358208955224 0.0515 0.04776119402985075
2 0.247 0.32985074626865674 0.0325 0.07238805970149254
2 0.6895 0.23955223880597015 0.0185 0.05447761194029851
2 0.8935 0.3970149253731343 0.029 0.09850746268656717
3 0.8975 0.34701492537313433 0.0205 0.07611940298507462
3 0.1685 0.5507462686567164 0.0455 0.13432835820895522
3 0.0555 0.28059701492537314 0.022 0.03805970149253731
3 0.1735 0.4014925373134328 0.0415 0.056716417910447764
3 0.1395 0.2656716417910448 0.0235 0.04253731343283582
3 0.188 0.2582089552238806 0.02 0.04701492537313433
3 0.2115 0.291044776119403 0.017 0.06417910447761194
3 0.2425 0.2791044776119403 0.024 0.05447761194029851
3 0.2475 0.2417910447761194 0.017 0.03507462686567164
3 0.322 0.2507462686567164 0.013 0.03805970149253731
3 0.334 0.25597014925373135 0.0235 0.03283582089552239
3 0.321 0.3238805970149254 0.023 0.08059701492537313
3 0.3405 0.2962686567164179 0.0245 0.03880597014925373
3 0.3925 0.32238805970149254 0.021 0.06716417910447761
3 0.461 0.36268656716417913 0.0275 0.06417910447761194
3 0.495 0.4141791044776119 0.0435 0.06343283582089553
3 0.79 0.3738805970149254 0.021 0.11044776119402985
2 0.7685 0.16044776119402984 0.0235 0.06343283582089553