1 0.5045 0.6873134328358209 0.3375 0.3126865671641791
1 0.936 0.9097014925373135 0.126 0.18059701492537314
1 0.507 0.11417910447761194 0.0705 0.13507462686567165
4 0.893 0.7149253731343284 0.2135 0.28432835820895525
2 0.146 0.6186567164179104 0.132 0.12388059701492538
2 0.641 0.9552238805970149 0.058 0.08955223880597014
2 0.718 0.6253731343283582 0.1055 0.11940298507462686
2 0.396 0.31492537313432833 0.036 0.10970149253731343
2 0.442 0.2716417910447761 0.0415 0.11044776119402985
2 0.5035 0.25298507462686565 0.036 0.11044776119402985
2 0.301 0.5320895522388059 0.119 0.10373134328358209
2 0.0975 0.5328358208955224 0.095 0.09402985074626866
2 0.1385 0.48656716417910445 0.12 0.11194029850746269
3 0.392 0.2417910447761194 0.035 0.10223880597014925
3 0.4395 0.21492537313432836 0.0345 0.08134328358208955
3 0.503 0.1917910447761194 0.029 0.08507462686567165
3 0.5005 0.941044776119403 0.065 0.11791044776119403
3 0.634 0.8641791044776119 0.067 0.1947761194029851
3 0.712 0.9313432835820895 0.076 0.1373134328358209
3 0.784 0.8425373134328358 0.0585 0.16791044776119404
3 0.133 0.5835820895522388 0.0505 0.1537313432835821
3 0.2975 0.49850746268656715 0.0525 0.14477611940298507
3 0.129 0.44850746268656716 0.0495 0.14477611940298507
3 0.436 0.5104477611940299 0.057 0.1208955223880597
3 0.5165 0.46940298507462686 0.04 0.14029850746268657
3 0.7545 0.5246268656716417 0.0305 0.15223880597014924
3 0.782 0.5223880597014925 0.055 0.16044776119402984
3 0.8535 0.4992537313432836 0.047 0.14328358208955225
1 0.0655 0.9574626865671642 0.131 0.08507462686567165