0 0.2785 0.3917910447761194 0.0885 0.20970149253731343
1 0.5695 0.5253731343283582 0.1255 0.1746268656716418
1 0.44 0.35447761194029853 0.059 0.07686567164179105
1 0.3685 0.3611940298507463 0.0545 0.09253731343283582
1 0.7135 0.3716417910447761 0.081 0.08208955223880597
1 0.9285 0.4335820895522388 0.1145 0.09701492537313433
1 0.802 0.3701492537313433 0.088 0.07686567164179105
1 0.985 0.5320895522388059 0.03 0.08507462686567165
1 0.4865 0.27611940298507465 0.039 0.03805970149253731
1 0.65 0.3119402985074627 0.0605 0.056716417910447764
2 0.2695 0.8865671641791045 0.0525 0.17388059701492536
3 0.271 0.7820895522388059 0.0435 0.0955223880597015
3 0.1635 0.641044776119403 0.038 0.06865671641791045
3 0.2585 0.5865671641791045 0.035 0.0664179104477612
3 0.3565 0.6597014925373135 0.041 0.07238805970149254
3 0.207 0.5111940298507462 0.0295 0.04701492537313433
1 0.138 0.5082089552238805 0.03 0.05149253731343283
2 0.1395 0.5634328358208955 0.0335 0.09402985074626866
2 0.207 0.5686567164179105 0.034 0.0955223880597015
2 0.165 0.7291044776119403 0.043 0.1328358208955224
2 0.258 0.658955223880597 0.038 0.11865671641791045
2 0.356 0.7485074626865672 0.0435 0.13582089552238805
2 0.5625 0.37910447761194027 0.0405 0.034328358208955224
2 0.5905 0.3716417910447761 0.0145 0.03880597014925373