1 0.668 0.6522388059701493 0.1245 0.24701492537313433
1 0.585 0.4373134328358209 0.0885 0.15970149253731344
1 0.6895 0.34701492537313433 0.065 0.10298507462686567
1 0.623 0.30223880597014924 0.057 0.0873134328358209
1 0.3595 0.9097014925373135 0.194 0.18059701492537314
4 0.584 0.8970149253731343 0.31 0.20522388059701493
2 0.3295 0.6947761194029851 0.058 0.15298507462686567
2 0.5335 0.3850746268656716 0.0225 0.058208955223880594
3 0.336 0.6619402985074627 0.045 0.16119402985074627
3 0.0585 0.9828358208955223 0.04 0.034328358208955224
3 0.087 0.9567164179104478 0.045 0.08656716417910448
3 0.1765 0.9395522388059702 0.0705 0.1208955223880597
3 0.534 0.34626865671641793 0.0215 0.05