1 0.527 0.14626865671641792 0.078 0.1791044776119403
1 0.695 0.8985074626865671 0.3815 0.20223880597014926
3 0.468 0.33134328358208953 0.0305 0.06492537313432836
3 0.3625 0.3253731343283582 0.0255 0.04402985074626865
3 0.3735 0.27238805970149255 0.027 0.10970149253731343
3 0.4365 0.23955223880597015 0.017 0.06343283582089553
3 0.4505 0.22238805970149253 0.0185 0.05
3 0.7865 0.41119402985074627 0.0285 0.11194029850746269
3 0.805 0.3567164179104478 0.024 0.0664179104477612
2 0.7625 0.4716417910447761 0.075 0.1582089552238806
2 0.924 0.5873134328358209 0.152 0.16865671641791044
2 0.468 0.42313432835820897 0.053 0.11492537313432835