1 0.6615 0.33880597014925373 0.0495 0.08507462686567165
2 0.993 0.7522388059701492 0.014 0.1253731343283582
3 0.994 0.7022388059701492 0.0115 0.141044776119403
3 0.8905 0.7186567164179104 0.042 0.14477611940298507
2 0.8935 0.767910447761194 0.047 0.13059701492537312
3 0.841 0.4134328358208955 0.0195 0.07985074626865672
3 0.791 0.3738805970149254 0.0185 0.05149253731343283
3 0.7745 0.3126865671641791 0.008 0.03731343283582089
3 0.7655 0.2917910447761194 0.0115 0.03731343283582089
3 0.495 0.3776119402985075 0.0185 0.03955223880597015
3 0.466 0.3365671641791045 0.012 0.03955223880597015
3 0.501 0.2880597014925373 0.0125 0.030597014925373135
3 0.7365 0.2835820895522388 0.009 0.03134328358208955
2 0.737 0.3044776119402985 0.0115 0.03656716417910448
2 0.7645 0.32611940298507464 0.014 0.033582089552238806
2 0.776 0.3455223880597015 0.0135 0.05223880597014925
2 0.793 0.408955223880597 0.0235 0.05522388059701493
2 0.8485 0.4343283582089552 0.022 0.06567164179104477
2 0.4965 0.41567164179104477 0.022 0.04253731343283582
2 0.4695 0.3619402985074627 0.0155 0.04328358208955224
2 0.697 0.25970149253731345 0.01 0.03507462686567164
2 0.672 0.258955223880597 0.014 0.03880597014925373
2 0.501 0.34701492537313433 0.016 0.029850746268656716
2 0.5015 0.31343283582089554 0.017 0.018656716417910446
1 0.651 0.15597014925373134 0.0185 0.03283582089552239