1 0.6585 0.8365671641791045 0.325 0.32611940298507464
1 0.526 0.4582089552238806 0.1555 0.18582089552238806
1 0.359 0.31716417910447764 0.143 0.1626865671641791
2 0.2585 0.7044776119402985 0.0625 0.16119402985074627
2 0.192 0.9455223880597015 0.056 0.10895522388059702
2 0.133 0.7141791044776119 0.042 0.17238805970149254
2 0.7645 0.5783582089552238 0.071 0.14029850746268657
2 0.69 0.47686567164179106 0.0625 0.14029850746268657
3 0.6985 0.4335820895522388 0.0545 0.12761194029850748
3 0.7745 0.5350746268656716 0.035 0.12238805970149254
3 0.5225 0.28582089552238804 0.0385 0.08582089552238806
3 0.2535 0.6037313432835821 0.0525 0.15970149253731344
2 0.531 0.3238805970149254 0.076 0.08059701492537313