1 0.8845 0.764179104477612 0.231 0.3641791044776119
1 0.4635 0.4671641791044776 0.1095 0.15447761194029852
1 0.4045 0.3283582089552239 0.058 0.07388059701492537
1 0.842 0.41044776119402987 0.1045 0.10671641791044777
1 0.571 0.29253731343283584 0.05 0.05447761194029851
2 0.2435 0.5746268656716418 0.029 0.1044776119402985
2 0.1335 0.514179104477612 0.0705 0.07761194029850746
3 0.1285 0.49701492537313435 0.035 0.11119402985074626
3 0.242 0.5246268656716417 0.033 0.07388059701492537
3 0.588 0.3656716417910448 0.021 0.0708955223880597
3 0.6205 0.3537313432835821 0.021 0.08208955223880597