1 0.834 0.8977611940298508 0.332 0.2044776119402985
1 0.51 0.11940298507462686 0.069 0.14477611940298507
1 0.3845 0.15223880597014924 0.0845 0.18059701492537314
3 0.1895 0.8171641791044776 0.0545 0.11641791044776119
2 0.016 0.841044776119403 0.0315 0.07835820895522388
3 0.7065 0.8291044776119403 0.0945 0.20522388059701493
3 0.036 0.7940298507462686 0.072 0.15223880597014924
2 0.71 0.8537313432835821 0.129 0.16716417910447762
2 0.6075 0.8044776119402985 0.0525 0.09029850746268657
2 0.501 0.8664179104477612 0.162 0.1373134328358209
2 0.265 0.7604477611940299 0.136 0.11716417910447761
2 0.853 0.6283582089552239 0.136 0.12014925373134329
2 0.578 0.65 0.0325 0.07611940298507462
2 0.5105 0.7 0.0545 0.055970149253731345
2 0.4815 0.6111940298507462 0.039 0.0626865671641791
2 0.338 0.5761194029850746 0.0515 0.0962686567164179
2 0.2595 0.6350746268656716 0.056 0.07835820895522388
2 0.1855 0.608955223880597 0.1245 0.12761194029850748
2 0.109 0.49029850746268655 0.0785 0.13656716417910447
2 0.0875 0.5149253731343284 0.0485 0.11567164179104478
2 0.1345 0.4619402985074627 0.0375 0.11417910447761194
2 0.0075 0.7305970149253731 0.015 0.15223880597014924
2 0.0995 0.8186567164179105 0.077 0.10223880597014925
2 0.996 0.5723880597014925 0.008 0.10522388059701493
2 0.491 0.42014925373134326 0.072 0.07835820895522388
2 0.457 0.2783582089552239 0.048 0.08358208955223881
2 0.407 0.34253731343283583 0.042 0.08208955223880597
2 0.372 0.4126865671641791 0.038 0.09104477611940298
2 0.313 0.29402985074626864 0.0525 0.07238805970149254
2 0.162 0.24925373134328357 0.043 0.19925373134328359
2 0.833 0.29850746268656714 0.084 0.11865671641791045
1 0.617 0.5746268656716418 0.2775 0.23507462686567165
1 0.187 0.9335820895522388 0.3735 0.13208955223880597
3 0.863 0.567910447761194 0.0545 0.12388059701492538
3 0.845 0.7246268656716418 0.051 0.1373134328358209
3 0.7995 0.7268656716417911 0.0315 0.13656716417910447
3 0.7255 0.8007462686567164 0.036 0.1537313432835821
3 0.686 0.8074626865671641 0.027 0.17761194029850746
3 0.6465 0.6783582089552239 0.0355 0.1373134328358209
3 0.616 0.7097014925373134 0.0325 0.18880597014925374
3 0.509 0.8044776119402985 0.055 0.14402985074626865
3 0.4515 0.5619402985074626 0.035 0.08507462686567165
3 0.4465 0.691044776119403 0.045 0.1798507462686567
3 0.415 0.6626865671641791 0.029 0.12835820895522387
3 0.3895 0.753731343283582 0.0365 0.1417910447761194
3 0.358 0.7477611940298508 0.036 0.1455223880597015
3 0.374 0.7634328358208955 0.077 0.19402985074626866
3 0.257 0.7335820895522388 0.052 0.17164179104477612
3 0.4925 0.3559701492537313 0.0475 0.09701492537313433
3 0.45 0.2126865671641791 0.0285 0.07761194029850746
3 0.404 0.27313432835820894 0.0415 0.14477611940298507
3 0.4045 0.2582089552238806 0.0345 0.09253731343283582
3 0.3575 0.3246268656716418 0.0395 0.12686567164179105
3 0.304 0.23134328358208955 0.043 0.1044776119402985
3 0.1765 0.5447761194029851 0.039 0.1708955223880597
3 0.2925 0.5537313432835821 0.0445 0.1335820895522388
3 0.318 0.6417910447761194 0.0425 0.13507462686567165
3 0.0995 0.43507462686567167 0.022 0.08134328358208955