1 0.906 0.8805970149253731 0.1875 0.23432835820895523
1 0.298 0.34626865671641793 0.0485 0.0708955223880597
1 0.465 0.3716417910447761 0.049 0.06567164179104477
1 0.3645 0.35074626865671643 0.0465 0.08507462686567165
1 0.3605 0.2619402985074627 0.0355 0.05373134328358209
2 0.7045 0.7880597014925373 0.045 0.07462686567164178
2 0.116 0.5626865671641791 0.032 0.06194029850746269
3 0.5565 0.42014925373134326 0.019 0.055970149253731345
3 0.1955 0.5149253731343284 0.03 0.11567164179104478
2 0.197 0.5574626865671641 0.039 0.0880597014925373
2 0.6015 0.5791044776119403 0.0285 0.0962686567164179
2 0.5245 0.45671641791044776 0.03 0.05373134328358209
2 0.2155 0.3843283582089552 0.0195 0.06194029850746269
2 0.26 0.32313432835820893 0.0145 0.05373134328358209
2 0.28 0.29253731343283584 0.01 0.03656716417910448
2 0.5485 0.3656716417910448 0.0215 0.03955223880597015
2 0.6755 0.6350746268656716 0.0285 0.06567164179104477
2 0.4875 0.3164179104477612 0.019 0.04477611940298507
3 0.1195 0.5343283582089552 0.03 0.10522388059701493
3 0.2205 0.3604477611940298 0.0185 0.05373134328358209
3 0.261 0.2992537313432836 0.019 0.04029850746268657
3 0.516 0.3373134328358209 0.0185 0.05223880597014925
3 0.6785 0.5895522388059702 0.026 0.07761194029850746
3 0.599 0.5388059701492537 0.0235 0.07462686567164178
3 0.707 0.7186567164179104 0.034 0.08432835820895522
3 0.5235 0.4223880597014925 0.0165 0.06044776119402985