1 0.5585 0.5164179104477612 0.1625 0.2253731343283582
1 0.749 0.48059701492537316 0.121 0.21641791044776118
0 0.7085 0.9283582089552239 0.3845 0.1291044776119403
1 0.711 0.32686567164179103 0.079 0.1335820895522388
2 0.138 0.8305970149253732 0.1165 0.16417910447761194
2 0.4025 0.8880597014925373 0.107 0.19328358208955224
2 0.358 0.758955223880597 0.0765 0.1291044776119403
2 0.2205 0.6328358208955224 0.0725 0.1044776119402985
2 0.2945 0.6261194029850746 0.058 0.12238805970149254
2 0.3475 0.6738805970149254 0.06 0.11641791044776119
2 0.455 0.5597014925373134 0.049 0.08582089552238806
2 0.4025 0.5522388059701493 0.049 0.08507462686567165
2 0.8255 0.826865671641791 0.068 0.1291044776119403
2 0.898 0.6649253731343283 0.0365 0.0791044776119403
2 0.9675 0.7104477611940299 0.0475 0.11492537313432835
2 0.8505 0.6567164179104478 0.035 0.08880597014925373
2 0.028 0.8007462686567164 0.056 0.15746268656716417
2 0.0695 0.4791044776119403 0.042 0.08059701492537313
2 0.026 0.49776119402985075 0.04 0.08507462686567165
2 0.327 0.45149253731343286 0.079 0.05522388059701493
2 0.283 0.9671641791044776 0.065 0.06492537313432836
2 0.3775 0.514179104477612 0.026 0.07462686567164178
2 0.458 0.45 0.043 0.06940298507462686
2 0.5115 0.39925373134328357 0.033 0.05447761194029851
2 0.871 0.5350746268656716 0.0235 0.06940298507462686
2 0.904 0.4880597014925373 0.031 0.06492537313432836
2 0.942 0.5619402985074626 0.0335 0.0791044776119403
3 0.219 0.5694029850746268 0.0295 0.11417910447761194
3 0.242 0.5619402985074626 0.0275 0.10970149253731343
3 0.1315 0.767910447761194 0.046 0.20522388059701493
3 0.264 0.9395522388059702 0.066 0.1208955223880597
3 0.225 0.9477611940298507 0.0425 0.1044776119402985
3 0.0085 0.7432835820895523 0.017 0.14701492537313432
3 0.3665 0.8276119402985075 0.067 0.1746268656716418
3 0.4005 0.8134328358208955 0.0525 0.18208955223880596
3 0.3615 0.673134328358209 0.0485 0.15149253731343285
3 0.3465 0.5932835820895522 0.032 0.07462686567164178
3 0.3515 0.5447761194029851 0.0295 0.07238805970149254
3 0.2945 0.5850746268656717 0.036 0.14029850746268657
3 0.215 0.5925373134328358 0.0365 0.1626865671641791
3 0.825 0.7440298507462687 0.039 0.1873134328358209
3 0.9395 0.9641791044776119 0.046 0.0708955223880597
3 0.8485 0.5917910447761194 0.0375 0.1417910447761194
3 0.9055 0.6022388059701492 0.0455 0.13208955223880597
3 0.9705 0.6313432835820896 0.0415 0.13208955223880597
3 0.8695 0.4955223880597015 0.036 0.08880597014925373
3 0.94 0.5097014925373134 0.0335 0.11641791044776119
3 0.021 0.44328358208955226 0.036 0.06417910447761194
3 0.41 0.49029850746268655 0.028 0.08059701492537313
3 0.4525 0.5029850746268657 0.031 0.06940298507462686
3 0.3955 0.46417910447761196 0.0295 0.0664179104477612
3 0.3265 0.4261194029850746 0.025 0.09179104477611941