1 0.208 0.26044776119402985 0.08 0.08134328358208955
0 0.71 0.65 0.5445 0.6917910447761194
1 0.4065 0.38731343283582087 0.1105 0.13805970149253732
2 0.301 0.8395522388059702 0.0495 0.11044776119402985
2 0.078 0.40223880597014927 0.0285 0.08208955223880597
2 0.1875 0.5126865671641792 0.0265 0.09328358208955224
2 0.2815 0.6462686567164179 0.0565 0.10074626865671642
2 0.401 0.7029850746268657 0.069 0.12835820895522387
2 0.2785 0.30074626865671644 0.016 0.04626865671641791
2 0.3565 0.3111940298507463 0.0175 0.03208955223880597
2 0.327 0.24104477611940298 0.047 0.04552238805970149
2 0.104 0.7179104477611941 0.0545 0.1373134328358209
2 0.028 0.5634328358208955 0.0555 0.09402985074626866
2 0.02 0.35149253731343283 0.0385 0.09253731343283582
2 0.1445 0.3880597014925373 0.0385 0.08880597014925373
2 0.2655 0.5156716417910447 0.0475 0.05373134328358209
2 0.3445 0.42313432835820897 0.0505 0.08283582089552238
3 0.1115 0.6164179104477612 0.053 0.09776119402985074
3 0.289 0.7276119402985075 0.0625 0.13134328358208955
3 0.3775 0.6007462686567164 0.036 0.11791044776119403
3 0.1695 0.4462686567164179 0.0335 0.07761194029850746
3 0.008 0.26865671641791045 0.0155 0.07761194029850746
3 0.048 0.2619402985074627 0.023 0.03656716417910448
3 0.0695 0.3402985074626866 0.026 0.03955223880597015
3 0.135 0.34253731343283583 0.0105 0.06417910447761194
3 0.272 0.24850746268656718 0.0145 0.03880597014925373
3 0.3585 0.29253731343283584 0.027 0.055970149253731345
3 0.3995 0.282089552238806 0.0115 0.029850746268656716
3 0.5105 0.25970149253731345 0.018 0.03582089552238806
3 0.4075 0.2902985074626866 0.0265 0.04626865671641791
3 0.788 0.18358208955223881 0.007 0.016417910447761194
1 0.069 0.20522388059701493 0.082 0.07462686567164178
2 0.175 0.9335820895522388 0.058 0.1328358208955224