1 0.5335 0.5022388059701492 0.1385 0.15522388059701492
1 0.642 0.4097014925373134 0.0705 0.10895522388059702
1 0.5285 0.4097014925373134 0.0915 0.15074626865671642
1 0.6455 0.30671641791044774 0.035 0.07238805970149254
2 0.712 0.9492537313432836 0.041 0.10149253731343283
2 0.932 0.5022388059701492 0.046 0.07388059701492537
2 0.9695 0.5552238805970149 0.061 0.0873134328358209
3 0.7125 0.8597014925373134 0.05 0.16492537313432837
3 0.714 0.46940298507462686 0.0255 0.1044776119402985
3 0.9845 0.5276119402985074 0.028 0.1253731343283582
3 0.9525 0.4873134328358209 0.0325 0.09477611940298507