0 0.232 0.6141791044776119 0.26 0.4843283582089552
1 0.468 0.8022388059701493 0.15 0.33955223880597013
1 0.4985 0.3753731343283582 0.0835 0.10895522388059702
2 0.985 0.6850746268656717 0.03 0.10895522388059702
2 0.8425 0.5723880597014925 0.047 0.08880597014925373
2 0.781 0.5888059701492537 0.0465 0.11716417910447761
2 0.788 0.41044776119402987 0.0415 0.08134328358208955
3 0.256 0.9552238805970149 0.0365 0.08955223880597014
3 0.3675 0.764179104477612 0.0285 0.10298507462686567
3 0.4255 0.6253731343283582 0.0215 0.09328358208955224
3 0.3615 0.6305970149253731 0.022 0.10373134328358209
3 0.477 0.4798507462686567 0.0265 0.10820895522388059
3 0.778 0.5276119402985074 0.023 0.09104477611940298
3 0.833 0.5059701492537313 0.0335 0.07388059701492537
3 0.9845 0.6246268656716418 0.031 0.09925373134328358
3 0.0485 0.8373134328358209 0.017 0.15223880597014924
3 0.1095 0.691044776119403 0.0195 0.11716417910447761
2 0.0575 0.8820895522388059 0.0625 0.18208955223880596