2 0.053 0.5126865671641792 0.1055 0.11044776119402985
2 0.135 0.7634328358208955 0.147 0.14701492537313432
3 0.9285 0.3843283582089552 0.0415 0.12686567164179105
3 0.126 0.6925373134328359 0.0805 0.16716417910447762
2 0.8875 0.7074626865671642 0.1355 0.1044776119402985
3 0.038 0.4626865671641791 0.052 0.14402985074626865
3 0.8995 0.6477611940298508 0.04 0.14925373134328357
3 0.1495 0.3291044776119403 0.0465 0.14850746268656717
3 0.6455 0.16791044776119404 0.033 0.10746268656716418
3 0.5415 0.11492537313432835 0.036 0.07985074626865672
3 0.502 0.09776119402985074 0.051 0.07686567164179105
3 0.4485 0.11716417910447761 0.0375 0.06343283582089553
3 0.4135 0.21044776119402986 0.0375 0.08358208955223881
2 0.544 0.1701492537313433 0.041 0.11119402985074626
2 0.501 0.16044776119402984 0.04 0.09253731343283582
2 0.4425 0.17388059701492536 0.0435 0.10298507462686567
2 0.4115 0.2947761194029851 0.0515 0.11641791044776119