2 0.36 0.4261194029850746 0.0525 0.05522388059701493
2 0.8895 0.48507462686567165 0.054 0.07761194029850746
2 0.0485 0.4917910447761194 0.0265 0.07462686567164178
2 0.103 0.4335820895522388 0.022 0.06119402985074627
2 0.317 0.367910447761194 0.026 0.04477611940298507
2 0.4545 0.3850746268656716 0.043 0.04029850746268657
2 0.6025 0.38731343283582087 0.054 0.04477611940298507
3 0.103 0.4044776119402985 0.017 0.041791044776119404
3 0.05 0.4552238805970149 0.022 0.048507462686567165
3 0.3545 0.4082089552238806 0.0225 0.06940298507462686
3 0.3155 0.33955223880597013 0.0125 0.04029850746268657
3 0.6005 0.3656716417910448 0.018 0.056716417910447764
3 0.4525 0.3664179104477612 0.0165 0.05522388059701493
3 0.89 0.4597014925373134 0.035 0.07761194029850746
3 0.049 0.45149253731343286 0.0205 0.04701492537313433