1 0.102 0.35895522388059703 0.1025 0.06119402985074627
1 0.333 0.2873134328358209 0.0615 0.041044776119402986
1 0.7355 0.26791044776119405 0.027 0.034328358208955224
1 0.7865 0.2544776119402985 0.022 0.030597014925373135
2 0.3865 0.3970149253731343 0.046 0.04029850746268657
2 0.3195 0.41492537313432837 0.048 0.04328358208955224
2 0.6745 0.39925373134328357 0.0345 0.04328358208955224
2 0.5735 0.3895522388059702 0.0475 0.06343283582089553
2 0.9445 0.49850746268656715 0.0425 0.08134328358208955
2 0.8705 0.4171641791044776 0.019 0.08283582089552238
2 0.7665 0.3641791044776119 0.051 0.05970149253731343
2 0.7105 0.3686567164179104 0.0245 0.05298507462686567
2 0.6395 0.3761194029850746 0.028 0.058208955223880594
2 0.4775 0.3925373134328358 0.065 0.07388059701492537
2 0.422 0.3761194029850746 0.0325 0.06194029850746269
2 0.2825 0.3783582089552239 0.0365 0.07238805970149254
2 0.2175 0.3783582089552239 0.0285 0.05149253731343283
2 0.173 0.3850746268656716 0.029 0.06417910447761194
2 0.9925 0.44776119402985076 0.0145 0.056716417910447764