1 0.814 0.5611940298507463 0.142 0.16492537313432837
1 0.5965 0.417910447761194 0.104 0.1373134328358209
1 0.4085 0.5917910447761194 0.1075 0.1664179104477612
1 0.581 0.6813432835820895 0.1435 0.19402985074626866
1 0.3595 0.45149253731343286 0.0765 0.10820895522388059
1 0.4245 0.27238805970149255 0.059 0.07462686567164178
1 0.2945 0.29253731343283584 0.0445 0.07462686567164178
2 0.873 0.9223880597014925 0.0515 0.1328358208955224
2 0.3105 0.9567164179104478 0.0565 0.08656716417910448
2 0.972 0.9626865671641791 0.056 0.07164179104477612
2 0.816 0.8216417910447761 0.0445 0.1417910447761194
2 0.3205 0.7253731343283583 0.023 0.06865671641791045
2 0.2765 0.5335820895522388 0.017 0.04552238805970149
2 0.799 0.46492537313432836 0.0435 0.048507462686567165
2 0.9335 0.41865671641791047 0.0515 0.05373134328358209
3 0.3155 0.6529850746268657 0.023 0.08208955223880597
3 0.308 0.9014925373134328 0.0445 0.1126865671641791
3 0.981 0.9388059701492537 0.038 0.12238805970149254
3 0.87 0.8619402985074627 0.0425 0.12388059701492538
3 0.8145 0.7820895522388059 0.042 0.14776119402985075
3 0.805 0.42761194029850746 0.0155 0.058208955223880594
3 0.793 0.4380597014925373 0.0165 0.08208955223880597
3 0.271 0.47761194029850745 0.0335 0.06119402985074627
1 0.6245 0.3753731343283582 0.0665 0.09328358208955224