1 0.2035 0.5783582089552238 0.135 0.15671641791044777
1 0.4105 0.4417910447761194 0.099 0.13059701492537312
1 0.5895 0.6067164179104477 0.1025 0.1582089552238806
1 0.4255 0.6925373134328359 0.1365 0.18507462686567164
1 0.6365 0.47388059701492535 0.0725 0.10298507462686567
1 0.574 0.3037313432835821 0.056 0.0708955223880597
1 0.6985 0.32313432835820893 0.042 0.0708955223880597
2 0.1475 0.9216417910447762 0.049 0.12611940298507462
2 0.6835 0.9552238805970149 0.0545 0.08358208955223881
2 0.0485 0.9634328358208956 0.063 0.07313432835820896
2 0.2015 0.8253731343283582 0.042 0.13507462686567165
2 0.6735 0.7343283582089553 0.022 0.06492537313432836
2 0.715 0.5522388059701493 0.0165 0.04328358208955224
2 0.2175 0.48656716417910445 0.0415 0.04552238805970149
2 0.0895 0.4425373134328358 0.049 0.05149253731343283
3 0.678 0.6649253731343283 0.022 0.07761194029850746
3 0.685 0.9022388059701493 0.042 0.10671641791044777
3 0.043 0.9388059701492537 0.0405 0.11417910447761194
3 0.15 0.8649253731343284 0.0405 0.11791044776119403
3 0.2025 0.7880597014925373 0.04 0.14029850746268657
3 0.212 0.45149253731343286 0.015 0.05522388059701493
3 0.2235 0.46119402985074626 0.0155 0.07761194029850746
3 0.7205 0.49850746268656715 0.032 0.058208955223880594
1 0.384 0.4014925373134328 0.0635 0.08880597014925373