2 0.1305 0.7425373134328358 0.1425 0.19328358208955224
2 0.169 0.47238805970149256 0.1155 0.10671641791044777
2 0.116 0.22761194029850745 0.0805 0.07537313432835821
2 0.483 0.7634328358208955 0.0955 0.191044776119403
2 0.558 0.9544776119402985 0.13 0.09104477611940298
2 0.169 0.6044776119402985 0.1255 0.13432835820895522
2 0.4755 0.22611940298507463 0.0405 0.11940298507462686
2 0.382 0.5082089552238805 0.0625 0.17164179104477612
2 0.383 0.20970149253731343 0.046 0.09402985074626866
2 0.766 0.9529850746268657 0.043 0.09328358208955224
2 0.694 0.8992537313432836 0.0435 0.14477611940298507
2 0.964 0.44328358208955226 0.063 0.17164179104477612
2 0.551 0.8201492537313433 0.1065 0.18880597014925374
2 0.569 0.6455223880597015 0.1295 0.12313432835820895
1 0.485 0.04029850746268657 0.07 0.08059701492537313
3 0.163 0.5567164179104478 0.0595 0.1126865671641791
2 0.4695 0.5902985074626865 0.051 0.10671641791044777
3 0.473 0.48955223880597015 0.049 0.10223880597014925
3 0.1165 0.7104477611940299 0.065 0.17164179104477612
3 0.5405 0.4388059701492537 0.0435 0.10597014925373134
3 0.6065 0.3962686567164179 0.041 0.09402985074626866
3 0.4895 0.7 0.0585 0.12761194029850748
3 0.5665 0.9373134328358209 0.069 0.1253731343283582
3 0.7055 0.7798507462686567 0.048 0.11716417910447761
3 0.785 0.8544776119402985 0.0615 0.13656716417910447
3 0.823 0.6425373134328358 0.051 0.1291044776119403
2 0.823 0.7611940298507462 0.0435 0.09850746268656717
3 0.91 0.47238805970149256 0.046 0.09701492537313433