1 0.606 0.5388059701492537 0.102 0.1701492537313433
1 0.236 0.8097014925373134 0.209 0.3037313432835821
1 0.539 0.42835820895522386 0.077 0.10522388059701493
1 0.236 0.3686567164179104 0.081 0.06343283582089553
1 0.479 0.2828358208955224 0.054 0.05895522388059701
1 0.6595 0.33059701492537313 0.04 0.05223880597014925
1 0.707 0.3582089552238806 0.044 0.06492537313432836
1 0.535 0.8626865671641791 0.21 0.2746268656716418
1 0.711 0.3044776119402985 0.037 0.03731343283582089
1 0.522 0.2656716417910448 0.035 0.03208955223880597
2 0.7495 0.7298507462686568 0.0355 0.12985074626865672
2 0.7825 0.5246268656716417 0.0345 0.0791044776119403
2 0.8805 0.376865671641791 0.0185 0.04477611940298507
2 0.963 0.45746268656716416 0.019 0.06044776119402985
2 0.9285 0.36343283582089553 0.018 0.041791044776119404
2 0.781 0.3492537313432836 0.019 0.04477611940298507
3 0.78 0.47761194029850745 0.02 0.04626865671641791
3 0.7515 0.6440298507462686 0.0365 0.06343283582089553
3 0.8735 0.8067164179104478 0.0535 0.10597014925373134
3 0.9605 0.4164179104477612 0.018 0.04029850746268657
2 0.3195 0.417910447761194 0.026 0.058208955223880594
3 0.3315 0.39552238805970147 0.018 0.049253731343283584