0 0.753 0.4992537313432836 0.198 0.40671641791044777
1 0.5635 0.5097014925373134 0.0955 0.18955223880597014
1 0.6015 0.25223880597014925 0.0415 0.10597014925373134
1 0.5375 0.24402985074626865 0.0465 0.07985074626865672
1 0.359 0.3447761194029851 0.074 0.11716417910447761
1 0.293 0.4992537313432836 0.1005 0.1582089552238806
1 0.0645 0.8716417910447761 0.129 0.25671641791044775
4 0.2415 0.35895522388059703 0.103 0.17313432835820897
1 0.0785 0.5201492537313432 0.1525 0.16716417910447762
0 0.3555 0.14626865671641792 0.062 0.09029850746268657
1 0.4005 0.24253731343283583 0.0565 0.09104477611940298
1 0.418 0.19776119402985073 0.04 0.06716417910447761
1 0.372 0.21791044776119403 0.038 0.07014925373134329
1 0.323 0.2791044776119403 0.0435 0.10298507462686567