0 0.275 0.5261194029850746 0.1705 0.3253731343283582
1 0.674 0.2902985074626866 0.0415 0.07238805970149254
1 0.622 0.2880597014925373 0.038 0.07388059701492537
2 0.8575 0.8559701492537314 0.042 0.12985074626865672
2 0.7375 0.6141791044776119 0.0245 0.08656716417910448
2 0.764 0.5529850746268656 0.027 0.08134328358208955
2 0.6875 0.5664179104477612 0.0205 0.08134328358208955
2 0.738 0.4537313432835821 0.0185 0.06343283582089553
2 0.702 0.4798507462686567 0.0235 0.06492537313432836
2 0.981 0.8611940298507462 0.0375 0.15746268656716417
2 0.941 0.6007462686567164 0.0315 0.0955223880597015
2 0.787 0.5261194029850746 0.021 0.08358208955223881
3 0.8455 0.7880597014925373 0.0405 0.17238805970149254
3 0.9385 0.5447761194029851 0.022 0.07537313432835821
3 0.92 0.6171641791044776 0.029 0.09850746268656717
3 0.7855 0.48134328358208955 0.0245 0.06492537313432836
3 0.9885 0.826865671641791 0.023 0.17313432835820897
3 0.686 0.5246268656716417 0.027 0.09253731343283582
3 0.735 0.5694029850746268 0.0275 0.09253731343283582
3 0.761 0.5223880597014925 0.0225 0.09104477611940298
3 0.7005 0.4417910447761194 0.025 0.0664179104477612
3 0.7365 0.4164179104477612 0.0245 0.04776119402985075
3 0.788 0.42686567164179107 0.0245 0.04776119402985075