0 0.278 0.49477611940298505 0.146 0.41044776119402987
2 0.022 0.5582089552238806 0.0415 0.10149253731343283
1 0.7425 0.8985074626865671 0.224 0.20298507462686566
1 0.2655 0.8888059701492538 0.156 0.22238805970149253
1 0.049 0.914179104477612 0.098 0.17164179104477612
1 0.101 0.6649253731343283 0.15 0.28059701492537314
2 0.0175 0.6985074626865672 0.035 0.11940298507462686
2 0.0965 0.4305970149253731 0.0225 0.0791044776119403
3 0.0255 0.5328358208955224 0.0245 0.11343283582089553
3 0.0175 0.6485074626865671 0.035 0.10895522388059702
3 0.1005 0.3940298507462687 0.0225 0.0708955223880597
1 0.3285 0.16716417910447762 0.025 0.05298507462686567
2 0.9685 0.9216417910447762 0.063 0.15671641791044777
3 0.9855 0.8970149253731343 0.0285 0.12313432835820895
3 0.9735 0.8947761194029851 0.053 0.15671641791044777
2 0.579 0.4753731343283582 0.0175 0.056716417910447764
2 0.608 0.46567164179104475 0.021 0.06343283582089553
3 0.5815 0.4455223880597015 0.015 0.06343283582089553
3 0.609 0.4455223880597015 0.019 0.07238805970149254
3 0.857 0.5320895522388059 0.02 0.1
3 0.721 0.5022388059701492 0.0125 0.08134328358208955
3 0.714 0.48880597014925375 0.0135 0.07835820895522388
2 0.175 0.3686567164179104 0.0155 0.05895522388059701
3 0.1755 0.3417910447761194 0.0145 0.05447761194029851
2 0.177 0.31865671641791044 0.023 0.04776119402985075
3 0.1785 0.29402985074626864 0.015 0.03955223880597015
2 0.454 0.3283582089552239 0.014 0.04776119402985075
3 0.4565 0.31492537313432833 0.0075 0.04328358208955224