1 0.84 0.9 0.3195 0.2
1 0.7045 0.4597014925373134 0.135 0.1664179104477612
1 0.648 0.3074626865671642 0.0755 0.10298507462686567
1 0.2705 0.40746268656716417 0.0935 0.1664179104477612
1 0.2175 0.33805970149253733 0.0585 0.10597014925373134
1 0.3165 0.28955223880597014 0.0535 0.09850746268656717
1 0.2625 0.25970149253731345 0.0465 0.07686567164179105
1 0.3785 0.26417910447761195 0.047 0.08507462686567165
1 0.116 0.7567164179104477 0.2245 0.48582089552238805
2 0.4675 0.44850746268656716 0.0675 0.09253731343283582
2 0.06 0.43582089552238806 0.0315 0.08358208955223881
2 0.097 0.42761194029850746 0.0365 0.08283582089552238
3 0.4465 0.4014925373134328 0.027 0.09701492537313433
3 0.4675 0.41567164179104477 0.025 0.10820895522388059
3 0.0505 0.40671641791044777 0.0425 0.0955223880597015
3 0.096 0.39552238805970147 0.039 0.1
1 0.561 0.4052238805970149 0.1195 0.22014925373134328