1 0.487 0.5843283582089552 0.161 0.23507462686567165
0 0.6305 0.3044776119402985 0.096 0.15447761194029852
1 0.629 0.42014925373134326 0.0995 0.141044776119403
1 0.7695 0.44477611940298506 0.0885 0.1417910447761194
1 0.834 0.31865671641791044 0.053 0.07238805970149254
4 0.7115 0.3111940298507463 0.0745 0.15522388059701492
1 0.6065 0.8201492537313433 0.2125 0.31492537313432833
1 0.771 0.2738805970149254 0.0435 0.0626865671641791
2 0.2185 0.6798507462686567 0.071 0.12462686567164179
2 0.0545 0.7089552238805971 0.043 0.12238805970149254
2 0.393 0.5559701492537313 0.0475 0.10223880597014925
2 0.5925 0.6253731343283582 0.046 0.10820895522388059
2 0.804 0.9119402985074627 0.061 0.1761194029850746
2 0.081 0.46865671641791046 0.0375 0.07611940298507462
2 0.031 0.49776119402985075 0.034 0.07985074626865672
2 0.052 0.48208955223880595 0.02 0.07164179104477612
2 0.8625 0.3970149253731343 0.02 0.07388059701492537
2 0.8865 0.44029850746268656 0.026 0.09328358208955224
3 0.2135 0.6358208955223881 0.0395 0.14850746268656717
3 0.395 0.5268656716417911 0.028 0.11641791044776119
3 0.593 0.591044776119403 0.033 0.13507462686567165
3 0.7995 0.8768656716417911 0.045 0.1865671641791045
3 0.0555 0.6529850746268657 0.046 0.13208955223880597