2 0.344 0.5537313432835821 0.0655 0.07985074626865672
2 0.3995 0.585820895522388 0.076 0.07537313432835821
2 0.4475 0.6358208955223881 0.08 0.0708955223880597
3 0.4515 0.5940298507462687 0.0365 0.10671641791044777
3 0.4025 0.5522388059701493 0.0295 0.09701492537313433
3 0.346 0.5261194029850746 0.034 0.12313432835820895
3 0.1285 0.5791044776119403 0.035 0.11044776119402985
2 0.126 0.5992537313432836 0.072 0.07164179104477612
1 0.7865 0.2865671641791045 0.042 0.1044776119402985
1 0.584 0.3074626865671642 0.0405 0.07686567164179105
1 0.5525 0.28880597014925374 0.03 0.05447761194029851
4 0.646 0.22611940298507463 0.0335 0.07686567164179105