1 0.504 0.8656716417910447 0.17 0.26865671641791045
1 0.323 0.8350746268656717 0.185 0.3044776119402985
1 0.3115 0.5313432835820896 0.1385 0.1761194029850746
1 0.58 0.4798507462686567 0.0635 0.10149253731343283
1 0.6935 0.514179104477612 0.068 0.11940298507462686
2 0.6465 0.7955223880597015 0.0305 0.06940298507462686
2 0.7225 0.7977611940298508 0.035 0.08208955223880597
2 0.7575 0.6686567164179105 0.032 0.06791044776119402
2 0.7115 0.6477611940298508 0.033 0.05970149253731343
3 0.6455 0.7328358208955223 0.029 0.08507462686567165
3 0.7225 0.7335820895522388 0.026 0.09179104477611941
3 0.7585 0.6141791044776119 0.031 0.08358208955223881
3 0.7125 0.6074626865671642 0.031 0.08507462686567165
3 0.756 0.5597014925373134 0.0275 0.06417910447761194
1 0.042 0.8365671641791045 0.0835 0.24850746268656718