1 0.664 0.5007462686567165 0.0855 0.14925373134328357
1 0.566 0.45298507462686566 0.0915 0.11940298507462686
1 0.731 0.3328358208955224 0.05 0.07985074626865672
1 0.8055 0.3238805970149254 0.0465 0.07313432835820896
1 0.166 0.42835820895522386 0.115 0.0962686567164179
1 0.2145 0.3723880597014925 0.0975 0.07686567164179105
4 0.512 0.3843283582089552 0.0925 0.14029850746268657
1 0.607 0.3276119402985075 0.0485 0.06567164179104477
0 0.6685 0.22313432835820896 0.046 0.07388059701492537
2 0.96 0.6529850746268657 0.0675 0.12611940298507462
3 0.963 0.6059701492537314 0.044 0.08507462686567165