3 0.3365 0.6843283582089552 0.0415 0.15970149253731344
3 0.5 0.6686567164179105 0.0375 0.1626865671641791
3 0.5565 0.655223880597015 0.0275 0.1455223880597015
3 0.5885 0.6656716417910448 0.0375 0.14029850746268657
3 0.5855 0.5917910447761194 0.001 0.014179104477611941
3 0.8685 0.7619402985074627 0.0555 0.2044776119402985
3 0.9815 0.8746268656716418 0.0365 0.22388059701492538
3 0.215 0.5850746268656717 0.033 0.09850746268656717
3 0.3135 0.6059701492537314 0.036 0.10970149253731343
3 0.3825 0.6044776119402985 0.06 0.1664179104477612
3 0.135 0.5373134328358209 0.032 0.11641791044776119
3 0.167 0.5313432835820896 0.0295 0.10149253731343283
3 0.425 0.5410447761194029 0.028 0.14029850746268657
3 0.4445 0.5365671641791044 0.039 0.1373134328358209
3 0.553 0.5440298507462686 0.044 0.11791044776119403
3 0.534 0.5529850746268656 0.0335 0.13059701492537312
3 0.629 0.5873134328358209 0.017 0.15522388059701492
3 0.65 0.5932835820895522 0.0345 0.1335820895522388
3 0.787 0.6261194029850746 0.051 0.12761194029850748
3 0.679 0.7365671641791045 0.0485 0.20970149253731343
3 0.712 0.6694029850746268 0.029 0.17238805970149254
3 0.74 0.6604477611940298 0.029 0.14029850746268657
2 0.145 0.594776119402985 0.054 0.10820895522388059
2 0.174 0.5671641791044776 0.0515 0.09328358208955224
2 0.223 0.655223880597015 0.0615 0.13507462686567165
2 0.3435 0.7283582089552239 0.0915 0.1373134328358209
2 0.383 0.6462686567164179 0.06 0.11492537313432835
2 0.5135 0.7171641791044776 0.106 0.1373134328358209
2 0.59 0.7119402985074627 0.094 0.13208955223880597
2 0.6935 0.7932835820895522 0.132 0.16940298507462687
2 0.869 0.8216417910447761 0.135 0.15447761194029852
2 0.9575 0.9276119402985075 0.085 0.1417910447761194
2 0.4345 0.5664179104477612 0.0765 0.08582089552238806
2 0.735 0.7201492537313433 0.089 0.12611940298507462
2 0.79 0.6701492537313433 0.0945 0.13507462686567165
1 0.624 0.3582089552238806 0.072 0.12238805970149254
1 0.694 0.3656716417910448 0.078 0.11492537313432835
0 0.6845 0.26343283582089555 0.086 0.0955223880597015