0 0.274 0.2671641791044776 0.1805 0.15895522388059702
1 0.0195 0.28880597014925374 0.039 0.09402985074626866
2 0.264 0.7656716417910447 0.098 0.08656716417910448
2 0.53 0.6634328358208955 0.0795 0.07611940298507462
2 0.5965 0.5492537313432836 0.058 0.07686567164179105
2 0.8645 0.6485074626865671 0.069 0.08955223880597014
2 0.7485 0.5798507462686567 0.0745 0.0708955223880597
2 0.9595 0.8552238805970149 0.069 0.13134328358208955
2 0.8345 0.8156716417910448 0.033 0.11641791044776119
2 0.726 0.8291044776119403 0.104 0.12238805970149254
2 0.4335 0.5895522388059702 0.075 0.07761194029850746
2 0.636 0.7783582089552239 0.094 0.08208955223880597
2 0.8665 0.9350746268656717 0.0985 0.11791044776119403
3 0.869 0.8902985074626866 0.042 0.14253731343283582
3 0.899 0.8753731343283582 0.0245 0.1253731343283582
3 0.843 0.7291044776119403 0.042 0.06716417910447761
3 0.7445 0.7917910447761194 0.04 0.141044776119403
3 0.525 0.6298507462686567 0.0295 0.1126865671641791
3 0.255 0.7350746268656716 0.027 0.12313432835820895
3 0.5965 0.5291044776119403 0.026 0.09104477611940298
3 0.941 0.7134328358208956 0.0365 0.07462686567164178
3 0.642 0.735820895522388 0.0405 0.12238805970149254