0 0.7395 0.4052238805970149 0.0975 0.23208955223880598
1 0.4175 0.5529850746268656 0.139 0.19402985074626866
1 0.5605 0.36343283582089553 0.065 0.08507462686567165
1 0.6395 0.37089552238805973 0.06 0.10298507462686567
1 0.2585 0.38283582089552237 0.0895 0.09029850746268657
1 0.043 0.44925373134328356 0.0855 0.10597014925373134
1 0.161 0.3805970149253731 0.097 0.08507462686567165
1 0.5095 0.27611940298507465 0.043 0.041791044776119404
1 0.329 0.3164179104477612 0.0665 0.06343283582089553
2 0.75 0.926865671641791 0.058 0.14626865671641792
3 0.7475 0.8373134328358209 0.048 0.10597014925373134
3 0.866 0.6805970149253732 0.0425 0.07611940298507462
3 0.7615 0.6201492537313433 0.039 0.07313432835820896
3 0.653 0.7014925373134329 0.045 0.07985074626865672
3 0.818 0.5365671641791044 0.0325 0.05149253731343283
1 0.8945 0.5335820895522388 0.033 0.057462686567164176
2 0.893 0.594776119402985 0.0375 0.10373134328358209
2 0.8185 0.6007462686567164 0.0375 0.10597014925373134
2 0.8645 0.7783582089552239 0.0475 0.14776119402985075
2 0.762 0.7014925373134329 0.042 0.13134328358208955
2 0.6535 0.8 0.048 0.15074626865671642
2 0.4255 0.3902985074626866 0.045 0.03805970149253731
2 0.3945 0.382089552238806 0.016 0.04328358208955224