4 0.6155 0.4470149253731343 0.0335 0.0791044776119403
1 0.8095 0.5149253731343284 0.0395 0.06492537313432836
0 0.2875 0.5985074626865672 0.217 0.24253731343283583
0 0.7635 0.41940298507462687 0.038 0.05447761194029851
3 0.091 0.7276119402985075 0.0075 0.04402985074626865
3 0.3045 0.7104477611940299 0.011 0.06492537313432836
3 0.3135 0.7037313432835821 0.01 0.05149253731343283
3 0.139 0.9567164179104478 0.0295 0.08656716417910448
2 0.1475 0.9716417910447761 0.059 0.056716417910447764
2 0.311 0.7238805970149254 0.0375 0.07238805970149254
2 0.0995 0.7477611940298508 0.033 0.05970149253731343
2 0.0635 0.764179104477612 0.035 0.04701492537313433
2 0.125 0.667910447761194 0.0295 0.05522388059701493
2 0.0945 0.6880597014925374 0.018 0.04477611940298507