1 0.381 0.5216417910447761 0.0995 0.15522388059701492
1 0.1545 0.41567164179104477 0.095 0.0664179104477612
2 0.051 0.5097014925373134 0.102 0.13805970149253732
2 0.32 0.8537313432835821 0.0805 0.16940298507462687
2 0.6335 0.9582089552238806 0.0595 0.08358208955223881
2 0.5065 0.6873134328358209 0.038 0.11716417910447761
2 0.563 0.6432835820895523 0.0365 0.09701492537313433
2 0.431 0.6537313432835821 0.05 0.09701492537313433
2 0.71 0.9014925373134328 0.044 0.16044776119402984
2 0.8215 0.9 0.0475 0.14776119402985075
2 0.657 0.7485074626865672 0.043 0.12313432835820895
2 0.725 0.7582089552238805 0.045 0.10149253731343283
2 0.772 0.7111940298507463 0.037 0.10298507462686567
3 0.633 0.8783582089552239 0.0475 0.1044776119402985
3 0.8175 0.8044776119402985 0.038 0.11417910447761194
3 0.7105 0.7947761194029851 0.045 0.12014925373134329
3 0.3335 0.767910447761194 0.056 0.12761194029850748
3 0.508 0.6268656716417911 0.0335 0.07686567164179105
3 0.435 0.5865671641791045 0.0295 0.07238805970149254
3 0.561 0.5865671641791045 0.031 0.07238805970149254
3 0.769 0.641044776119403 0.033 0.08955223880597014
3 0.7245 0.691044776119403 0.0395 0.06343283582089553
3 0.6595 0.6671641791044776 0.026 0.0708955223880597
1 0.2885 0.3574626865671642 0.064 0.06194029850746269
1 0.3705 0.32313432835820893 0.045 0.041791044776119404