1 0.3375 0.37910447761194027 0.072 0.14626865671641792
1 0.378 0.2537313432835821 0.039 0.08358208955223881
2 0.178 0.7671641791044777 0.048 0.13656716417910447
2 0.0725 0.6537313432835821 0.0585 0.10820895522388059
2 0.1495 0.5253731343283582 0.038 0.0880597014925373
2 0.3 0.5723880597014925 0.039 0.10820895522388059
3 0.734 0.6992537313432836 0.0315 0.1582089552238806
3 0.1885 0.6977611940298507 0.041 0.1417910447761194
3 0.0845 0.6223880597014926 0.047 0.1537313432835821
3 0.1615 0.5186567164179104 0.0375 0.13805970149253732
3 0.3015 0.5455223880597015 0.02 0.10373134328358209
3 0.8015 0.6007462686567164 0.022 0.11492537313432835
3 0.8825 0.8813432835820896 0.0455 0.13805970149253732
2 0.8665 0.9082089552238806 0.077 0.18358208955223881