1 0.3755 0.5895522388059702 0.0385 0.05522388059701493
3 0.6265 0.7671641791044777 0.0285 0.07388059701492537
1 0.5595 0.5604477611940298 0.0375 0.04402985074626865
2 0.6255 0.7910447761194029 0.025 0.03805970149253731
1 0.633 0.5985074626865672 0.0565 0.05298507462686567
2 0.802 0.9746268656716418 0.0845 0.05
2 0.8255 0.932089552238806 0.071 0.13432835820895522
3 0.824 0.8902985074626866 0.016 0.11194029850746269
3 0.805 0.9611940298507463 0.0215 0.07686567164179105
1 0.3605 0.5432835820895522 0.036 0.05373134328358209
4 0.311 0.4955223880597015 0.0375 0.09029850746268657
4 0.339 0.4626865671641791 0.0355 0.07686567164179105