1 0.1025 0.8037313432835821 0.205 0.3925373134328358
2 0.265 0.7171641791044776 0.072 0.10597014925373134
2 0.0635 0.5701492537313433 0.0605 0.0791044776119403
2 0.143 0.5261194029850746 0.0255 0.08955223880597014
2 0.1695 0.5358208955223881 0.061 0.05970149253731343
2 0.2795 0.5850746268656717 0.0425 0.0791044776119403
3 0.268 0.6455223880597015 0.0385 0.09179104477611941
3 0.284 0.5440298507462686 0.0235 0.08059701492537313
3 0.3135 0.42388059701492536 0.0295 0.058208955223880594
3 0.1765 0.49850746268656715 0.0335 0.09253731343283582
3 0.1475 0.46044776119402986 0.0335 0.08208955223880597
3 0.082 0.5283582089552239 0.042 0.09925373134328358