1 0.762 0.8223880597014925 0.277 0.35522388059701493
1 0.5745 0.5298507462686567 0.097 0.23059701492537313
1 0.4485 0.6462686567164179 0.0865 0.23432835820895523
1 0.4165 0.4634328358208955 0.063 0.20671641791044776
1 0.475 0.9388059701492537 0.236 0.12238805970149254
1 0.953 0.5059701492537313 0.094 0.22388059701492538
1 0.6895 0.3604477611940298 0.0945 0.1917910447761194
1 0.584 0.3686567164179104 0.075 0.1925373134328358
1 0.6115 0.2738805970149254 0.0605 0.08134328358208955
1 0.5785 0.2917910447761194 0.1065 0.09701492537313433
1 0.4795 0.28059701492537314 0.056 0.13059701492537312
1 0.413 0.31343283582089554 0.035 0.0880597014925373
1 0.365 0.22761194029850745 0.0225 0.050746268656716415
1 0.345 0.29328358208955224 0.071 0.057462686567164176
1 0.378 0.3925373134328358 0.0525 0.11716417910447761
3 0.178 0.9104477611940298 0.0525 0.1708955223880597
3 0.318 0.5902985074626865 0.032 0.09104477611940298
3 0.2515 0.5664179104477612 0.026 0.1
3 0.219 0.47761194029850745 0.014 0.057462686567164176
3 0.321 0.46940298507462686 0.009 0.06194029850746269
3 0.2695 0.4791044776119403 0.016 0.04626865671641791