1 0.818 0.6865671641791045 0.1495 0.27761194029850744
1 0.766 0.49328358208955225 0.076 0.12388059701492538
1 0.7155 0.35895522388059703 0.052 0.10373134328358209
0 0.6715 0.22164179104477613 0.0595 0.1126865671641791
3 0.9275 0.5977611940298507 0.0375 0.1126865671641791
2 0.9275 0.6425373134328358 0.04 0.10820895522388059
2 0.8865 0.5156716417910447 0.0305 0.0873134328358209
2 0.7955 0.38283582089552237 0.016 0.05447761194029851
2 0.297 0.5708955223880597 0.0225 0.08134328358208955
3 0.2965 0.5507462686567164 0.0235 0.08507462686567165
3 0.134 0.744776119402985 0.0295 0.13059701492537312
3 0.8845 0.48880597014925375 0.0275 0.10074626865671642
3 0.7965 0.3604477611940298 0.0185 0.06567164179104477