1 0.423 0.6686567164179105 0.145 0.2664179104477612
1 0.3495 0.458955223880597 0.075 0.1335820895522388
1 0.3275 0.9067164179104478 0.177 0.1865671641791045
1 0.318 0.3649253731343284 0.056 0.07835820895522388
1 0.252 0.3037313432835821 0.042 0.11343283582089553
2 0.6955 0.9686567164179104 0.073 0.0626865671641791
2 0.546 0.6977611940298507 0.053 0.1701492537313433
2 0.6135 0.8298507462686567 0.0775 0.13656716417910447
3 0.6695 0.917910447761194 0.065 0.16417910447761194
3 0.6155 0.735820895522388 0.046 0.14626865671641792
3 0.5335 0.6119402985074627 0.0465 0.0873134328358209