2 0.4545 0.491044776119403 0.04 0.09477611940298507
2 0.9765 0.4962686567164179 0.047 0.08358208955223881
2 0.942 0.48059701492537316 0.046 0.06940298507462686
2 0.7845 0.8194029850746268 0.093 0.1783582089552239
2 0.07 0.5119402985074627 0.042 0.07462686567164178
2 0.363 0.3723880597014925 0.0205 0.0664179104477612
2 0.324 0.3559701492537313 0.0225 0.06194029850746269
3 0.578 0.4141791044776119 0.0245 0.11417910447761194
3 0.7885 0.7619402985074627 0.058 0.19925373134328359
3 0.0725 0.4671641791044776 0.0325 0.10149253731343283
3 0.951 0.4537313432835821 0.028 0.08880597014925373
1 0.224 0.2664179104477612 0.0455 0.07388059701492537
4 0.9485 0.8574626865671642 0.103 0.23507462686567165
3 0.455 0.4582089552238806 0.023 0.10074626865671642
3 0.3615 0.3402985074626866 0.0205 0.05970149253731343
3 0.3235 0.3276119402985075 0.0215 0.05373134328358209
3 0.9845 0.4537313432835821 0.0295 0.08059701492537313