1 0.2485 0.4708955223880597 0.0235 0.024626865671641792
1 0.682 0.5791044776119403 0.0645 0.06567164179104477
1 0.277 0.4746268656716418 0.0225 0.028358208955223882
1 0.5755 0.5097014925373134 0.0335 0.03805970149253731
3 0.7415 0.582089552238806 0.0135 0.05149253731343283
3 0.5545 0.5522388059701493 0.0125 0.03507462686567164
1 0.2955 0.43507462686567167 0.0165 0.02164179104477612
0 0.3915 0.5723880597014925 0.059 0.13134328358208955
3 0.091 0.5753731343283582 0.014 0.03134328358208955
2 0.903 0.8059701492537313 0.036 0.03805970149253731
3 0.221 0.4425373134328358 0.0085 0.016417910447761194
3 0.016 0.7007462686567164 0.015 0.04402985074626865
1 0.256 0.46865671641791046 0.0365 0.03134328358208955
3 0.791 0.7522388059701492 0.0165 0.04701492537313433
3 0.7835 0.7686567164179104 0.0265 0.05447761194029851
3 0.895 0.6880597014925374 0.015 0.04253731343283582
3 0.012 0.6977611940298507 0.014 0.04402985074626865
3 0.8985 0.7947761194029851 0.027 0.048507462686567165
1 0.22 0.44776119402985076 0.009 0.012686567164179104
3 0.777 0.7671641791044777 0.019 0.04477611940298507
3 0.1695 0.4843283582089552 0.009 0.023134328358208955
3 0.5585 0.5544776119402985 0.0115 0.03283582089552239
3 0.9025 0.7835820895522388 0.0375 0.0664179104477612
3 0.456 0.458955223880597 0.0095 0.027611940298507463
3 0.5085 0.5365671641791044 0.0115 0.030597014925373135
3 0.499 0.46044776119402986 0.014 0.03134328358208955
3 0.225 0.5544776119402985 0.012 0.029104477611940297
3 0.1885 0.4835820895522388 0.0095 0.026865671641791045
3 0.1205 0.5529850746268656 0.011 0.03507462686567164
3 0.132 0.5522388059701493 0.02 0.03880597014925373
3 0.1815 0.5029850746268657 0.0135 0.029104477611940297
3 0.8685 0.655223880597015 0.0135 0.049253731343283584
3 0.5165 0.5335820895522388 0.019 0.03582089552238806
3 0.1775 0.5022388059701492 0.013 0.026865671641791045
1 0.2225 0.43582089552238806 0.0115 0.018656716417910446
3 0.79 0.7626865671641792 0.0245 0.07164179104477612
3 0.181 0.5104477611940299 0.011 0.020895522388059702
1 0.227 0.42761194029850746 0.013 0.016417910447761194
3 0.432 0.4552238805970149 0.0095 0.029850746268656716
1 0.579 0.5014925373134328 0.0235 0.023134328358208955
3 0.182 0.49402985074626865 0.025 0.04029850746268657
3 0.6195 0.5208955223880597 0.0135 0.03283582089552239
3 0.9005 0.6902985074626866 0.0195 0.03880597014925373
3 0.015 0.6902985074626866 0.0225 0.06119402985074627
3 0.454 0.45 0.0105 0.023880597014925373
3 0.8875 0.691044776119403 0.02 0.04402985074626865