1 0.266 0.8395522388059702 0.365 0.3208955223880597
1 0.5125 0.1044776119402985 0.0655 0.09179104477611941
1 0.9315 0.8925373134328358 0.1365 0.21492537313432836
2 0.573 0.8014925373134328 0.14 0.13880597014925372
2 0.1955 0.9634328358208956 0.1595 0.06492537313432836
2 0.057 0.6485074626865671 0.111 0.1
2 0.4475 0.7223880597014926 0.117 0.11641791044776119
2 0.365 0.5149253731343284 0.0975 0.11940298507462686
2 0.2755 0.5358208955223881 0.093 0.11641791044776119
2 0.191 0.5843283582089552 0.1085 0.10149253731343283
2 0.415 0.33059701492537313 0.042 0.12761194029850748
2 0.5135 0.30074626865671644 0.0295 0.09850746268656717
2 0.718 0.3246268656716418 0.042 0.12388059701492538
2 0.449 0.22761194029850745 0.032 0.09477611940298507
2 0.4575 0.6291044776119403 0.126 0.10298507462686567
2 0.7065 0.6305970149253731 0.1305 0.1253731343283582
2 0.685 0.7216417910447761 0.129 0.10671641791044777
2 0.909 0.744776119402985 0.121 0.11492537313432835
2 0.7785 0.832089552238806 0.1665 0.1335820895522388
2 0.9485 0.6126865671641791 0.103 0.1328358208955224
3 0.511 0.23283582089552238 0.033 0.06791044776119402
3 0.4095 0.28059701492537314 0.044 0.08582089552238806
3 0.4435 0.1708955223880597 0.029 0.06940298507462686
3 0.511 0.2664179104477612 0.0295 0.033582089552238806
3 0.7225 0.28582089552238804 0.032 0.1
3 0.9725 0.567910447761194 0.055 0.17537313432835822
3 0.924 0.7089552238805971 0.051 0.14850746268656717
3 0.951 0.7253731343283583 0.067 0.1582089552238806
3 0.7775 0.7940298507462686 0.081 0.17388059701492536
3 0.5805 0.7731343283582089 0.056 0.17388059701492536
3 0.606 0.7686567164179104 0.0525 0.1708955223880597
3 0.692 0.6947761194029851 0.0445 0.15149253731343285
3 0.7125 0.591044776119403 0.0485 0.1626865671641791
3 0.4975 0.5962686567164179 0.053 0.14328358208955225
3 0.466 0.6052238805970149 0.0385 0.14477611940298507
3 0.44 0.6783582089552239 0.0555 0.16492537313432837
3 0.2615 0.503731343283582 0.0335 0.13507462686567165
3 0.294 0.505223880597015 0.044 0.1335820895522388
3 0.18 0.5544776119402985 0.0385 0.1253731343283582
3 0.2145 0.55 0.0305 0.11641791044776119
3 0.0525 0.6156716417910447 0.0615 0.1626865671641791
3 0.185 0.9343283582089552 0.08 0.13134328358208955
2 0.944 0.48134328358208955 0.06 0.14850746268656717
2 0.783 0.26791044776119405 0.0375 0.11417910447761194
2 0.7815 0.1962686567164179 0.0415 0.0626865671641791
2 0.173 0.28134328358208954 0.0945 0.1044776119402985