1 0.686 0.35522388059701493 0.1075 0.07462686567164178
1 0.504 0.26940298507462684 0.029 0.034328358208955224
1 0.465 0.3522388059701492 0.079 0.08059701492537313
1 0.4205 0.24253731343283583 0.026 0.029850746268656716
1 0.367 0.25522388059701495 0.0245 0.034328358208955224
1 0.342 0.26119402985074625 0.0265 0.03283582089552239
1 0.3055 0.26044776119402985 0.025 0.03507462686567164
1 0.2665 0.26492537313432835 0.023 0.03582089552238806
1 0.9005 0.32985074626865674 0.0505 0.05298507462686567
2 0.1745 0.6201492537313433 0.039 0.10074626865671642
2 0.189 0.49402985074626865 0.024 0.07462686567164178
2 0.2115 0.5253731343283582 0.0265 0.08358208955223881
2 0.2575 0.44104477611940296 0.024 0.06417910447761194
2 0.213 0.43507462686567167 0.023 0.06194029850746269
2 0.0505 0.4597014925373134 0.021 0.06417910447761194
2 0.1405 0.3783582089552239 0.016 0.048507462686567165
2 0.1605 0.3485074626865672 0.016 0.03880597014925373
2 0.208 0.3492537313432836 0.0145 0.03955223880597015
2 0.261 0.3582089552238806 0.0175 0.03955223880597015
3 0.1755 0.5559701492537313 0.0325 0.06194029850746269
3 0.052 0.42014925373134326 0.0205 0.03283582089552239
3 0.1895 0.4470149253731343 0.021 0.04626865671641791
3 0.2585 0.4007462686567164 0.0205 0.03656716417910448
3 0.2135 0.40373134328358207 0.022 0.034328358208955224
2 0.4955 0.4052238805970149 0.047 0.041044776119402986
2 0.429 0.3902985074626866 0.033 0.04253731343283582
2 0.372 0.3656716417910448 0.0195 0.041791044776119404
3 0.4925 0.3723880597014925 0.013 0.03582089552238806
3 0.21 0.4783582089552239 0.0235 0.04626865671641791
3 0.2575 0.40373134328358207 0.0205 0.03656716417910448
3 0.259 0.33134328358208953 0.0165 0.026865671641791045
3 0.1405 0.3522388059701492 0.0165 0.026865671641791045
3 0.16 0.32611940298507464 0.016 0.028358208955223882