0 0.6845 0.4828358208955224 0.176 0.2835820895522388
1 0.4815 0.45 0.0755 0.14029850746268657
1 0.2035 0.576865671641791 0.1065 0.19776119402985073
1 0.2395 0.4626865671641791 0.064 0.12388059701492538
1 0.302 0.40298507462686567 0.0745 0.08582089552238806
0 0.2985 0.2783582089552239 0.062 0.1328358208955224
2 0.346 0.7067164179104478 0.0315 0.11492537313432835
2 0.313 0.5895522388059702 0.0355 0.09328358208955224
2 0.694 0.9149253731343283 0.0295 0.07835820895522388
2 0.5105 0.6843283582089552 0.026 0.07014925373134329
2 0.068 0.5835820895522388 0.0275 0.09477611940298507
3 0.0775 0.5208955223880597 0.0265 0.05895522388059701
3 0.3155 0.5343283582089552 0.026 0.04626865671641791
3 0.3515 0.6380597014925373 0.028 0.0626865671641791
3 0.693 0.8313432835820895 0.0375 0.08880597014925373
3 0.51 0.6298507462686567 0.025 0.05447761194029851
3 0.883 0.7559701492537313 0.041 0.11940298507462686