1 0.468 0.8753731343283582 0.1825 0.24850746268656718
1 0.662 0.8492537313432836 0.1985 0.30149253731343284
1 0.674 0.5358208955223881 0.1485 0.18955223880597014
1 0.386 0.48059701492537316 0.068 0.10895522388059702
1 0.2645 0.5171641791044777 0.073 0.12835820895522387
2 0.315 0.8208955223880597 0.0325 0.07462686567164178
2 0.2335 0.823134328358209 0.0375 0.0880597014925373
2 0.196 0.6843283582089552 0.0345 0.07313432835820896
2 0.245 0.6619402985074627 0.035 0.06417910447761194
3 0.3155 0.7529850746268657 0.031 0.09104477611940298
3 0.2335 0.753731343283582 0.0275 0.09850746268656717
3 0.1945 0.6253731343283582 0.0335 0.08955223880597014
3 0.244 0.6179104477611941 0.0335 0.09104477611940298
3 0.1975 0.5664179104477612 0.0295 0.06865671641791045
1 0.96 0.8626865671641791 0.08 0.26865671641791045