1 0.553 0.31865671641791044 0.09 0.06119402985074627
3 0.284 0.3119402985074627 0.07 0.08880597014925373
2 0.6495 0.6014925373134329 0.04 0.08582089552238806
2 0.829 0.6171641791044776 0.105 0.10820895522388059
2 0.792 0.4141791044776119 0.0195 0.06119402985074627
2 0.8715 0.3925373134328358 0.0235 0.05
2 0.375 0.39477611940298507 0.049 0.05447761194029851
2 0.408 0.3604477611940298 0.0475 0.04552238805970149
2 0.8195 0.39477611940298507 0.029 0.05447761194029851
3 0.6565 0.5462686567164179 0.0335 0.07388059701492537
3 0.863 0.5791044776119403 0.021 0.10522388059701493
3 0.833 0.6059701492537314 0.0265 0.13134328358208955
3 0.7945 0.3805970149253731 0.0185 0.04253731343283582
3 0.772 0.33880597014925373 0.0215 0.03731343283582089
3 0.379 0.36268656716417913 0.0155 0.058208955223880594
3 0.388 0.35522388059701493 0.011 0.05
3 0.406 0.33507462686567163 0.012 0.05447761194029851
2 0.772 0.36716417910447763 0.021 0.03582089552238806