1 0.3525 0.43582089552238806 0.0195 0.02164179104477612
1 0.291 0.4373134328358209 0.0175 0.020895522388059702
1 0.27 0.5007462686567165 0.0295 0.05223880597014925
1 0.7215 0.7298507462686568 0.117 0.13059701492537312
4 0.224 0.6320895522388059 0.057 0.09776119402985074
1 0.0395 0.8641791044776119 0.079 0.25149253731343285
1 0.4995 0.4917910447761194 0.043 0.05298507462686567
0 0.179 0.5440298507462686 0.0895 0.1626865671641791
4 0.243 0.45149253731343286 0.0375 0.11119402985074626
3 0.9345 0.9492537313432836 0.0305 0.09776119402985074
3 0.493 0.558955223880597 0.0145 0.057462686567164176
3 0.539 0.585820895522388 0.0105 0.07537313432835821
3 0.7115 0.6477611940298508 0.026 0.05
3 0.5765 0.5798507462686567 0.0095 0.049253731343283584
2 0.987 0.85 0.026 0.08432835820895522
2 0.4955 0.564179104477612 0.02 0.04029850746268657
2 0.928 0.9649253731343284 0.054 0.06940298507462686