1 0.09 0.3 0.107 0.06417910447761194
1 0.332 0.22462686567164178 0.0645 0.04253731343283582
1 0.7535 0.2044776119402985 0.0285 0.03582089552238806
1 0.807 0.19029850746268656 0.023 0.03208955223880597
2 0.388 0.33955223880597013 0.048 0.041791044776119404
2 0.3175 0.3582089552238806 0.05 0.04552238805970149
2 0.69 0.34253731343283583 0.0365 0.04552238805970149
2 0.584 0.332089552238806 0.0495 0.0664179104477612
2 0.9725 0.4462686567164179 0.0445 0.08582089552238806
2 0.895 0.3611940298507463 0.0195 0.0873134328358209
2 0.786 0.30597014925373134 0.053 0.0626865671641791
2 0.727 0.31044776119402984 0.0255 0.055970149253731345
2 0.653 0.31865671641791044 0.029 0.06044776119402985
2 0.4835 0.33507462686567163 0.0685 0.07761194029850746
2 0.425 0.31791044776119404 0.034 0.06492537313432836
2 0.2795 0.3201492537313433 0.0385 0.07611940298507462
2 0.211 0.3208955223880597 0.03 0.05447761194029851
2 0.1645 0.32686567164179103 0.0305 0.06716417910447761