1 0.258 0.7910447761194029 0.2525 0.37089552238805973
3 0.0505 0.7134328358208956 0.0555 0.16567164179104477
2 0.044 0.7970149253731343 0.088 0.23507462686567165
3 0.77 0.6462686567164179 0.0365 0.1962686567164179
3 0.4315 0.8522388059701492 0.0645 0.208955223880597
3 0.533 0.6932835820895522 0.052 0.1798507462686567
3 0.625 0.5231343283582089 0.026 0.13955223880597015
3 0.915 0.6029850746268657 0.0355 0.13880597014925372
2 0.766 0.6895522388059702 0.1175 0.17313432835820897
2 0.4605 0.6402985074626866 0.0415 0.11940298507462686
2 0.0435 0.5723880597014925 0.0495 0.09328358208955224
2 0.428 0.9044776119402985 0.1285 0.19029850746268656