1 0.562 0.767910447761194 0.1525 0.4634328358208955
2 0.9825 0.5156716417910447 0.0255 0.07462686567164178
2 0.901 0.49701492537313435 0.0365 0.09029850746268657
2 0.0185 0.5850746268656717 0.0365 0.11940298507462686
3 0.973 0.48507462686567165 0.0255 0.11567164179104478
3 0.899 0.4626865671641791 0.0215 0.07014925373134329
3 0.954 0.3798507462686567 0.026 0.08358208955223881
4 0.3395 0.1798507462686567 0.062 0.12313432835820895
1 0.421 0.14776119402985075 0.0295 0.06417910447761194
1 0.438 0.10671641791044777 0.028 0.048507462686567165
1 0.6005 0.14029850746268657 0.034 0.09701492537313433
1 0.38 0.14850746268656717 0.0355 0.08432835820895522