1 0.313 0.7111940298507463 0.203 0.291044776119403
1 0.3385 0.4746268656716418 0.1345 0.18880597014925374
1 0.4615 0.5529850746268656 0.137 0.1828358208955224
1 0.5365 0.7858208955223881 0.17 0.3686567164179104
1 0.487 0.3753731343283582 0.077 0.08208955223880597
1 0.512 0.43208955223880596 0.1335 0.10373134328358209
1 0.5675 0.33134328358208953 0.078 0.08582089552238806
1 0.3255 0.3238805970149254 0.099 0.13507462686567165
1 0.179 0.3850746268656716 0.132 0.11641791044776119
1 0.0475 0.5022388059701492 0.095 0.17388059701492536
1 0.4175 0.3037313432835821 0.043 0.08582089552238806