2 0.739 0.8768656716417911 0.0525 0.1417910447761194
2 0.2675 0.5522388059701493 0.0255 0.07537313432835821
2 0.2015 0.5582089552238806 0.0335 0.0880597014925373
2 0.1 0.5880597014925373 0.0455 0.10522388059701493
2 0.2405 0.373134328358209 0.0265 0.058208955223880594
3 0.2685 0.5059701492537313 0.0345 0.07388059701492537
3 0.2075 0.5268656716417911 0.0335 0.08358208955223881
3 0.1 0.5544776119402985 0.031 0.11343283582089553
3 0.111 0.5432835820895522 0.033 0.12611940298507462
3 0.0665 0.5059701492537313 0.023 0.10522388059701493
3 0.1305 0.40298507462686567 0.0225 0.0955223880597015
3 0.2435 0.33880597014925373 0.0175 0.05223880597014925
3 0.752 0.8582089552238806 0.052 0.12761194029850748
3 0.74 0.8171641791044776 0.0345 0.08208955223880597
3 0.9885 0.8455223880597015 0.023 0.16343283582089552