1 0.8585 0.8626865671641791 0.283 0.2746268656716418
1 0.4115 0.4925373134328358 0.1955 0.31417910447761194
1 0.3805 0.932089552238806 0.4695 0.13582089552238805
1 0.519 0.048507462686567165 0.074 0.08208955223880597
1 0.4035 0.029850746268656716 0.0845 0.05970149253731343
3 0.7775 0.48955223880597015 0.053 0.19328358208955224
3 0.5985 0.7097014925373134 0.0485 0.1701492537313433
3 0.581 0.7037313432835821 0.0555 0.1947761194029851
3 0.501 0.8082089552238806 0.0425 0.2335820895522388
3 0.385 0.7559701492537313 0.052 0.22611940298507463
3 0.189 0.7664179104477612 0.0375 0.21492537313432836
3 0.131 0.8798507462686567 0.0485 0.24029850746268658
3 0.087 0.8634328358208955 0.061 0.21791044776119403
3 0.0255 0.814179104477612 0.0505 0.22761194029850745
3 0.094 0.6126865671641791 0.0345 0.22611940298507463
3 0.206 0.6194029850746269 0.045 0.18134328358208956
3 0.3065 0.20298507462686566 0.0375 0.10373134328358209
3 0.4045 0.18582089552238806 0.0375 0.0880597014925373
3 0.391 0.1208955223880597 0.038 0.09776119402985074
3 0.565 0.1291044776119403 0.034 0.08208955223880597
3 0.6 0.1664179104477612 0.0365 0.08059701492537313
2 0.5905 0.24328358208955222 0.047 0.11567164179104478
2 0.594 0.7350746268656716 0.0625 0.20597014925373133
2 0.5155 0.8261194029850746 0.143 0.1328358208955224
2 0.397 0.7888059701492537 0.1495 0.17313432835820897
2 0.4055 0.25522388059701495 0.033 0.06791044776119402
2 0.315 0.2783582089552239 0.0445 0.08358208955223881
2 0.207 0.23059701492537313 0.045 0.12835820895522387
2 0.0205 0.4746268656716418 0.041 0.16417910447761194
2 0.145 0.8902985074626866 0.152 0.14701492537313432
2 0.212 0.7805970149253731 0.1025 0.14253731343283582
2 0.241 0.6455223880597015 0.0415 0.13134328358208955
2 0.097 0.6298507462686567 0.119 0.14402985074626865