3 0.7405 0.5828358208955224 0.015 0.05149253731343283
3 0.7 0.5708955223880597 0.016 0.03134328358208955
1 0.6315 0.5455223880597015 0.027 0.04776119402985075
1 0.3595 0.44477611940298506 0.019 0.025373134328358207
3 0.6545 0.5544776119402985 0.0205 0.04328358208955224
1 0.3605 0.45298507462686566 0.0215 0.028358208955223882
1 0.35 0.4052238805970149 0.0135 0.013432835820895522
3 0.107 0.5992537313432836 0.012 0.029850746268656716
3 0.621 0.5268656716417911 0.0195 0.06194029850746269
3 0.704 0.5723880597014925 0.0215 0.04328358208955224
0 0.0625 0.814179104477612 0.125 0.3716417910447761