1 0.602 0.7574626865671642 0.1575 0.48507462686567165
2 0.9525 0.47388059701492535 0.038 0.09253731343283582
2 0.0295 0.5656716417910448 0.059 0.12313432835820895
3 0.0065 0.5462686567164179 0.0125 0.13805970149253732
3 0.9505 0.4388059701492537 0.022 0.07238805970149254
3 0.997 0.35149253731343283 0.006 0.08507462686567165
4 0.372 0.14776119402985075 0.064 0.12686567164179105
1 0.456 0.11492537313432835 0.0305 0.06567164179104477
1 0.4735 0.07238805970149254 0.029 0.05
1 0.6415 0.10746268656716418 0.035 0.1
1 0.414 0.11567164179104478 0.0365 0.08656716417910448