1 0.385 0.858955223880597 0.388 0.28134328358208954
1 0.6205 0.5574626865671641 0.1865 0.3358208955223881
1 0.4705 0.2373134328358209 0.1205 0.24029850746268658
1 0.4855 0.08955223880597014 0.07 0.1126865671641791
1 0.0455 0.9037313432835821 0.091 0.1925373134328358
2 0.2175 0.6455223880597015 0.0955 0.1746268656716418
2 0.4105 0.5291044776119403 0.0625 0.17313432835820897
2 0.479 0.567910447761194 0.0785 0.15149253731343285
2 0.201 0.4671641791044776 0.0925 0.1291044776119403
2 0.3295 0.37910447761194027 0.0625 0.1291044776119403
2 0.361 0.28955223880597014 0.0345 0.12014925373134329
2 0.403 0.20597014925373133 0.028 0.09104477611940298
2 0.784 0.6291044776119403 0.0495 0.12611940298507462
2 0.974 0.4298507462686567 0.052 0.0955223880597015
2 0.551 0.36343283582089553 0.032 0.10597014925373134
2 0.5795 0.4380597014925373 0.0555 0.10597014925373134
2 0.6755 0.2835820895522388 0.0355 0.12164179104477611
2 0.723 0.3940298507462687 0.0435 0.13805970149253732
2 0.771 0.3850746268656716 0.0405 0.141044776119403
2 0.6195 0.3253731343283582 0.0305 0.07313432835820896
3 0.4635 0.5253731343283582 0.039 0.16865671641791044
3 0.4795 0.5149253731343284 0.0395 0.13955223880597015
3 0.7805 0.55 0.0545 0.13955223880597015
3 0.73 0.3619402985074627 0.032 0.10820895522388059
3 0.7765 0.3365671641791045 0.0365 0.12014925373134329
3 0.412 0.5044776119402985 0.051 0.1761194029850746
3 0.213 0.6253731343283582 0.053 0.20970149253731343
3 0.2345 0.5835820895522388 0.033 0.1791044776119403
3 0.193 0.43582089552238806 0.0435 0.18358208955223881
3 0.223 0.40671641791044777 0.0265 0.17164179104477612
3 0.3255 0.33955223880597013 0.0495 0.14701492537313432
3 0.359 0.24776119402985075 0.037 0.11567164179104478
3 0.4065 0.16417910447761194 0.037 0.10671641791044777
3 0.553 0.3074626865671642 0.0295 0.11716417910447761
3 0.58 0.37910447761194027 0.038 0.12014925373134329
3 0.6165 0.2582089552238806 0.038 0.08955223880597014
3 0.677 0.23432835820895523 0.037 0.11119402985074626
3 0.751 0.24104477611940298 0.023 0.10149253731343283
3 0.712 0.23507462686567165 0.0165 0.1335820895522388