1 0.759 0.27761194029850744 0.084 0.048507462686567165
2 0.897 0.3208955223880597 0.0305 0.041044776119402986
2 0.2475 0.47238805970149256 0.058 0.09402985074626866
2 0.174 0.4455223880597015 0.0585 0.0873134328358209
2 0.03 0.6164179104477612 0.0595 0.11567164179104478
2 0.055 0.4791044776119403 0.051 0.08134328358208955
2 0.2985 0.5746268656716418 0.06 0.11417910447761194
1 0.494 0.20746268656716418 0.0415 0.06716417910447761
1 0.295 0.22014925373134328 0.03 0.0664179104477612
1 0.2575 0.2291044776119403 0.028 0.06343283582089553
1 0.332 0.21940298507462686 0.027 0.05895522388059701
3 0.298 0.5074626865671642 0.03 0.1