1 0.141 0.14626865671641792 0.1235 0.12388059701492538
1 0.823 0.17164179104477612 0.053 0.0791044776119403
2 0.804 0.4873134328358209 0.054 0.09402985074626866
2 0.2305 0.5604477611940298 0.056 0.12686567164179105
1 0.457 0.19776119402985073 0.1375 0.1417910447761194
1 0.977 0.3559701492537313 0.046 0.1044776119402985
3 0.567 0.8149253731343283 0.0655 0.15671641791044777
3 0.2145 0.45149253731343286 0.0515 0.11567164179104478
3 0.105 0.6708955223880597 0.0475 0.11194029850746269
3 0.021 0.576865671641791 0.042 0.17388059701492536
3 0.106 0.5194029850746269 0.0405 0.11865671641791045
3 0.099 0.332089552238806 0.0265 0.10373134328358209
3 0.0065 0.28507462686567164 0.0125 0.09701492537313433
3 0.0685 0.11791044776119403 0.0185 0.0626865671641791
3 0.02 0.21567164179104478 0.021 0.041791044776119404
3 0.192 0.22686567164179106 0.0345 0.10298507462686567
3 0.6945 0.4843283582089552 0.034 0.11492537313432835
3 0.4485 0.3611940298507463 0.0215 0.07985074626865672
3 0.6855 0.25597014925373135 0.0165 0.09029850746268657
3 0.7935 0.3835820895522388 0.021 0.0626865671641791
3 0.9625 0.5261194029850746 0.032 0.12238805970149254
3 0.534 0.3902985074626866 0.031 0.09776119402985074
1 0.77 0.11716417910447761 0.0575 0.08283582089552238
1 0.131 0.28582089552238804 0.122 0.1626865671641791
1 0.011 0.09850746268656717 0.022 0.08059701492537313
2 0.5435 0.458955223880597 0.0895 0.1455223880597015
2 0.107 0.8052238805970149 0.0435 0.1791044776119403
2 0.584 0.9365671641791045 0.056 0.12686567164179105
2 0.699 0.5850746268656717 0.039 0.13208955223880597
2 0.96 0.6343283582089553 0.08 0.21865671641791046
2 0.3345 0.2902985074626866 0.039 0.058208955223880594
2 0.014 0.3246268656716418 0.028 0.09701492537313433
2 0.043 0.30223880597014924 0.025 0.0664179104477612
2 0.623 0.46119402985074626 0.0315 0.11940298507462686