1 0.382 0.7097014925373134 0.133 0.2171641791044776
1 0.5165 0.3917910447761194 0.0595 0.12238805970149254
1 0.5555 0.26343283582089555 0.0385 0.07462686567164178
1 0.779 0.9104477611940298 0.1875 0.1791044776119403
2 0.6125 0.6164179104477612 0.0535 0.09253731343283582
2 0.8405 0.49328358208955225 0.052 0.09402985074626866
2 0.725 0.41492537313432837 0.0235 0.058208955223880594
2 0.7735 0.3208955223880597 0.022 0.034328358208955224
2 0.7075 0.282089552238806 0.0295 0.049253731343283584
2 0.4115 0.4783582089552239 0.02 0.049253731343283584
2 0.3605 0.5156716417910447 0.0285 0.08507462686567165
2 0.3045 0.667910447761194 0.047 0.1328358208955224
2 0.261 0.8686567164179104 0.0495 0.16716417910447762
2 0.217 0.8425373134328358 0.0505 0.13582089552238805
2 0.094 0.814179104477612 0.0685 0.1328358208955224
2 0.264 0.6455223880597015 0.0385 0.1328358208955224
2 0.329 0.5097014925373134 0.0225 0.06417910447761194
3 0.4135 0.45597014925373136 0.0195 0.050746268656716415
3 0.8405 0.44402985074626866 0.027 0.07164179104477612
3 0.7245 0.3843283582089552 0.0225 0.050746268656716415
3 0.6115 0.5619402985074626 0.0395 0.07611940298507462
3 0.7735 0.2992537313432836 0.025 0.03283582089552239
3 0.7115 0.2544776119402985 0.0115 0.029850746268656716
3 0.354 0.4716417910447761 0.026 0.06567164179104477
3 0.3245 0.4664179104477612 0.017 0.06119402985074627
3 0.301 0.6097014925373134 0.0185 0.06119402985074627
3 0.293 0.6298507462686567 0.0175 0.056716417910447764
3 0.2585 0.6014925373134329 0.0325 0.07761194029850746
3 0.2515 0.8223880597014925 0.0285 0.09850746268656717
3 0.2165 0.7970149253731343 0.0285 0.10149253731343283
3 0.11 0.7402985074626866 0.0185 0.11940298507462686
3 0.0895 0.746268656716418 0.026 0.0955223880597015