1 0.679 0.6619402985074627 0.0975 0.1962686567164179
1 0.4415 0.47761194029850745 0.0735 0.14626865671641792
1 0.31 0.382089552238806 0.0425 0.08507462686567165
1 0.919 0.6149253731343284 0.162 0.18208955223880596
1 0.578 0.9679104477611941 0.207 0.06343283582089553
2 0.8865 0.8507462686567164 0.055 0.06567164179104477
2 0.7405 0.8395522388059702 0.067 0.06791044776119402
2 0.7855 0.7373134328358208 0.059 0.0708955223880597
2 0.3485 0.8373134328358209 0.049 0.07238805970149254
2 0.2915 0.9634328358208956 0.0615 0.07238805970149254
2 0.3895 0.7514925373134328 0.0495 0.0708955223880597
2 0.29 0.6417910447761194 0.0465 0.0626865671641791
2 0.339 0.5850746268656717 0.052 0.056716417910447764
2 0.2805 0.5074626865671642 0.0455 0.05
3 0.8905 0.7843283582089552 0.0455 0.12238805970149254
3 0.7935 0.7 0.0375 0.11641791044776119
3 0.7445 0.7865671641791044 0.043 0.11044776119402985
3 0.7095 0.6380597014925373 0.0385 0.07985074626865672
3 0.3775 0.6813432835820895 0.0375 0.09776119402985074
3 0.3515 0.7716417910447761 0.037 0.09402985074626866
3 0.285 0.905223880597015 0.0415 0.10074626865671642
3 0.284 0.5962686567164179 0.041 0.07985074626865672
3 0.3375 0.5455223880597015 0.0455 0.0626865671641791
3 0.282 0.47313432835820896 0.024 0.03656716417910448
1 0.9535 0.7686567164179104 0.093 0.19402985074626866