1 0.57 0.8888059701492538 0.1215 0.1761194029850746
1 0.389 0.46417910447761196 0.0215 0.03656716417910448
0 0.3655 0.4917910447761194 0.046 0.12313432835820895
4 0.064 0.6246268656716418 0.0695 0.15223880597014924
2 0.8255 0.8805970149253731 0.0455 0.09402985074626866
3 0.831 0.8470149253731343 0.0205 0.05298507462686567
2 0.7265 0.7276119402985075 0.032 0.055970149253731345
2 0.6275 0.7194029850746269 0.0295 0.0664179104477612
3 0.6295 0.6843283582089552 0.015 0.03955223880597015
3 0.7375 0.7044776119402985 0.0135 0.04402985074626865
3 0.726 0.6955223880597015 0.011 0.04626865671641791