3 0.1205 0.5447761194029851 0.0345 0.11492537313432835
3 0.213 0.5843283582089552 0.0445 0.0791044776119403
3 0.2125 0.7343283582089553 0.0455 0.10970149253731343
3 0.2035 0.7007462686567164 0.0305 0.1044776119402985
3 0.1955 0.4701492537313433 0.033 0.0708955223880597
3 0.231 0.39477611940298507 0.021 0.08507462686567165
3 0.309 0.3664179104477612 0.026 0.041791044776119404
3 0.097 0.40298507462686567 0.0235 0.04701492537313433
3 0.3085 0.36343283582089553 0.011 0.03507462686567164
1 0.453 0.46492537313432836 0.086 0.1417910447761194
1 0.6385 0.5186567164179104 0.139 0.20149253731343283
1 0.9345 0.48208955223880595 0.131 0.15522388059701492
1 0.8545 0.39104477611940297 0.107 0.11492537313432835
1 0.711 0.3656716417910448 0.075 0.09029850746268657
1 0.555 0.31492537313432833 0.082 0.07388059701492537
1 0.6415 0.3194029850746269 0.067 0.07238805970149254
1 0.643 0.28582089552238804 0.0515 0.04477611940298507
1 0.9265 0.33432835820895523 0.047 0.06492537313432836
1 0.9825 0.3485074626865672 0.035 0.058208955223880594
1 0.8745 0.32238805970149254 0.0725 0.04477611940298507
1 0.851 0.30223880597014924 0.046 0.04328358208955224
1 0.2645 0.25970149253731345 0.029 0.03880597014925373
1 0.295 0.25522388059701495 0.0225 0.04552238805970149
1 0.3355 0.2335820895522388 0.032 0.033582089552238806
2 0.2135 0.8044776119402985 0.05 0.13880597014925372
2 0.123 0.5701492537313433 0.079 0.06492537313432836
2 0.215 0.6320895522388059 0.0615 0.08880597014925373
2 0.201 0.5097014925373134 0.049 0.07238805970149254
2 0.2395 0.4134328358208955 0.068 0.048507462686567165
2 0.3125 0.39925373134328357 0.0265 0.05447761194029851
2 0.286 0.37089552238805973 0.017 0.041791044776119404
2 0.324 0.3604477611940298 0.025 0.04552238805970149
2 0.5785 0.3932835820895522 0.0275 0.041791044776119404
2 0.6145 0.408955223880597 0.0445 0.04029850746268657
2 0.6455 0.4082089552238806 0.036 0.04701492537313433
2 0.091 0.44029850746268656 0.029 0.058208955223880594
3 0.035 0.40298507462686567 0.021 0.05522388059701493