3 0.668 0.5134328358208955 0.0385 0.06119402985074627
3 0.7155 0.41567164179104477 0.027 0.06119402985074627
3 0.8225 0.4828358208955224 0.0295 0.07761194029850746
3 0.9745 0.5694029850746268 0.033 0.08582089552238806
3 0.9495 0.49328358208955225 0.0285 0.0626865671641791
3 0.768 0.40298507462686567 0.022 0.056716417910447764
2 0.668 0.5940298507462687 0.032 0.09776119402985074
2 0.8305 0.5298507462686567 0.0355 0.06865671641791045
2 0.9785 0.6223880597014926 0.043 0.08656716417910448
2 0.7195 0.44925373134328356 0.0385 0.05970149253731343
2 0.768 0.4380597014925373 0.0385 0.0626865671641791
2 0.5895 0.37910447761194027 0.049 0.05
2 0.6555 0.37910447761194027 0.0345 0.05
2 0.849 0.48955223880597015 0.0215 0.08208955223880597
2 0.95 0.5507462686567164 0.0445 0.06865671641791045
2 0.132 0.3835820895522388 0.0345 0.04253731343283582
1 0.2315 0.29253731343283584 0.082 0.06119402985074627
1 0.06 0.3253731343283582 0.1 0.08358208955223881
1 0.7745 0.24776119402985075 0.0165 0.03656716417910448
1 0.724 0.24328358208955222 0.0375 0.058208955223880594
1 0.8105 0.258955223880597 0.0375 0.05