1 0.527 0.4798507462686567 0.1275 0.14328358208955225
1 0.627 0.39477611940298507 0.065 0.1
1 0.5225 0.39477611940298507 0.0845 0.13880597014925372
1 0.63 0.3 0.032 0.0664179104477612
2 0.6915 0.8992537313432836 0.0375 0.10671641791044777
2 0.894 0.4798507462686567 0.042 0.06791044776119402
2 0.933 0.5291044776119403 0.0655 0.08059701492537313
3 0.692 0.808955223880597 0.046 0.15149253731343285
3 0.693 0.44925373134328356 0.0235 0.0955223880597015
3 0.942 0.503731343283582 0.026 0.11492537313432835
3 0.9125 0.46567164179104475 0.0295 0.0873134328358209