1 0.305 0.4261194029850746 0.131 0.12462686567164179
3 0.82 0.6253731343283582 0.036 0.1619402985074627
3 0.905 0.514179104477612 0.028 0.14626865671641792
3 0.831 0.46865671641791046 0.023 0.12164179104477611
3 0.75 0.5335820895522388 0.0235 0.14402985074626865
2 0.931 0.5164179104477612 0.065 0.07835820895522388
2 0.829 0.4925373134328358 0.0845 0.07761194029850746
2 0.816 0.7007462686567164 0.0875 0.12238805970149254
2 0.7425 0.5529850746268656 0.087 0.09029850746268657
2 0.342 0.4597014925373134 0.054 0.08283582089552238
2 0.2735 0.48656716417910445 0.061 0.08582089552238806
2 0.131 0.6253731343283582 0.081 0.13656716417910447