1 0.517 0.12686567164179105 0.077 0.1335820895522388
1 0.6505 0.44477611940298506 0.138 0.2664179104477612
2 0.166 0.28134328358208954 0.085 0.08283582089552238
3 0.6775 0.7119402985074627 0.0565 0.17313432835820897
3 0.42 0.682089552238806 0.0565 0.21343283582089553
3 0.6925 0.20298507462686566 0.0325 0.09029850746268657
3 0.4985 0.22238805970149253 0.031 0.06417910447761194
3 0.681 0.6664179104477612 0.0425 0.08358208955223881
3 0.744 0.7417910447761195 0.033 0.0708955223880597
3 0.93 0.5298507462686567 0.021 0.1664179104477612
2 0.967 0.7761194029850746 0.066 0.15522388059701492
3 0.6255 0.7283582089552239 0.073 0.12238805970149254
2 0.368 0.6783582089552239 0.064 0.10298507462686567
2 0.4335 0.7880597014925373 0.1505 0.14328358208955225
1 0.6995 0.9111940298507463 0.418 0.1582089552238806