1 0.7795 0.8731343283582089 0.1455 0.2537313432835821
1 0.696 0.40671641791044777 0.0495 0.10970149253731343
1 0.4975 0.45671641791044776 0.0625 0.11044776119402985
1 0.6505 0.22238805970149253 0.022 0.04776119402985075
0 0.5675 0.33507462686567163 0.055 0.1291044776119403
2 0.3435 0.7686567164179104 0.0425 0.12611940298507462
2 0.3875 0.6425373134328358 0.0265 0.056716417910447764
2 0.4135 0.5402985074626866 0.023 0.058208955223880594
2 0.4395 0.4537313432835821 0.014 0.04402985074626865
2 0.307 0.7365671641791045 0.0295 0.0708955223880597
2 0.1335 0.9432835820895522 0.0615 0.11343283582089553
3 0.3895 0.6014925373134329 0.032 0.09477611940298507
3 0.4425 0.4246268656716418 0.018 0.05
3 0.4135 0.5007462686567165 0.0175 0.06791044776119402
3 0.3045 0.6761194029850747 0.0275 0.09253731343283582
3 0.337 0.7365671641791045 0.0335 0.11865671641791045
3 0.128 0.9134328358208955 0.05 0.11417910447761194
3 0.6205 0.9597014925373134 0.0465 0.08059701492537313
3 0.89 0.4962686567164179 0.021 0.04701492537313433
3 0.816 0.5231343283582089 0.0285 0.07014925373134329
3 0.8075 0.43582089552238806 0.0245 0.07014925373134329
3 0.835 0.3723880597014925 0.0095 0.04328358208955224
3 0.8615 0.3738805970149254 0.0155 0.06119402985074627
2 0.8925 0.5380597014925373 0.031 0.09029850746268657
2 0.818 0.573134328358209 0.0315 0.09477611940298507
2 0.8105 0.45671641791044776 0.0285 0.06940298507462686
2 0.7725 0.42014925373134326 0.012 0.056716417910447764
2 0.8655 0.3880597014925373 0.025 0.058208955223880594
3 0.771 0.38731343283582087 0.013 0.03507462686567164
3 0.1305 0.5708955223880597 0.0205 0.08880597014925373
3 0.7725 0.3604477611940298 0.017 0.034328358208955224
3 0.7835 0.33507462686567163 0.016 0.03507462686567164
2 0.787 0.3664179104477612 0.0145 0.05298507462686567
2 0.7765 0.3835820895522388 0.0175 0.04328358208955224
2 0.7535 0.31716417910447764 0.0165 0.04626865671641791
3 0.7525 0.2955223880597015 0.0095 0.023134328358208955