1 0.4875 0.6977611940298507 0.321 0.3776119402985075
1 0.3805 0.4380597014925373 0.216 0.2902985074626866
1 0.5395 0.13955223880597015 0.099 0.2417910447761194
1 0.0365 0.5417910447761194 0.073 0.39104477611940297
2 0.734 0.42014925373134326 0.071 0.15671641791044777
2 0.7345 0.22686567164179106 0.0385 0.07835820895522388
2 0.9715 0.4171641791044776 0.024 0.16865671641791044
2 0.4235 0.27313432835820894 0.0465 0.0708955223880597
2 0.463 0.11044776119402985 0.036 0.08880597014925373
2 0.8275 0.208955223880597 0.0665 0.18507462686567164
3 0.6295 0.3335820895522388 0.041 0.1582089552238806
3 0.4175 0.23208955223880598 0.04 0.13656716417910447
3 0.7415 0.3686567164179104 0.046 0.14626865671641792
3 0.4635 0.06044776119402985 0.0435 0.08582089552238806