1 0.2805 0.5231343283582089 0.1725 0.30597014925373134
3 0.796 0.6253731343283582 0.0565 0.1253731343283582
2 0.798 0.7604477611940299 0.134 0.15522388059701492
2 0.0435 0.6335820895522388 0.087 0.15970149253731344
3 0.021 0.5865671641791045 0.042 0.15970149253731344
3 0.866 0.41119402985074627 0.028 0.13955223880597015
3 0.752 0.25149253731343285 0.0185 0.10746268656716418
3 0.3995 0.2880597014925373 0.028 0.10746268656716418
3 0.059 0.35447761194029853 0.029 0.09477611940298507
2 0.853 0.4261194029850746 0.0915 0.09701492537313433
2 0.7465 0.27238805970149255 0.0615 0.07164179104477612
2 0.406 0.3291044776119403 0.074 0.07462686567164178
2 0.0575 0.4059701492537313 0.064 0.12985074626865672