3 0.5985 0.46865671641791046 0.027 0.1253731343283582
3 0.3365 0.4082089552238806 0.032 0.1126865671641791
3 0.376 0.37089552238805973 0.0195 0.05373134328358209
3 0.0375 0.49402985074626865 0.023 0.1664179104477612
1 0.411 0.3805970149253731 0.128 0.1
1 0.455 0.33059701492537313 0.104 0.07761194029850746
1 0.4705 0.3417910447761194 0.0385 0.058208955223880594
1 0.202 0.3858208955223881 0.129 0.13582089552238805
0 0.096 0.24850746268656718 0.1915 0.16119402985074627
1 0.695 0.27761194029850744 0.053 0.07537313432835821
2 0.6015 0.5007462686567165 0.12 0.0955223880597015