1 0.47 0.3917910447761194 0.1545 0.25298507462686565
1 0.5375 0.18582089552238806 0.1075 0.21865671641791046
3 0.978 0.43134328358208956 0.033 0.1664179104477612
3 0.096 0.8828358208955224 0.0645 0.21567164179104478
3 0.2055 0.7783582089552239 0.055 0.24328358208955222
3 0.36 0.6619402985074627 0.0565 0.17761194029850746
3 0.4335 0.6537313432835821 0.053 0.21119402985074626
3 0.37 0.8708955223880597 0.0535 0.1761194029850746
3 0.511 0.5611940298507463 0.036 0.14402985074626865
2 0.434 0.13507462686567165 0.0285 0.11641791044776119
2 0.607 0.15746268656716417 0.031 0.12761194029850748
2 0.624 0.291044776119403 0.043 0.14253731343283582
2 0.69 0.31492537313432833 0.0495 0.1761194029850746
2 0.743 0.4761194029850746 0.0355 0.18208955223880596
2 0.813 0.6634328358208955 0.0485 0.21567164179104478
2 0.684 0.15522388059701492 0.037 0.15223880597014924
2 0.353 0.667910447761194 0.089 0.20522388059701493
2 0.2115 0.7917910447761194 0.1455 0.11119402985074626
2 0.3415 0.6798507462686567 0.108 0.14029850746268657
2 0.095 0.9067164179104478 0.145 0.13432835820895522
2 0.342 0.6791044776119403 0.1085 0.13432835820895522
2 0.431 0.15522388059701492 0.0285 0.09328358208955224
2 0.507 0.6276119402985074 0.0445 0.09029850746268657
2 0.4215 0.7305970149253731 0.0545 0.15223880597014924
2 0.3835 0.9111940298507463 0.1615 0.11343283582089553
2 0.7395 0.5171641791044777 0.0425 0.11119402985074626
2 0.6865 0.16343283582089552 0.0315 0.05447761194029851
2 0.7835 0.2619402985074627 0.0365 0.10373134328358209
2 0.9595 0.4425373134328358 0.0775 0.1044776119402985
3 0.813 0.6343283582089553 0.0375 0.15298507462686567
3 0.7415 0.43507462686567167 0.03 0.10970149253731343
3 0.643 0.1708955223880597 0.0275 0.08507462686567165
3 0.608 0.13507462686567165 0.0165 0.07313432835820896
3 0.5105 0.55 0.024 0.09328358208955224
3 0.693 0.2753731343283582 0.027 0.08656716417910448
3 0.624 0.24029850746268658 0.0285 0.08582089552238806
1 0.6075 0.691044776119403 0.248 0.30597014925373134