3 0.531 0.5619402985074626 0.037 0.11492537313432835
3 0.641 0.8126865671641791 0.06 0.13582089552238805
3 0.6155 0.7813432835820896 0.0365 0.14029850746268657
3 0.497 0.8582089552238806 0.0565 0.16492537313432837
3 0.4615 0.8746268656716418 0.037 0.21194029850746268
3 0.808 0.5171641791044777 0.045 0.15597014925373134
3 0.6475 0.5402985074626866 0.06 0.12462686567164179
3 0.1985 0.9708955223880597 0.057 0.058208955223880594
2 0.1905 0.9529850746268657 0.04 0.09402985074626866
2 0.1555 0.8843283582089553 0.0565 0.22761194029850745
2 0.1925 0.5380597014925373 0.043 0.12611940298507462
2 0.5005 0.932089552238806 0.066 0.13507462686567165
2 0.653 0.9283582089552239 0.076 0.14328358208955225
2 0.528 0.6417910447761194 0.0435 0.1537313432835821
2 0.3835 0.4291044776119403 0.0315 0.09179104477611941
2 0.4885 0.4716417910447761 0.0365 0.08880597014925373
1 0.118 0.31343283582089554 0.1025 0.15074626865671642
1 0.0325 0.25223880597014925 0.0645 0.10074626865671642
1 0.706 0.21119402985074626 0.0725 0.1
1 0.777 0.1791044776119403 0.062 0.07164179104477612
3 0.3875 0.3701492537313433 0.0265 0.08582089552238806