1 0.796 0.7313432835820896 0.305 0.2626865671641791
1 0.2875 0.5611940298507463 0.186 0.1828358208955224
1 0.717 0.3283582089552239 0.0485 0.07985074626865672
1 0.0535 0.4828358208955224 0.107 0.11492537313432835
1 0.764 0.27761194029850744 0.0325 0.05298507462686567
2 0.175 0.46119402985074626 0.0375 0.06567164179104477
3 0.1735 0.44029850746268656 0.023 0.07985074626865672
3 0.237 0.4388059701492537 0.0305 0.056716417910447764
3 0.301 0.4380597014925373 0.025 0.06343283582089553
3 0.4925 0.6813432835820895 0.054 0.17164179104477612
3 0.5585 0.49850746268656715 0.035 0.11641791044776119
2 0.502 0.735820895522388 0.1015 0.1373134328358209
2 0.3045 0.6723880597014925 0.074 0.1253731343283582
2 0.4685 0.5194029850746269 0.0675 0.0873134328358209
2 0.5555 0.5186567164179104 0.0695 0.08358208955223881
2 0.298 0.46567164179104475 0.048 0.050746268656716415
2 0.0475 0.5485074626865671 0.0455 0.09850746268656717
3 0.044 0.5164179104477612 0.041 0.11791044776119403
2 0.067 0.4141791044776119 0.0325 0.05373134328358209
3 0.0645 0.3850746268656716 0.016 0.050746268656716415
4 0.802 0.3641791044776119 0.082 0.16567164179104477
2 0.8565 0.3417910447761194 0.0165 0.03955223880597015
3 0.856 0.3201492537313433 0.0165 0.05
2 0.66 0.3604477611940298 0.0175 0.058208955223880594
2 0.6275 0.36268656716417913 0.019 0.05373134328358209
2 0.593 0.3686567164179104 0.019 0.05298507462686567
2 0.562 0.3604477611940298 0.013 0.048507462686567165
3 0.5625 0.3328358208955224 0.009 0.03656716417910448
3 0.661 0.3291044776119403 0.0145 0.04552238805970149
3 0.6295 0.3373134328358209 0.017 0.05447761194029851
3 0.5935 0.34328358208955223 0.015 0.041044776119402986
4 0.8095 0.22835820895522388 0.0285 0.05895522388059701