1 0.4735 0.4626865671641791 0.0855 0.10746268656716418
0 0.349 0.4470149253731343 0.155 0.32611940298507464
1 0.762 0.3917910447761194 0.0895 0.08880597014925373
1 0.5105 0.40671641791044777 0.0755 0.09328358208955224
1 0.9795 0.45298507462686566 0.041 0.10671641791044777
1 0.697 0.3373134328358209 0.0585 0.05223880597014925
1 0.4525 0.3126865671641791 0.0675 0.04626865671641791
1 0.6195 0.30074626865671644 0.0505 0.041791044776119404
1 0.4895 0.2783582089552239 0.0385 0.03582089552238806
1 0.6655 0.30149253731343284 0.061 0.056716417910447764
0 0.7225 0.8723880597014926 0.4045 0.24701492537313433
2 0.123 0.5694029850746268 0.058 0.08059701492537313
1 0.8365 0.3902985074626866 0.0545 0.06343283582089553
1 0.8815 0.3641791044776119 0.075 0.07238805970149254
1 0.565 0.30149253731343284 0.052 0.06417910447761194
1 0.526 0.26865671641791045 0.0325 0.04328358208955224
1 0.4115 0.3335820895522388 0.0455 0.07985074626865672
1 0.7135 0.31044776119402984 0.052 0.058208955223880594
1 0.4465 0.26044776119402985 0.0345 0.03731343283582089
2 0.5745 0.3917910447761194 0.049 0.05223880597014925
2 0.6085 0.376865671641791 0.0415 0.04253731343283582
2 0.0455 0.5268656716417911 0.0405 0.0962686567164179
2 0.974 0.3485074626865672 0.0225 0.048507462686567165
1 0.7725 0.594776119402985 0.187 0.14776119402985075
1 0.8505 0.8 0.2985 0.3850746268656716
3 0.047 0.4955223880597015 0.0335 0.0873134328358209
3 0.116 0.5395522388059701 0.0405 0.11641791044776119
3 0.105 0.5358208955223881 0.0185 0.08880597014925373