3 0.946 0.6447761194029851 0.045 0.07985074626865672
3 0.985 0.8917910447761194 0.03 0.17761194029850746
3 0.207 0.9619402985074627 0.061 0.07611940298507462
3 0.1915 0.7925373134328358 0.0415 0.13208955223880597
3 0.3105 0.5634328358208955 0.037 0.0708955223880597
3 0.3755 0.558955223880597 0.031 0.0880597014925373
3 0.7435 0.38656716417910447 0.0175 0.050746268656716415
3 0.696 0.3932835820895522 0.026 0.056716417910447764
3 0.788 0.35895522388059703 0.0275 0.04477611940298507
3 0.0215 0.9395522388059702 0.0345 0.1208955223880597
0 0.557 0.20373134328358208 0.043 0.10597014925373134
2 0.9815 0.926865671641791 0.037 0.14626865671641792
2 0.946 0.7171641791044776 0.0485 0.13582089552238805
2 0.747 0.42835820895522386 0.0285 0.06940298507462686
2 0.6955 0.4380597014925373 0.0235 0.06492537313432836
2 0.79 0.3970149253731343 0.0205 0.058208955223880594
2 0.224 0.9813432835820896 0.0495 0.03731343283582089
2 0.191 0.8298507462686567 0.0545 0.15223880597014924
2 0.03 0.9694029850746269 0.06 0.058208955223880594
2 0.3745 0.5917910447761194 0.0345 0.09402985074626866
2 0.3115 0.6 0.0415 0.09253731343283582
3 0.2445 0.5097014925373134 0.0275 0.09104477611940298
3 0.2715 0.4582089552238806 0.02 0.07985074626865672
3 0.109 0.5529850746268656 0.0175 0.09701492537313433
3 0.087 0.5701492537313433 0.0285 0.1