0 0.8275 0.6873134328358209 0.263 0.4917910447761194
1 0.588 0.8514925373134329 0.151 0.2962686567164179
1 0.558 0.44477611940298506 0.0845 0.11044776119402985
2 0.0555 0.7604477611940299 0.053 0.11044776119402985
2 0.21 0.6447761194029851 0.0475 0.09029850746268657
2 0.272 0.6611940298507463 0.047 0.11865671641791045
2 0.265 0.4798507462686567 0.042 0.08283582089552238
3 0.6905 0.8395522388059702 0.029 0.1044776119402985
3 0.632 0.6985074626865672 0.0215 0.09477611940298507
3 0.6965 0.7037313432835821 0.0225 0.10522388059701493
3 0.5795 0.5507462686567164 0.027 0.10970149253731343
3 0.2755 0.5992537313432836 0.023 0.09253731343283582
3 0.22 0.576865671641791 0.034 0.07537313432835821
3 0.064 0.6985074626865672 0.0395 0.10074626865671642
3 0.951 0.7649253731343284 0.0195 0.11865671641791045
2 0.9855 0.932089552238806 0.029 0.13582089552238805