1 0.1725 0.7388059701492538 0.075 0.1455223880597015
1 0.187 0.5708955223880597 0.0405 0.06492537313432836
1 0.256 0.4880597014925373 0.035 0.06492537313432836
1 0.2845 0.46567164179104475 0.022 0.05223880597014925
4 0.356 0.4873134328358209 0.0375 0.1
1 0.398 0.48134328358208955 0.028 0.05970149253731343
3 0.5965 0.6156716417910447 0.018 0.06417910447761194
3 0.6385 0.6037313432835821 0.014 0.06865671641791045
3 0.698 0.6388059701492538 0.013 0.0791044776119403
3 0.766 0.6723880597014925 0.014 0.07537313432835821
2 0.7695 0.6798507462686567 0.0365 0.04477611940298507
2 0.6985 0.6492537313432836 0.0275 0.05373134328358209
2 0.593 0.641044776119403 0.025 0.03283582089552239
2 0.6415 0.6201492537313433 0.025 0.050746268656716415