1 0.645 0.7082089552238806 0.1325 0.1917910447761194
1 0.433 0.33134328358208953 0.045 0.07462686567164178
1 0.262 0.3604477611940298 0.057 0.09104477611940298
1 0.3295 0.24402985074626865 0.034 0.05
3 0.876 0.5604477611940298 0.0315 0.08955223880597014
1 0.5205 0.417910447761194 0.0715 0.09029850746268657
3 0.893 0.9664179104477612 0.0705 0.06716417910447761
3 0.179 0.37089552238805973 0.02 0.034328358208955224
1 0.339 0.33955223880597013 0.0535 0.08880597014925373
3 0.749 0.6865671641791045 0.0295 0.09776119402985074
2 0.2115 0.9313432835820895 0.0445 0.1373134328358209
2 0.105 0.7082089552238806 0.042 0.11343283582089553
2 0.0045 0.7141791044776119 0.009 0.11791044776119403
2 0.0585 0.5537313432835821 0.0275 0.09253731343283582
2 0.095 0.582089552238806 0.025 0.07985074626865672
2 0.208 0.49402985074626865 0.0205 0.07388059701492537
2 0.1765 0.41492537313432837 0.029 0.09776119402985074
2 0.195 0.4380597014925373 0.0155 0.07537313432835821
2 0.735 0.7029850746268657 0.044 0.09701492537313433
2 0.89 0.9850746268656716 0.068 0.029850746268656716
2 0.598 0.4343283582089552 0.0195 0.06716417910447761
3 0.0075 0.658955223880597 0.015 0.0962686567164179
3 0.0155 0.6231343283582089 0.023 0.11417910447761194
3 0.113 0.6373134328358209 0.022 0.08955223880597014
3 0.065 0.5 0.023 0.04477611940298507
3 0.107 0.5201492537313432 0.0315 0.0626865671641791
3 0.2215 0.8582089552238806 0.0415 0.16716417910447762
3 0.233 0.7813432835820896 0.0315 0.050746268656716415
3 0.2155 0.4417910447761194 0.0235 0.07686567164179105