1 0.5355 0.6425373134328358 0.102 0.16343283582089552
1 0.4575 0.35149253731343283 0.047 0.0791044776119403
1 0.4935 0.2917910447761194 0.0425 0.06567164179104477
2 0.8355 0.8298507462686567 0.044 0.13656716417910447
2 0.7165 0.6985074626865672 0.038 0.11492537313432835
2 0.2385 0.641044776119403 0.029 0.09850746268656717
2 0.1455 0.6268656716417911 0.0305 0.10149253731343283
2 0.2405 0.43134328358208956 0.0255 0.06791044776119402
3 0.2465 0.5783582089552238 0.0315 0.06044776119402985
3 0.154 0.564179104477612 0.0315 0.05970149253731343
3 0.8405 0.7731343283582089 0.034 0.08507462686567165
3 0.7215 0.6611940298507463 0.036 0.0664179104477612
3 0.243 0.3940298507462687 0.021 0.04328358208955224