1 0.165 0.8507462686567164 0.328 0.29850746268656714
1 0.6035 0.491044776119403 0.176 0.282089552238806
1 0.631 0.9119402985074627 0.4225 0.17537313432835822
1 0.5065 0.09253731343283582 0.0665 0.07388059701492537
1 0.611 0.07611940298507462 0.0765 0.05522388059701493
3 0.274 0.4880597014925373 0.0475 0.17388059701492536
3 0.435 0.685820895522388 0.044 0.15298507462686567
3 0.451 0.6805970149253732 0.05 0.1746268656716418
3 0.523 0.7746268656716417 0.0385 0.20970149253731343
3 0.6275 0.7276119402985075 0.047 0.20298507462686566
3 0.8035 0.7365671641791045 0.0335 0.19328358208955224
3 0.856 0.844776119402985 0.044 0.2253731343283582
3 0.8955 0.8246268656716418 0.0545 0.19552238805970149
3 0.951 0.7798507462686567 0.0455 0.2044776119402985
3 0.889 0.5985074626865672 0.031 0.20298507462686566
3 0.7885 0.6052238805970149 0.0405 0.1626865671641791
3 0.698 0.23134328358208955 0.0335 0.09328358208955224
3 0.61 0.21567164179104478 0.0335 0.0791044776119403
3 0.622 0.15746268656716417 0.0345 0.0873134328358209
3 0.465 0.16492537313432837 0.0305 0.07388059701492537
3 0.4335 0.19850746268656716 0.033 0.07238805970149254
2 0.442 0.2671641791044776 0.042 0.1044776119402985
2 0.439 0.7089552238805971 0.056 0.18507462686567164
2 0.51 0.7902985074626866 0.129 0.11940298507462686
2 0.6165 0.7567164179104477 0.1345 0.15522388059701492
2 0.6085 0.27761194029850744 0.0295 0.06119402985074627
2 0.69 0.29850746268656714 0.04 0.07462686567164178
2 0.7875 0.25597014925373135 0.0405 0.11492537313432835
2 0.9685 0.4761194029850746 0.063 0.14626865671641792
2 0.8435 0.8477611940298507 0.1365 0.13208955223880597
2 0.783 0.75 0.092 0.12761194029850748
2 0.757 0.6283582089552239 0.0375 0.11791044776119403
2 0.8865 0.6149253731343284 0.107 0.1291044776119403