1 0.702 0.3485074626865672 0.0725 0.10746268656716418
1 0.7865 0.25522388059701495 0.045 0.05522388059701493
2 0.524 0.7074626865671642 0.109 0.11940298507462686
1 0.646 0.3373134328358209 0.0665 0.0791044776119403
1 0.846 0.2992537313432836 0.044 0.058208955223880594
1 0.885 0.22313432835820896 0.029 0.048507462686567165
2 0.6695 0.7074626865671642 0.048 0.13582089552238805
3 0.6485 0.6134328358208955 0.039 0.08432835820895522
3 0.6185 0.6455223880597015 0.024 0.1626865671641791
2 0.3525 0.7880597014925373 0.1055 0.11716417910447761
3 0.346 0.7328358208955223 0.042 0.17537313432835822
3 0.318 0.7171641791044776 0.0265 0.16865671641791044
3 0.4745 0.5402985074626866 0.0325 0.09029850746268657
3 0.5155 0.6507462686567164 0.052 0.16492537313432837
3 0.6065 0.467910447761194 0.026 0.10373134328358209
3 0.623 0.44328358208955226 0.0325 0.05
2 0.163 0.6320895522388059 0.0595 0.11194029850746269
2 0.084 0.6305970149253731 0.037 0.09328358208955224
2 0.2095 0.5962686567164179 0.053 0.09850746268656717