1 0.694 0.3574626865671642 0.0705 0.1044776119402985
1 0.776 0.2664179104477612 0.0435 0.05373134328358209
2 0.5205 0.7059701492537314 0.106 0.11641791044776119
1 0.6395 0.3455223880597015 0.0645 0.07686567164179105
1 0.834 0.30895522388059704 0.043 0.056716417910447764
1 0.872 0.23507462686567165 0.0285 0.04701492537313433
2 0.6625 0.7067164179104478 0.0465 0.13208955223880597
3 0.6415 0.6149253731343284 0.038 0.08208955223880597
3 0.6125 0.6462686567164179 0.0235 0.1582089552238806
2 0.354 0.7850746268656716 0.1025 0.11343283582089553
3 0.348 0.7313432835820896 0.0405 0.1701492537313433
3 0.3205 0.7164179104477612 0.0255 0.16417910447761194
3 0.473 0.5432835820895522 0.0315 0.0880597014925373
3 0.5125 0.6507462686567164 0.0505 0.16044776119402984
3 0.601 0.47313432835820896 0.0255 0.10149253731343283
3 0.617 0.44925373134328356 0.032 0.048507462686567165
2 0.1695 0.6328358208955224 0.058 0.10895522388059702
2 0.093 0.6313432835820896 0.036 0.09104477611940298
2 0.215 0.5977611940298507 0.0515 0.0955223880597015