3 0.927 0.7716417910447761 0.0365 0.16716417910447762
3 0.8205 0.5022388059701492 0.04 0.10895522388059702
3 0.2265 0.6917910447761194 0.0505 0.1044776119402985
3 0.8585 0.3835820895522388 0.026 0.07388059701492537
3 0.808 0.3574626865671642 0.031 0.0708955223880597
3 0.425 0.3761194029850746 0.0235 0.050746268656716415
3 0.491 0.31417910447761194 0.0235 0.04626865671641791
3 0.4335 0.3194029850746269 0.023 0.033582089552238806
2 0.929 0.826865671641791 0.07 0.17313432835820897
2 0.82 0.5432835820895522 0.0385 0.11492537313432835
2 0.858 0.40298507462686567 0.023 0.07238805970149254
2 0.8095 0.37910447761194027 0.0285 0.07388059701492537
2 0.228 0.732089552238806 0.0475 0.12611940298507462
1 0.7155 0.3917910447761194 0.0745 0.1208955223880597
1 0.563 0.2082089552238806 0.0335 0.05223880597014925
1 0.617 0.19552238805970149 0.0335 0.05373134328358209