0 0.811 0.608955223880597 0.179 0.4716417910447761
0 0.146 0.30074626865671644 0.172 0.10970149253731343
1 0.4325 0.5402985074626866 0.1265 0.16791044776119404
1 0.6305 0.4171641791044776 0.0675 0.09328358208955224
1 0.737 0.41940298507462687 0.053 0.09477611940298507
1 0.61 0.3761194029850746 0.053 0.06865671641791045
1 0.967 0.4955223880597015 0.0655 0.11417910447761194
1 0.307 0.373134328358209 0.0715 0.08059701492537313
1 0.1745 0.4246268656716418 0.0955 0.08358208955223881
1 0.06 0.4843283582089552 0.1195 0.0955223880597015
1 0.0705 0.41119402985074627 0.1325 0.08283582089552238
1 0.279 0.32238805970149254 0.0855 0.09701492537313433
1 0.3705 0.32238805970149254 0.0565 0.05
1 0.675 0.3074626865671642 0.0395 0.05223880597014925
1 0.7395 0.29402985074626864 0.03 0.04477611940298507