2 0.2505 0.5917910447761194 0.0555 0.0664179104477612
2 0.1165 0.8753731343283582 0.044 0.14328358208955225
2 0.6385 0.7507462686567165 0.035 0.10149253731343283
2 0.6965 0.8111940298507463 0.026 0.09701492537313433
1 0.574 0.4701492537313433 0.079 0.14328358208955225
1 0.396 0.744776119402985 0.164 0.2253731343283582
1 0.4295 0.9589552238805971 0.174 0.08208955223880597
1 0.0895 0.6932835820895522 0.179 0.24029850746268658
1 0.6885 0.3761194029850746 0.049 0.08582089552238806
1 0.672 0.29328358208955224 0.036 0.06940298507462686
1 0.6945 0.2574626865671642 0.0295 0.056716417910447764
1 0.7485 0.2417910447761194 0.0235 0.06119402985074627
1 0.5975 0.30522388059701494 0.0455 0.06492537313432836
0 0.5425 0.27313432835820894 0.0725 0.10149253731343283
3 0.248 0.55 0.029 0.07462686567164178
3 0.108 0.8223880597014925 0.0365 0.12238805970149254
3 0.64 0.6850746268656717 0.0365 0.11119402985074626
3 0.699 0.741044776119403 0.033 0.10149253731343283
3 0.692 0.9701492537313433 0.061 0.05970149253731343
3 0.756 0.42835820895522386 0.017 0.05149253731343283
3 0.731 0.3201492537313433 0.0165 0.04029850746268657
3 0.7675 0.34253731343283583 0.0195 0.048507462686567165
3 0.746 0.3835820895522388 0.022 0.05