1 0.5795 0.6544776119402985 0.192 0.26343283582089555
1 0.4605 0.4626865671641791 0.1105 0.14626865671641792
1 0.3155 0.40373134328358207 0.079 0.1925373134328358
4 0.238 0.27761194029850744 0.061 0.11119402985074626
1 0.5095 0.908955223880597 0.3835 0.18208955223880596
1 0.9935 0.46119402985074626 0.013 0.12835820895522387
2 0.9045 0.8343283582089552 0.1135 0.1828358208955224
2 0.839 0.6835820895522388 0.11 0.11417910447761194
2 0.966 0.6835820895522388 0.068 0.11940298507462686
2 0.6965 0.6328358208955224 0.0855 0.14626865671641792
2 0.393 0.6388059701492538 0.049 0.1746268656716418
2 0.352 0.5328358208955224 0.042 0.13134328358208955
3 0.0305 0.7791044776119403 0.061 0.17313432835820897
3 0.181 0.9186567164179105 0.0615 0.1626865671641791
3 0.1275 0.7559701492537313 0.0615 0.18582089552238806
3 0.1525 0.6208955223880597 0.0505 0.12686567164179105
3 0.185 0.5 0.0335 0.11417910447761194
3 0.4825 0.6947761194029851 0.061 0.2007462686567164
3 0.4475 0.6164179104477612 0.0295 0.14029850746268657
3 0.382 0.5835820895522388 0.0445 0.15970149253731344
3 0.696 0.5791044776119403 0.0625 0.17686567164179104
3 0.829 0.6268656716417911 0.056 0.17761194029850746
3 0.9035 0.7694029850746269 0.077 0.22164179104477613
3 0.968 0.6485074626865671 0.064 0.1865671641791045
1 0.1275 0.32686567164179103 0.047 0.11417910447761194