1 0.3825 0.8820895522388059 0.147 0.23582089552238805
1 0.7035 0.4246268656716418 0.058 0.11865671641791045
1 0.533 0.38283582089552237 0.048 0.05373134328358209
1 0.683 0.2783582089552239 0.0345 0.057462686567164176
2 0.896 0.7843283582089552 0.03 0.11119402985074626
2 0.877 0.558955223880597 0.0235 0.07014925373134329
2 0.8545 0.49776119402985075 0.027 0.06940298507462686
2 0.8225 0.4141791044776119 0.023 0.058208955223880594
3 0.883 0.7029850746268657 0.0295 0.050746268656716415
3 0.8755 0.6723880597014925 0.027 0.05149253731343283
3 0.871 0.6067164179104477 0.028 0.06417910447761194
3 0.873 0.517910447761194 0.0345 0.05298507462686567
3 0.8505 0.45671641791044776 0.0245 0.055970149253731345