1 0.149 0.2126865671641791 0.1145 0.11492537313432835
1 0.7815 0.23656716417910448 0.049 0.07388059701492537
2 0.7635 0.5298507462686567 0.05 0.0880597014925373
2 0.232 0.5977611940298507 0.052 0.11865671641791045
1 0.442 0.26044776119402985 0.1275 0.13208955223880597
1 0.9295 0.4082089552238806 0.051 0.09850746268656717
3 0.5435 0.8343283582089552 0.0605 0.14626865671641792
3 0.217 0.4962686567164179 0.0475 0.10746268656716418
3 0.1155 0.7007462686567164 0.044 0.1044776119402985
3 0.0375 0.6134328358208955 0.041 0.1619402985074627
3 0.0095 0.7761194029850746 0.019 0.1044776119402985
3 0.1165 0.5597014925373134 0.0375 0.11044776119402985
3 0.11 0.3858208955223881 0.0245 0.0962686567164179
3 0.015 0.3417910447761194 0.03 0.09029850746268657
3 0.082 0.1865671641791045 0.017 0.058208955223880594
3 0.037 0.27686567164179104 0.0195 0.03880597014925373
3 0.196 0.2873134328358209 0.032 0.0955223880597015
3 0.662 0.5268656716417911 0.0315 0.10671641791044777
3 0.434 0.4126865671641791 0.02 0.07388059701492537
3 0.654 0.31492537313432833 0.015 0.08358208955223881
3 0.754 0.43283582089552236 0.0195 0.058208955223880594
3 0.9105 0.5664179104477612 0.03 0.11343283582089553
3 0.977 0.573134328358209 0.03 0.10671641791044777
3 0.5135 0.43955223880597016 0.0285 0.09104477611940298
1 0.7325 0.18582089552238806 0.053 0.07686567164179105
1 0.14 0.34253731343283583 0.113 0.15149253731343285
1 0.0195 0.16865671641791044 0.039 0.07388059701492537
2 0.522 0.503731343283582 0.083 0.13507462686567165
2 0.1175 0.8253731343283582 0.0405 0.1664179104477612
2 0.559 0.9440298507462687 0.052 0.11194029850746269
2 0.6665 0.6208955223880597 0.036 0.12238805970149254
2 0.9135 0.667910447761194 0.084 0.20298507462686566
2 0.9685 0.6537313432835821 0.063 0.24776119402985075
2 0.3285 0.34701492537313433 0.036 0.05447761194029851
2 0.026 0.3798507462686567 0.036 0.09179104477611941
2 0.058 0.3574626865671642 0.023 0.06194029850746269
2 0.5955 0.5059701492537313 0.029 0.11119402985074626