4 0.597 0.46417910447761196 0.0315 0.07462686567164178
1 0.779 0.5283582089552239 0.037 0.06119402985074627
0 0.288 0.6074626865671642 0.2045 0.22835820895522388
0 0.736 0.4380597014925373 0.036 0.05149253731343283
3 0.1035 0.7283582089552239 0.007 0.041044776119402986
3 0.3045 0.7126865671641791 0.0105 0.06119402985074627
3 0.3125 0.7067164179104478 0.0095 0.048507462686567165
3 0.148 0.9514925373134329 0.0285 0.08955223880597014
2 0.1565 0.9664179104477612 0.0555 0.06716417910447761
2 0.3105 0.7253731343283583 0.035 0.06791044776119402
2 0.1115 0.7477611940298508 0.031 0.055970149253731345
2 0.0775 0.7634328358208955 0.0325 0.04402985074626865
2 0.1355 0.6723880597014925 0.0275 0.05223880597014925
2 0.1065 0.691044776119403 0.017 0.041791044776119404