1 0.141 0.5552238805970149 0.12 0.23208955223880598
1 0.1945 0.3611940298507463 0.072 0.12313432835820895
1 0.408 0.3126865671641791 0.057 0.08507462686567165
1 0.4105 0.1865671641791045 0.0375 0.049253731343283584
0 0.3085 0.17238805970149254 0.047 0.15597014925373134
2 0.039 0.44328358208955226 0.0275 0.08283582089552238
2 0.6705 0.9395522388059702 0.032 0.10074626865671642
2 0.758 0.9686567164179104 0.036 0.0626865671641791
3 0.825 0.6753731343283582 0.033 0.1417910447761194
3 0.668 0.8455223880597015 0.036 0.10597014925373134
3 0.7745 0.8925373134328358 0.04 0.09029850746268657
3 0.9315 0.8007462686567164 0.04 0.10597014925373134