1 0.1795 0.8492537313432836 0.331 0.30149253731343284
1 0.2975 0.3761194029850746 0.1285 0.11417910447761194
1 0.1465 0.44402985074626866 0.1345 0.1619402985074627
1 0.4855 0.4582089552238806 0.1015 0.15597014925373134
1 0.4415 0.3365671641791045 0.072 0.11119402985074626
1 0.536 0.3850746268656716 0.0555 0.10373134328358209
0 0.607 0.45149253731343286 0.1305 0.2716417910447761
3 0.5085 0.5932835820895522 0.0365 0.11417910447761194
3 0.586 0.7694029850746269 0.0445 0.13582089552238805
3 0.646 0.6373134328358209 0.0425 0.11865671641791045
3 0.7125 0.4917910447761194 0.0335 0.055970149253731345
3 0.7255 0.8044776119402985 0.068 0.14253731343283582