1 0.959 0.8440298507462687 0.0815 0.30671641791044774
1 0.486 0.6940298507462687 0.153 0.22313432835820896
1 0.5955 0.5850746268656717 0.145 0.1880597014925373
1 0.5735 0.417910447761194 0.1015 0.11119402985074626
1 0.4065 0.34776119402985073 0.0695 0.09104477611940298
1 0.4475 0.28507462686567164 0.067 0.08656716417910448
1 0.3125 0.23656716417910448 0.043 0.057462686567164176
1 0.3485 0.21044776119402986 0.0355 0.05298507462686567
1 0.326 0.18134328358208956 0.028 0.041044776119402986
1 0.2845 0.20373134328358208 0.036 0.05298507462686567
0 0.2615 0.16417910447761194 0.043 0.057462686567164176
1 0.299 0.15746268656716417 0.03 0.04552238805970149
1 0.4095 0.14328358208955225 0.0475 0.06343283582089553
1 0.5775 0.21343283582089553 0.0575 0.06119402985074627
1 0.8925 0.37089552238805973 0.1245 0.10149253731343283