1 0.466 0.5417910447761194 0.1115 0.1582089552238806
1 0.164 0.4291044776119403 0.139 0.1664179104477612
1 0.5255 0.44477611940298506 0.079 0.13582089552238805
1 0.583 0.3746268656716418 0.05 0.08208955223880597
1 0.553 0.30149253731343284 0.0795 0.09477611940298507
1 0.4235 0.29402985074626864 0.0655 0.07611940298507462
2 0.647 0.5776119402985075 0.0345 0.06940298507462686
2 0.7175 0.5261194029850746 0.018 0.06417910447761194
2 0.8995 0.4708955223880597 0.0665 0.0664179104477612
2 0.683 0.41119402985074627 0.0205 0.05522388059701493
2 0.0685 0.4007462686567164 0.0445 0.07611940298507462
3 0.653 0.5216417910447761 0.025 0.06492537313432836
3 0.72 0.47761194029850745 0.035 0.058208955223880594
3 0.7235 0.3895522388059702 0.0205 0.05447761194029851
3 0.904 0.4552238805970149 0.019 0.08059701492537313
3 0.1405 0.3402985074626866 0.0205 0.058208955223880594
3 0.46 0.382089552238806 0.0235 0.04477611940298507
3 0.483 0.3597014925373134 0.017 0.04701492537313433