1 0.315 0.8537313432835821 0.148 0.29253731343283584
1 0.119 0.8223880597014925 0.1745 0.29701492537313434
1 0.337 0.3037313432835821 0.055 0.08955223880597014
0 0.3735 0.21567164179104478 0.047 0.10895522388059702
2 0.1825 0.9708955223880597 0.0755 0.058208955223880594
2 0.135 0.6313432835820896 0.048 0.09402985074626866
2 0.2785 0.6313432835820896 0.029 0.09925373134328358
2 0.0155 0.8007462686567164 0.031 0.15074626865671642
2 0.1035 0.5626865671641791 0.044 0.08283582089552238
2 0.173 0.44925373134328356 0.026 0.06044776119402985
2 0.9635 0.9067164179104478 0.073 0.18134328358208956
2 0.2685 0.382089552238806 0.022 0.06343283582089553
3 0.1735 0.4052238805970149 0.0275 0.05298507462686567
3 0.2745 0.576865671641791 0.0305 0.07164179104477612
3 0.1935 0.9298507462686567 0.0415 0.12164179104477611
3 0.149 0.5843283582089552 0.047 0.0955223880597015
3 0.0995 0.49850746268656715 0.0395 0.06865671641791045
3 0.0075 0.7768656716417911 0.015 0.13656716417910447
3 0.9715 0.8574626865671642 0.0315 0.10895522388059702
3 0.9955 0.8723880597014926 0.009 0.11641791044776119
3 0.743 0.5194029850746269 0.014 0.0880597014925373
3 0.723 0.48507462686567165 0.015 0.07835820895522388
3 0.858 0.5470149253731343 0.034 0.11641791044776119
3 0.216 0.33805970149253733 0.0245 0.04626865671641791