3 0.2955 0.5940298507462687 0.047 0.11343283582089553
3 0.1485 0.3970149253731343 0.017 0.03731343283582089
3 0.1685 0.3582089552238806 0.025 0.048507462686567165
3 0.241 0.3932835820895522 0.0275 0.05298507462686567
3 0.255 0.3529850746268657 0.022 0.03880597014925373
1 0.5215 0.47761194029850745 0.1075 0.1746268656716418
1 0.346 0.38283582089552237 0.0705 0.12014925373134329
1 0.191 0.44776119402985076 0.0995 0.17313432835820897
1 0.312 0.30522388059701494 0.042 0.06865671641791045
1 0.2885 0.26940298507462684 0.039 0.048507462686567165
1 0.35 0.2582089552238806 0.0315 0.04029850746268657
1 0.391 0.25223880597014925 0.037 0.05447761194029851
1 0.8695 0.8641791044776119 0.261 0.2716417910447761
1 0.8935 0.3977611940298508 0.113 0.12462686567164179
1 0.97 0.38656716417910447 0.06 0.14328358208955225
1 0.7595 0.35149253731343283 0.083 0.09179104477611941
1 0.5045 0.37910447761194027 0.0705 0.08432835820895522
1 0.593 0.29402985074626864 0.0615 0.06865671641791045
1 0.5415 0.26119402985074625 0.0285 0.05149253731343283
1 0.711 0.2902985074626866 0.06 0.06716417910447761
1 0.8345 0.3358208955223881 0.0815 0.0791044776119403
2 0.299 0.6917910447761194 0.06 0.11343283582089553
2 0.6645 0.43283582089552236 0.0605 0.057462686567164176
2 0.5955 0.40223880597014927 0.0435 0.05
2 0.243 0.41492537313432837 0.0315 0.05298507462686567
2 0.262 0.38656716417910447 0.029 0.03880597014925373
2 0.152 0.42761194029850746 0.0305 0.05298507462686567
2 0.0835 0.43283582089552236 0.038 0.048507462686567165