1 0.3795 0.3574626865671642 0.0765 0.10671641791044777
2 0.08 0.8731343283582089 0.16 0.16791044776119404
2 0.5825 0.7373134328358208 0.109 0.11343283582089553
4 0.279 0.3126865671641791 0.083 0.1664179104477612
3 0.4985 0.9552238805970149 0.083 0.08955223880597014
2 0.2605 0.5708955223880597 0.0755 0.0955223880597015
4 0.694 0.5992537313432836 0.2155 0.2007462686567164
2 0.9595 0.6507462686567164 0.0795 0.11567164179104478
1 0.2205 0.27761194029850744 0.035 0.05
4 0.21 0.23208955223880598 0.04 0.08358208955223881
2 0.761 0.6723880597014925 0.0715 0.12462686567164179
3 0.937 0.6074626865671642 0.038 0.13880597014925372
1 0.6075 0.5447761194029851 0.142 0.1455223880597015
3 0.7685 0.6283582089552239 0.0275 0.1291044776119403
3 0.5795 0.6955223880597015 0.035 0.15522388059701492
3 0.2595 0.5343283582089552 0.022 0.11194029850746269
3 0.243 0.5388059701492537 0.0285 0.10597014925373134
3 0.085 0.8164179104477612 0.058 0.21492537313432836
3 0.525 0.49776119402985075 0.031 0.0955223880597015
3 0.5385 0.4873134328358209 0.0245 0.09179104477611941
3 0.873 0.5 0.032 0.048507462686567165
2 0.871 0.5544776119402985 0.043 0.08955223880597014