1 0.1565 0.24029850746268658 0.136 0.13208955223880597
2 0.1005 0.9029850746268657 0.0585 0.19402985074626866
2 0.335 0.6492537313432836 0.0555 0.16716417910447762
2 0.23 0.6544776119402985 0.047 0.16865671641791044
2 0.219 0.4955223880597015 0.041 0.12164179104477611
2 0.0545 0.2955223880597015 0.077 0.07611940298507462
2 0.621 0.3582089552238806 0.0325 0.09253731343283582
2 0.5665 0.4097014925373134 0.0545 0.11343283582089553
2 0.2465 0.3619402985074627 0.051 0.1
2 0.5345 0.7970149253731343 0.0965 0.1925373134328358
2 0.4295 0.7402985074626866 0.052 0.18507462686567164
3 0.6105 0.9552238805970149 0.0875 0.08955223880597014
3 0.3285 0.5410447761194029 0.0565 0.11194029850746269
3 0.4215 0.6194029850746269 0.065 0.13507462686567165
3 0.526 0.6813432835820895 0.0745 0.2082089552238806
3 0.2215 0.5335820895522388 0.0445 0.11865671641791045
3 0.2005 0.41567164179104477 0.042 0.10298507462686567
3 0.2445 0.3029850746268657 0.035 0.07611940298507462
3 0.5735 0.3567164179104478 0.034 0.10149253731343283
3 0.622 0.29850746268656714 0.034 0.08208955223880597
3 0.028 0.2656716417910448 0.029 0.0955223880597015
3 0.0505 0.2798507462686567 0.018 0.12313432835820895