0 0.764 0.6253731343283582 0.2395 0.4455223880597015
1 0.547 0.7977611940298508 0.138 0.3119402985074627
1 0.519 0.4052238805970149 0.077 0.1
2 0.0615 0.6917910447761194 0.0485 0.1
2 0.2025 0.5865671641791045 0.0435 0.08208955223880597
2 0.259 0.6022388059701492 0.043 0.10746268656716418
2 0.2525 0.4373134328358209 0.038 0.07462686567164178
3 0.7425 0.9492537313432836 0.035 0.10149253731343283
3 0.6395 0.7634328358208955 0.026 0.09477611940298507
3 0.586 0.6358208955223881 0.0195 0.08582089552238806
3 0.645 0.6402985074626866 0.0205 0.09477611940298507
3 0.5385 0.5014925373134328 0.0245 0.09925373134328358
3 0.262 0.5455223880597015 0.021 0.08358208955223881
3 0.211 0.5253731343283582 0.031 0.06791044776119402
3 0.0695 0.6358208955223881 0.036 0.09104477611940298
3 0.933 0.8305970149253732 0.0155 0.14029850746268657
3 0.8765 0.6962686567164179 0.018 0.10820895522388059
2 0.9245 0.8716417910447761 0.0575 0.16716417910447762