1 0.5895 0.3858208955223881 0.094 0.08283582089552238
1 0.424 0.3194029850746269 0.075 0.06417910447761194
1 0.3245 0.29402985074626864 0.056 0.048507462686567165
1 0.532 0.24253731343283583 0.0265 0.041044776119402986
1 0.9695 0.5246268656716417 0.0605 0.08955223880597014
4 0.6275 0.26940298507462684 0.0355 0.08208955223880597
2 0.475 0.43955223880597016 0.049 0.0791044776119403
2 0.701 0.4843283582089552 0.0615 0.08432835820895522
2 0.7125 0.40746268656716417 0.039 0.05223880597014925
2 0.635 0.36716417910447763 0.034 0.04328358208955224
3 0.86 0.4298507462686567 0.0215 0.06044776119402985
3 0.6875 0.46044776119402986 0.015 0.0880597014925373
3 0.7135 0.38731343283582087 0.0215 0.05895522388059701
3 0.6375 0.3522388059701492 0.017 0.049253731343283584
3 0.474 0.42014925373134326 0.021 0.08358208955223881
3 0.3525 0.3208955223880597 0.014 0.06044776119402985