3 0.589 0.4746268656716418 0.0535 0.058208955223880594
3 0.4725 0.5567164179104478 0.044 0.13432835820895522
3 0.294 0.585820895522388 0.061 0.13134328358208955
3 0.7745 0.5522388059701493 0.061 0.09701492537313433
3 0.8565 0.44029850746268656 0.0455 0.1044776119402985
3 0.781 0.35522388059701493 0.0205 0.11417910447761194
3 0.4315 0.382089552238806 0.0375 0.08656716417910448
3 0.517 0.39477611940298507 0.04 0.07985074626865672
3 0.5845 0.4261194029850746 0.043 0.10298507462686567
3 0.899 0.37910447761194027 0.0275 0.08955223880597014
1 0.7355 0.30671641791044774 0.154 0.14477611940298507
1 0.887 0.3238805970149254 0.1225 0.17238805970149254
1 0.966 0.258955223880597 0.06 0.15074626865671642
2 0.4795 0.6261194029850746 0.0445 0.14925373134328357
2 0.7745 0.6656716417910448 0.074 0.15074626865671642
2 0.8595 0.9477611940298507 0.0725 0.1044776119402985
2 0.8605 0.7985074626865671 0.0535 0.2126865671641791
2 0.587 0.5626865671641791 0.051 0.1373134328358209
2 0.522 0.46417910447761196 0.0365 0.09402985074626866
2 0.582 0.4701492537313433 0.0575 0.08134328358208955
2 0.8585 0.5171641791044777 0.0705 0.11417910447761194
2 0.7775 0.3701492537313433 0.0935 0.06791044776119402
2 0.532 0.3656716417910448 0.0615 0.08507462686567165
2 0.444 0.43656716417910446 0.0575 0.14328358208955225
2 0.2875 0.7992537313432836 0.0935 0.16492537313432837
2 0.3 0.9567164179104478 0.108 0.08656716417910448
2 0.3455 0.4298507462686567 0.0675 0.10149253731343283
3 0.3465 0.3776119402985075 0.035 0.10970149253731343
1 0.246 0.191044776119403 0.0785 0.0955223880597015