1 0.386 0.744776119402985 0.3285 0.29850746268656714
1 0.522 0.12462686567164179 0.0745 0.13880597014925372
2 0.7285 0.8126865671641791 0.138 0.13582089552238805
2 0.837 0.7507462686567165 0.1335 0.1373134328358209
2 0.8215 0.6425373134328358 0.1235 0.10746268656716418
2 0.923 0.43283582089552236 0.066 0.11940298507462686
2 0.776 0.3761194029850746 0.05 0.11044776119402985
2 0.817 0.45597014925373136 0.0585 0.12985074626865672
2 0.554 0.26343283582089555 0.0275 0.09477611940298507
2 0.5845 0.2298507462686567 0.0255 0.09104477611940298
2 0.412 0.28134328358208954 0.0365 0.10223880597014925
2 0.182 0.5917910447761194 0.111 0.11567164179104478
2 0.1145 0.9626865671641791 0.151 0.07462686567164178
2 0.366 0.9634328358208956 0.1485 0.07313432835820896
2 0.17 0.45597014925373136 0.096 0.08208955223880597
2 0.3085 0.5111940298507462 0.1 0.09925373134328358
2 0.4155 0.1537313432835821 0.029 0.07313432835820896
2 0.955 0.7216417910447761 0.09 0.11791044776119403
3 0.73 0.7791044776119403 0.059 0.15671641791044777
3 0.3595 0.9432835820895522 0.061 0.11343283582089553
3 0.1145 0.9305970149253732 0.072 0.13805970149253732
3 0.0995 0.6634328358208955 0.0295 0.09104477611940298
3 0.062 0.6634328358208955 0.051 0.09104477611940298
3 0.049 0.42313432835820897 0.041 0.08656716417910448
3 0.309 0.4828358208955224 0.033 0.11791044776119403
3 0.3915 0.503731343283582 0.036 0.09328358208955224
3 0.825 0.40746268656716417 0.0345 0.08582089552238806
3 0.7795 0.31343283582089554 0.033 0.06865671641791045
3 0.6695 0.6462686567164179 0.043 0.11119402985074626
3 0.6915 0.591044776119403 0.045 0.10223880597014925