1 0.9375 0.6656716417910448 0.1245 0.2619402985074627
1 0.461 0.4246268656716418 0.1645 0.13805970149253732
1 0.5085 0.2947761194029851 0.0825 0.1208955223880597
1 0.4525 0.2664179104477612 0.067 0.09253731343283582
1 0.1885 0.2708955223880597 0.1065 0.10820895522388059
1 0.0535 0.20223880597014926 0.075 0.06791044776119402
1 0.0245 0.24850746268656718 0.0485 0.08656716417910448
1 0.817 0.19552238805970149 0.088 0.06343283582089553
2 0.137 0.9283582089552239 0.054 0.14328358208955225
2 0.139 0.7865671641791044 0.051 0.13955223880597015
2 0.1595 0.5805970149253732 0.0405 0.13507462686567165
2 0.0955 0.48059701492537316 0.042 0.09701492537313433
2 0.0485 0.41567164179104477 0.0375 0.0880597014925373
2 0.265 0.39104477611940297 0.047 0.0962686567164179
2 0.359 0.5059701492537313 0.054 0.1
2 0.7415 0.5328358208955224 0.0985 0.12686567164179105
2 0.608 0.5358208955223881 0.094 0.11865671641791045
2 0.446 0.4917910447761194 0.07 0.11716417910447761
3 0.608 0.5097014925373134 0.0305 0.1537313432835821
3 0.757 0.49776119402985075 0.0445 0.13955223880597015
3 0.7385 0.4962686567164179 0.0365 0.12985074626865672
3 0.839 0.3044776119402985 0.023 0.08059701492537313