1 0.167 0.8529850746268657 0.334 0.29402985074626864
1 0.286 0.3701492537313433 0.134 0.12014925373134329
1 0.128 0.44104477611940296 0.14 0.16940298507462687
1 0.482 0.45597014925373136 0.106 0.1626865671641791
1 0.4365 0.3291044776119403 0.075 0.11641791044776119
1 0.535 0.3798507462686567 0.058 0.10895522388059702
0 0.609 0.44925373134328356 0.1365 0.28432835820895525
3 0.5065 0.5970149253731343 0.0385 0.11940298507462686
3 0.5875 0.7813432835820896 0.0465 0.1417910447761194
3 0.65 0.6432835820895523 0.0445 0.12388059701492538
3 0.7195 0.4917910447761194 0.035 0.058208955223880594
3 0.733 0.8186567164179105 0.071 0.14925373134328357