1 0.4845 0.7164179104477612 0.109 0.1925373134328358
1 0.37 0.7014925373134329 0.1155 0.1783582089552239
2 0.0275 0.941044776119403 0.055 0.11716417910447761
3 0.0195 0.9283582089552239 0.039 0.14328358208955225
3 0.017 0.9350746268656717 0.0335 0.11940298507462686
3 0.271 0.5552238805970149 0.0125 0.08134328358208955
3 0.2765 0.5388059701492537 0.017 0.09029850746268657
3 0.13 0.5783582089552238 0.0195 0.08582089552238806
3 0.1415 0.5746268656716418 0.017 0.08358208955223881
2 0.9365 0.6813432835820895 0.047 0.10746268656716418
3 0.939 0.6380597014925373 0.039 0.12014925373134329
3 0.926 0.6291044776119403 0.029 0.11865671641791045
2 0.8775 0.4955223880597015 0.0295 0.0791044776119403
3 0.8755 0.47313432835820896 0.023 0.09253731343283582
2 0.819 0.49029850746268655 0.0245 0.07835820895522388
3 0.816 0.467910447761194 0.017 0.06492537313432836
3 0.815 0.45746268656716416 0.0175 0.07014925373134329
2 0.856 0.41567164179104477 0.0175 0.057462686567164176
3 0.8515 0.3858208955223881 0.0145 0.05970149253731343
2 0.781 0.36268656716417913 0.015 0.05522388059701493
3 0.781 0.3373134328358209 0.0095 0.03507462686567164
1 0.678 0.4305970149253731 0.054 0.09701492537313433
1 0.5475 0.43955223880597016 0.057 0.09477611940298507
1 0.472 0.4298507462686567 0.0725 0.13805970149253732
2 0.4125 0.4470149253731343 0.016 0.05895522388059701
3 0.411 0.4253731343283582 0.012 0.04776119402985075
2 0.434 0.4582089552238806 0.0085 0.03955223880597015
3 0.4325 0.41940298507462687 0.009 0.03880597014925373
0 0.5685 0.2992537313432836 0.0535 0.1291044776119403
2 0.49 0.3492537313432836 0.0105 0.023880597014925373
3 0.491 0.3291044776119403 0.0135 0.041791044776119404
2 0.4745 0.3402985074626866 0.0115 0.027611940298507463
3 0.4735 0.32238805970149254 0.01 0.03880597014925373
2 0.738 0.34253731343283583 0.0185 0.049253731343283584
3 0.738 0.3201492537313433 0.014 0.03955223880597015
2 0.707 0.3328358208955224 0.0125 0.04253731343283582
3 0.7055 0.30597014925373134 0.0115 0.027611940298507463
1 0.6595 0.2880597014925373 0.032 0.06865671641791045
2 0.714 0.2835820895522388 0.009 0.03208955223880597
3 0.714 0.2664179104477612 0.0085 0.023880597014925373