3 0.425 0.6701492537313433 0.067 0.15149253731343285
3 0.275 0.658955223880597 0.059 0.14776119402985075
3 0.1405 0.6955223880597015 0.0595 0.22388059701492538
3 0.1905 0.4962686567164179 0.0405 0.1253731343283582
3 0.305 0.567910447761194 0.052 0.12238805970149254
3 0.642 0.3917910447761194 0.0315 0.1
3 0.4875 0.42388059701492536 0.04 0.11940298507462686
3 0.599 0.8865671641791045 0.078 0.22611940298507463
3 0.7885 0.4761194029850746 0.043 0.1208955223880597
3 0.9385 0.6156716417910447 0.063 0.15447761194029852
3 0.8815 0.5022388059701492 0.045 0.13432835820895522
3 0.1495 0.41567164179104477 0.028 0.09104477611940298
2 0.109 0.741044776119403 0.0515 0.1843283582089552
2 0.17 0.9694029850746269 0.053 0.06119402985074627
2 0.2895 0.7402985074626866 0.0745 0.1798507462686567
2 0.426 0.7455223880597015 0.0835 0.18880597014925374
2 0.5915 0.9417910447761194 0.113 0.11641791044776119
2 0.494 0.46044776119402986 0.0755 0.11641791044776119
2 0.5365 0.44477611940298506 0.0545 0.07835820895522388
2 0.7085 0.5082089552238805 0.039 0.11791044776119403
2 0.6445 0.4507462686567164 0.0375 0.07985074626865672
2 0.797 0.5291044776119403 0.0695 0.1208955223880597
2 0.8755 0.5455223880597015 0.0765 0.11492537313432835
1 0.8635 0.8313432835820895 0.273 0.3373134328358209