3 0.175 0.7022388059701492 0.0395 0.13955223880597015
2 0.159 0.7791044776119403 0.099 0.13656716417910447
1 0.433 0.27238805970149255 0.03 0.06044776119402985
1 0.483 0.2708955223880597 0.0415 0.06791044776119402
1 0.4215 0.21940298507462686 0.0345 0.05373134328358209
1 0.4515 0.24328358208955222 0.0415 0.05223880597014925
3 0.869 0.9007462686567164 0.044 0.14701492537313432
3 0.6555 0.6850746268656717 0.0195 0.12611940298507462
3 0.9355 0.7910447761194029 0.0465 0.10522388059701493
3 0.96 0.9194029850746268 0.0365 0.10597014925373134
2 0.127 0.5447761194029851 0.043 0.09179104477611941