2 0.386 0.7141791044776119 0.1335 0.12761194029850748
2 0.2015 0.8082089552238806 0.154 0.1291044776119403
2 0.318 0.4597014925373134 0.045 0.14626865671641792
2 0.7185 0.44029850746268656 0.0865 0.14402985074626865
2 0.6105 0.3201492537313433 0.046 0.11567164179104478
2 0.46 0.19328358208955224 0.0375 0.0962686567164179
2 0.366 0.25597014925373135 0.035 0.09179104477611941
2 0.968 0.5962686567164179 0.064 0.11119402985074626
2 0.8605 0.5604477611940298 0.1265 0.12014925373134329
2 0.9765 0.5365671641791044 0.0465 0.11119402985074626
2 0.072 0.45597014925373136 0.0365 0.16567164179104477
3 0.7205 0.4007462686567164 0.0465 0.141044776119403
3 0.8735 0.5261194029850746 0.0365 0.13656716417910447
3 0.8505 0.5186567164179104 0.036 0.1626865671641791
3 0.9905 0.5 0.0185 0.12761194029850748
3 0.969 0.5552238805970149 0.034 0.14776119402985075
3 0.9895 0.5694029850746268 0.021 0.17761194029850746
3 0.389 0.6947761194029851 0.034 0.1925373134328358
3 0.46 0.13955223880597015 0.0325 0.10074626865671642
3 0.372 0.2044776119402985 0.0385 0.10074626865671642
3 0.192 0.7716417910447761 0.06 0.17761194029850746
3 0.873 0.5111940298507462 0.0285 0.13656716417910447
3 0.358 0.09104477611940298 0.0365 0.0873134328358209
2 0.57 0.07462686567164178 0.0325 0.0664179104477612
2 0.235 0.1843283582089552 0.034 0.07537313432835821
1 0.5015 0.08358208955223881 0.079 0.0873134328358209
1 0.174 0.9216417910447762 0.348 0.15671641791044777
4 0.8915 0.7044776119402985 0.217 0.2298507462686567