0 0.51 0.6022388059701492 0.606 0.7955223880597015
1 0.8805 0.32985074626865674 0.1285 0.15447761194029852
1 0.81 0.2291044776119403 0.1075 0.14402985074626865
1 0.5985 0.24925373134328357 0.072 0.10970149253731343
1 0.427 0.34626865671641793 0.1495 0.17761194029850746
1 0.3455 0.22388059701492538 0.0695 0.12238805970149254
2 0.88 0.7544776119402985 0.067 0.17761194029850746
2 0.8835 0.9134328358208955 0.078 0.17313432835820897
2 0.8545 0.49701492537313435 0.071 0.1208955223880597
2 0.996 0.23208955223880598 0.008 0.0880597014925373
2 0.115 0.5888059701492537 0.0955 0.16417910447761194
3 0.1 0.5097014925373134 0.04 0.1455223880597015
3 0.731 0.9417910447761194 0.0765 0.11641791044776119
3 0.8685 0.41492537313432837 0.0635 0.10820895522388059
3 0.176 0.4126865671641791 0.039 0.10970149253731343
3 0.2825 0.4664179104477612 0.0435 0.09253731343283582
3 0.301 0.28432835820895525 0.0305 0.08507462686567165