1 0.164 0.8701492537313433 0.325 0.25522388059701495
1 0.47 0.12611940298507462 0.0625 0.13134328358208955
1 0.5835 0.15597014925373134 0.077 0.16417910447761194
3 0.7615 0.7582089552238805 0.0495 0.10522388059701493
2 0.9285 0.7805970149253731 0.047 0.07164179104477612
3 0.2905 0.7694029850746269 0.086 0.18582089552238806
3 0.907 0.7388059701492538 0.0745 0.13880597014925372
2 0.288 0.7917910447761194 0.1175 0.15149253731343285
2 0.381 0.7470149253731343 0.048 0.08208955223880597
2 0.478 0.8029850746268656 0.1475 0.12462686567164179
2 0.6925 0.7074626865671642 0.124 0.10671641791044777
2 0.1575 0.5880597014925373 0.1235 0.10895522388059702
2 0.408 0.6074626865671642 0.0295 0.06865671641791045
2 0.469 0.6522388059701493 0.0495 0.050746268656716415
2 0.4955 0.5716417910447761 0.0355 0.056716417910447764
2 0.626 0.5402985074626866 0.0465 0.0873134328358209
2 0.6975 0.5932835820895522 0.051 0.0708955223880597
2 0.765 0.5701492537313433 0.1135 0.11567164179104478
2 0.8345 0.4619402985074627 0.0715 0.12388059701492538
2 0.854 0.4843283582089552 0.0445 0.10522388059701493
2 0.8115 0.43656716417910446 0.034 0.10373134328358209
2 0.946 0.6813432835820895 0.05 0.13880597014925372
2 0.9705 0.7313432835820896 0.059 0.07985074626865672
2 0.8435 0.7597014925373134 0.07 0.09253731343283582
2 0.0155 0.5365671641791044 0.031 0.09701492537313433
2 0.487 0.39850746268656717 0.0655 0.0708955223880597
2 0.5175 0.2701492537313433 0.044 0.07537313432835821
2 0.5635 0.3283582089552239 0.038 0.07388059701492537
2 0.595 0.3917910447761194 0.0345 0.08283582089552238
2 0.649 0.28432835820895525 0.048 0.06567164179104477
2 0.786 0.24328358208955222 0.039 0.18059701492537314
2 0.1755 0.28880597014925374 0.0765 0.10820895522388059
1 0.372 0.5388059701492537 0.2525 0.21343283582089553
1 0.7965 0.9022388059701493 0.404 0.1947761194029851
3 0.1485 0.5328358208955224 0.0495 0.1126865671641791
3 0.165 0.6746268656716418 0.0465 0.12462686567164179
3 0.206 0.676865671641791 0.0285 0.12388059701492538
3 0.2735 0.7440298507462687 0.033 0.13955223880597015
3 0.3095 0.75 0.0245 0.16119402985074627
3 0.345 0.6328358208955224 0.032 0.12462686567164179
3 0.373 0.6611940298507463 0.0295 0.17164179104477612
3 0.471 0.7470149253731343 0.05 0.13059701492537312
3 0.523 0.5276119402985074 0.0315 0.07686567164179105
3 0.5275 0.6447761194029851 0.041 0.16343283582089552
3 0.556 0.6186567164179104 0.0265 0.11641791044776119
3 0.579 0.7014925373134329 0.0335 0.1291044776119403
3 0.608 0.6955223880597015 0.033 0.13208955223880597
3 0.5935 0.7104477611940299 0.07 0.1761194029850746
3 0.7 0.6828358208955224 0.047 0.15597014925373134
3 0.4855 0.3402985074626866 0.043 0.0880597014925373
3 0.524 0.21044776119402986 0.026 0.07014925373134329
3 0.566 0.2656716417910448 0.038 0.13059701492537312
3 0.5655 0.25149253731343285 0.0315 0.08358208955223881
3 0.608 0.3119402985074627 0.036 0.11492537313432835
3 0.657 0.22761194029850745 0.039 0.09477611940298507
3 0.7735 0.5119402985074627 0.0355 0.15447761194029852
3 0.6675 0.5194029850746269 0.0405 0.1208955223880597
3 0.6445 0.6 0.039 0.12313432835820895
3 0.8435 0.41194029850746267 0.02 0.07388059701492537
3 0.9845 0.65 0.0305 0.11940298507462686