1 0.442 0.5761194029850746 0.138 0.1873134328358209
1 0.342 0.7820895522388059 0.1985 0.2574626865671642
1 0.494 0.467910447761194 0.0755 0.10522388059701493
1 0.5395 0.3902985074626866 0.0655 0.0880597014925373
1 0.4335 0.3656716417910448 0.063 0.07388059701492537
1 0.306 0.3574626865671642 0.091 0.09328358208955224
1 0.6445 0.24701492537313433 0.029 0.03582089552238806
1 0.0755 0.5022388059701492 0.151 0.15447761194029852
0 0.1415 0.3238805970149254 0.2825 0.2298507462686567
1 0.69 0.4298507462686567 0.1175 0.13955223880597015
1 0.3995 0.2865671641791045 0.0615 0.07537313432835821
1 0.6845 0.8194029850746268 0.047 0.1208955223880597
3 0.6325 0.6283582089552239 0.043 0.1126865671641791
3 0.6095 0.4171641791044776 0.0185 0.05373134328358209
3 0.6705 0.5305970149253731 0.016 0.07313432835820896
3 0.376 0.3753731343283582 0.0175 0.0664179104477612
3 0.3015 0.26492537313432835 0.008 0.041791044776119404
3 0.818 0.7201492537313433 0.035 0.09925373134328358
3 0.8005 0.6902985074626866 0.034 0.1
3 0.915 0.8052238805970149 0.056 0.11791044776119403
3 0.821 0.9440298507462687 0.0565 0.11119402985074626
3 0.728 0.6007462686567164 0.0345 0.07835820895522388
3 0.7095 0.6955223880597015 0.0345 0.1208955223880597
3 0.9455 0.9611940298507463 0.0475 0.07761194029850746
3 0.9205 0.9522388059701492 0.0275 0.08880597014925373
3 0.865 0.4246268656716418 0.0125 0.09402985074626866
3 0.652 0.29776119402985074 0.0125 0.03805970149253731
3 0.6675 0.28432835820895525 0.016 0.04626865671641791
3 0.7065 0.5126865671641792 0.0255 0.07835820895522388
2 0.671 0.9171641791044776 0.0715 0.1291044776119403
2 0.7675 0.9007462686567164 0.0425 0.10149253731343283
2 0.9795 0.5373134328358209 0.036 0.1126865671641791
2 0.9045 0.8895522388059701 0.0485 0.07462686567164178
1 0.9885 0.8104477611940298 0.023 0.1843283582089552
2 0.628 0.676865671641791 0.0335 0.11865671641791045
1 0.1055 0.9291044776119403 0.211 0.1417910447761194
1 0.475 0.26044776119402985 0.0595 0.048507462686567165
2 0.606 0.4626865671641791 0.026 0.07014925373134329
2 0.8095 0.7985074626865671 0.0355 0.07462686567164178
2 0.7575 0.5365671641791044 0.0315 0.10149253731343283
2 0.8615 0.44477611940298506 0.0425 0.07313432835820896
2 0.9135 0.458955223880597 0.0495 0.06194029850746269
2 0.9575 0.42388059701492536 0.039 0.0626865671641791
2 0.6345 0.5410447761194029 0.038 0.06417910447761194
2 0.7045 0.75 0.035 0.08358208955223881