1 0.827 0.9149253731343283 0.346 0.16716417910447762
1 0.682 0.458955223880597 0.1485 0.1828358208955224
1 0.62 0.2917910447761194 0.083 0.1126865671641791
1 0.205 0.40223880597014927 0.103 0.1828358208955224
1 0.1465 0.3253731343283582 0.0645 0.11641791044776119
1 0.2555 0.27238805970149255 0.059 0.10820895522388059
1 0.196 0.23955223880597015 0.051 0.08432835820895522
1 0.3235 0.24477611940298508 0.052 0.09402985074626866
1 0.0795 0.7597014925373134 0.159 0.48059701492537316
2 0.4215 0.4470149253731343 0.074 0.10149253731343283
2 0.017 0.42313432835820897 0.034 0.09104477611940298
3 0.398 0.39552238805970147 0.0295 0.10671641791044777
3 0.4215 0.41119402985074627 0.0275 0.11940298507462686
3 0.017 0.38656716417910447 0.034 0.11044776119402985
1 0.524 0.39925373134328357 0.1315 0.2417910447761194