1 0.875 0.8440298507462687 0.2165 0.3119402985074627
1 0.6795 0.49477611940298505 0.0915 0.19701492537313434
3 0.0805 0.4880597014925373 0.0255 0.09776119402985074
1 0.6105 0.12164179104477611 0.0215 0.020895522388059702
3 0.8305 0.3522388059701492 0.0245 0.0626865671641791
1 0.5575 0.11567164179104478 0.024 0.023880597014925373
2 0.16 0.7910447761194029 0.119 0.15597014925373134
1 0.614 0.17164179104477612 0.0315 0.048507462686567165
3 0.822 0.41567164179104477 0.019 0.05373134328358209
3 0.765 0.29402985074626864 0.0195 0.04626865671641791
3 0.7015 0.2664179104477612 0.023 0.04552238805970149
3 0.7845 0.208955223880597 0.014 0.05223880597014925
3 0.777 0.25970149253731345 0.023 0.03805970149253731
3 0.1475 0.7 0.0405 0.05970149253731343
2 0.3785 0.341044776119403 0.0235 0.04701492537313433
2 0.449 0.2947761194029851 0.012 0.025373134328358207
1 0.557 0.10820895522388059 0.0245 0.04253731343283582
2 0.8265 0.46567164179104475 0.038 0.05373134328358209
2 0.768 0.3238805970149254 0.0315 0.04626865671641791
2 0.8425 0.38731343283582087 0.024 0.0626865671641791
2 0.781 0.28955223880597014 0.0215 0.03656716417910448
2 0.666 0.19701492537313434 0.0165 0.034328358208955224
2 0.709 0.2880597014925373 0.0385 0.050746268656716415
3 0.079 0.48656716417910445 0.0235 0.10671641791044777
2 0.497 0.22164179104477613 0.018 0.034328358208955224
2 0.4575 0.2044776119402985 0.0075 0.05970149253731343
2 0.5315 0.15074626865671642 0.014 0.05223880597014925
2 0.5115 0.16417910447761194 0.0135 0.034328358208955224
2 0.485 0.18208955223880596 0.014 0.025373134328358207
2 0.642 0.10223880597014925 0.015 0.026119402985074626
2 0.5115 0.1328358208955224 0.0135 0.03208955223880597
2 0.6825 0.11044776119402985 0.014 0.03134328358208955