2 0.2815 0.7753731343283582 0.0675 0.14925373134328357
2 0.5235 0.6522388059701493 0.0755 0.1328358208955224
2 0.4345 0.5156716417910447 0.0565 0.09328358208955224
2 0.6545 0.9037313432835821 0.104 0.1865671641791045
2 0.6265 0.6574626865671642 0.0615 0.14029850746268657
2 0.2815 0.4141791044776119 0.0425 0.09477611940298507
2 0.395 0.44402985074626866 0.059 0.07014925373134329
2 0.864 0.5164179104477612 0.0805 0.09776119402985074
1 0.533 0.3850746268656716 0.091 0.17686567164179104
1 0.631 0.2791044776119403 0.0755 0.1373134328358209
0 0.4665 0.23059701492537313 0.1485 0.21940298507462686
0 0.029 0.25 0.0575 0.2291044776119403
2 0.2085 0.382089552238806 0.046 0.07462686567164178
2 0.1065 0.8388059701492537 0.0665 0.17388059701492536
3 0.0445 0.7074626865671642 0.0445 0.20298507462686566
3 0.017 0.7007462686567164 0.034 0.14029850746268657
3 0.265 0.6492537313432836 0.063 0.11567164179104478
3 0.279 0.9313432835820895 0.0605 0.10223880597014925
3 0.284 0.9634328358208956 0.0985 0.07238805970149254
3 0.649 0.7962686567164179 0.0525 0.17388059701492536
3 0.6255 0.5873134328358209 0.0465 0.12835820895522387
3 0.5 0.5171641791044777 0.031 0.0873134328358209
3 0.5105 0.5873134328358209 0.033 0.13432835820895522
3 0.4355 0.4619402985074627 0.022 0.11567164179104478
3 0.8645 0.44850746268656716 0.0255 0.11417910447761194
3 0.885 0.46119402985074626 0.027 0.11716417910447761
3 0.3805 0.30149253731343284 0.045 0.07462686567164178
3 0.3205 0.28134328358208954 0.0305 0.0626865671641791
3 0.211 0.32985074626865674 0.031 0.05
3 0.2765 0.376865671641791 0.0305 0.07313432835820896
1 0.8455 0.17164179104477612 0.0435 0.07462686567164178