1 0.3395 0.6723880597014925 0.173 0.22462686567164178
1 0.4975 0.44850746268656716 0.082 0.11417910447761194
1 0.2515 0.3619402985074627 0.0965 0.10597014925373134
1 0.414 0.31044776119402984 0.0545 0.08582089552238806
2 0.723 0.9731343283582089 0.0345 0.05373134328358209
2 0.597 0.7828358208955224 0.023 0.08880597014925373
2 0.533 0.7126865671641791 0.024 0.08656716417910448
2 0.8095 0.9492537313432836 0.031 0.10149253731343283
2 0.751 0.7328358208955223 0.0315 0.08208955223880597
2 0.725 0.573134328358209 0.0265 0.07611940298507462
3 0.601 0.7022388059701492 0.042 0.1044776119402985
3 0.541 0.6216417910447761 0.0345 0.1
3 0.7205 0.8880597014925373 0.0555 0.14776119402985075
3 0.8115 0.8462686567164179 0.056 0.1335820895522388
3 0.749 0.6597014925373135 0.042 0.11791044776119403