1 0.3575 0.7805970149253731 0.1605 0.4388059701492537
1 0.2975 0.3582089552238806 0.074 0.11567164179104478
2 0.7545 0.8686567164179104 0.121 0.2417910447761194
2 0.658 0.8970149253731343 0.0865 0.20597014925373133
2 0.5425 0.8201492537313433 0.0645 0.22462686567164178
2 0.5755 0.641044776119403 0.038 0.09776119402985074
2 0.511 0.49328358208955225 0.045 0.09402985074626866
3 0.5605 0.5970149253731343 0.057 0.12985074626865672
3 0.7485 0.758955223880597 0.0395 0.1582089552238806
3 0.656 0.8276119402985075 0.041 0.15447761194029852
3 0.5395 0.7582089552238805 0.0645 0.19029850746268656
3 0.51 0.4619402985074627 0.019 0.08134328358208955