3 0.4135 0.47388059701492535 0.0515 0.05522388059701493
3 0.525 0.5522388059701493 0.042 0.1291044776119403
3 0.6975 0.5798507462686567 0.0585 0.12611940298507462
3 0.235 0.5477611940298508 0.0585 0.09328358208955224
3 0.1555 0.44029850746268656 0.044 0.1
3 0.2285 0.35895522388059703 0.0195 0.10970149253731343
3 0.565 0.3850746268656716 0.036 0.08358208955223881
3 0.4825 0.3962686567164179 0.0385 0.07611940298507462
3 0.4175 0.42686567164179107 0.0415 0.09850746268656717
3 0.115 0.382089552238806 0.0265 0.08582089552238806
1 0.272 0.3126865671641791 0.1485 0.13880597014925372
1 0.126 0.3283582089552239 0.118 0.16492537313432837
1 0.05 0.2664179104477612 0.058 0.14477611940298507
2 0.5185 0.6186567164179104 0.043 0.14328358208955225
2 0.235 0.6567164179104478 0.071 0.14477611940298507
2 0.1525 0.9388059701492537 0.0695 0.12238805970149254
2 0.1515 0.7843283582089552 0.0515 0.2044776119402985
2 0.415 0.5574626865671641 0.049 0.13208955223880597
2 0.4775 0.4634328358208955 0.035 0.09029850746268657
2 0.42 0.46940298507462686 0.0555 0.07761194029850746
2 0.1535 0.5149253731343284 0.068 0.10970149253731343
2 0.2315 0.373134328358209 0.09 0.06492537313432836
2 0.468 0.3686567164179104 0.0595 0.08208955223880597
2 0.5525 0.43656716417910446 0.0555 0.1373134328358209
2 0.7035 0.7850746268656716 0.09 0.1582089552238806
2 0.692 0.9477611940298507 0.104 0.1044776119402985
2 0.6475 0.4305970149253731 0.065 0.09701492537313433
3 0.6465 0.3805970149253731 0.0335 0.10522388059701493
1 0.7435 0.20149253731343283 0.076 0.09179104477611941