1 0.576 0.9126865671641791 0.135 0.1746268656716418
1 0.3765 0.45223880597014926 0.024 0.041044776119402986
0 0.35 0.4835820895522388 0.051 0.1373134328358209
4 0.026 0.6298507462686567 0.052 0.1664179104477612
2 0.8625 0.9171641791044776 0.0505 0.10522388059701493
3 0.8685 0.8791044776119403 0.023 0.05895522388059701
2 0.752 0.746268656716418 0.0355 0.06194029850746269
2 0.6415 0.7365671641791045 0.033 0.07388059701492537
3 0.644 0.6985074626865672 0.0165 0.04402985074626865
3 0.7645 0.7208955223880597 0.015 0.048507462686567165
3 0.7515 0.7104477611940299 0.012 0.05149253731343283