1 0.4465 0.6604477611940298 0.167 0.3156716417910448
1 0.762 0.4462686567164179 0.1585 0.1947761194029851
1 0.1035 0.7522388059701492 0.2065 0.4470149253731343
1 0.017 0.3597014925373134 0.034 0.13059701492537312
1 0.4085 0.28880597014925374 0.075 0.13582089552238805
1 0.3245 0.20298507462686566 0.0765 0.08358208955223881
2 0.966 0.20522388059701493 0.0185 0.04253731343283582
3 0.9655 0.18582089552238806 0.0155 0.050746268656716415
3 0.4645 0.37089552238805973 0.027 0.09328358208955224
2 0.456 0.40223880597014927 0.053 0.0873134328358209
2 0.425 0.5067164179104477 0.052 0.11119402985074626
3 0.4285 0.4626865671641791 0.0345 0.11343283582089553
2 0.06 0.5067164179104477 0.0425 0.12835820895522387
3 0.061 0.46940298507462686 0.0325 0.12686567164179105
3 0.1195 0.32985074626865674 0.0215 0.08134328358208955
2 0.1205 0.3567164179104478 0.0235 0.0791044776119403
2 0.3615 0.24925373134328357 0.029 0.05149253731343283
2 0.271 0.1947761194029851 0.01 0.04701492537313433
2 0.24 0.19776119402985073 0.014 0.049253731343283584
3 0.2385 0.1791044776119403 0.009 0.03283582089552239
3 0.268 0.17761194029850746 0.011 0.04701492537313433
3 0.3675 0.2291044776119403 0.0175 0.06417910447761194
3 0.3945 0.20298507462686566 0.0155 0.03582089552238806
2 0.138 0.208955223880597 0.014 0.026865671641791045
3 0.137 0.1865671641791045 0.013 0.03880597014925373
1 0.1935 0.14029850746268657 0.0375 0.041791044776119404