1 0.5735 0.6268656716417911 0.187 0.25597014925373135
1 0.458 0.44029850746268656 0.1075 0.1417910447761194
1 0.3165 0.38283582089552237 0.077 0.1873134328358209
4 0.241 0.26044776119402985 0.0595 0.10820895522388059
1 0.5055 0.8925373134328358 0.373 0.21492537313432836
1 0.985 0.43955223880597016 0.03 0.1253731343283582
2 0.89 0.8022388059701493 0.1105 0.17761194029850746
2 0.8265 0.655223880597015 0.107 0.11119402985074626
2 0.958 0.6559701492537313 0.0835 0.11641791044776119
2 0.6875 0.6059701492537314 0.0835 0.1417910447761194
2 0.392 0.6119402985074627 0.0475 0.16940298507462687
2 0.352 0.5082089552238805 0.041 0.12761194029850748
3 0.0345 0.75 0.066 0.1664179104477612
3 0.185 0.8977611940298508 0.059 0.1828358208955224
3 0.1335 0.7261194029850746 0.06 0.18059701492537314
3 0.1575 0.5940298507462687 0.0495 0.12313432835820895
3 0.189 0.47686567164179106 0.033 0.11119402985074626
3 0.479 0.6656716417910448 0.0595 0.1947761194029851
3 0.445 0.5902985074626865 0.029 0.13656716417910447
3 0.381 0.5582089552238806 0.0435 0.15522388059701492
3 0.687 0.5537313432835821 0.061 0.17238805970149254
3 0.8165 0.6007462686567164 0.0545 0.17238805970149254
3 0.889 0.7380597014925373 0.075 0.21567164179104478
3 0.9555 0.6223880597014926 0.07 0.1798507462686567
1 0.1335 0.30895522388059704 0.0455 0.11119402985074626