4 0.592 0.817910447761194 0.2915 0.3641791044776119
1 0.2005 0.844776119402985 0.326 0.31044776119402984
1 0.791 0.5313432835820896 0.101 0.1798507462686567
1 0.875 0.3880597014925373 0.07 0.13507462686567165
1 0.6665 0.4052238805970149 0.1095 0.15970149253731344
1 0.538 0.5201492537313432 0.155 0.2417910447761194
2 0.864 0.9126865671641791 0.0395 0.11044776119402985
2 0.8525 0.6843283582089552 0.0385 0.10671641791044777
2 0.405 0.5537313432835821 0.058 0.10746268656716418
3 0.865 0.8097014925373134 0.0445 0.13134328358208955
2 0.116 0.5850746268656717 0.064 0.08134328358208955
3 0.4 0.49029850746268655 0.0345 0.07313432835820896