1 0.6885 0.36343283582089553 0.0635 0.12014925373134329
0 0.9015 0.2962686567164179 0.078 0.1828358208955224
2 0.167 0.8746268656716418 0.104 0.22238805970149253
2 0.326 0.6597014925373135 0.0605 0.11492537313432835
2 0.2715 0.6402985074626866 0.0455 0.12985074626865672
2 0.1 0.8716417910447761 0.0725 0.16343283582089552
2 0.622 0.5537313432835821 0.035 0.12985074626865672
2 0.675 0.5126865671641792 0.0395 0.10149253731343283
2 0.7675 0.6097014925373134 0.0545 0.1335820895522388
2 0.184 0.7223880597014926 0.0955 0.10223880597014925
3 0.4145 0.6985074626865672 0.053 0.12985074626865672
3 0.1115 0.7761194029850746 0.038 0.16119402985074627
3 0.171 0.8223880597014925 0.049 0.23582089552238805
3 0.3245 0.6037313432835821 0.0375 0.1664179104477612
3 0.196 0.5067164179104477 0.0355 0.10895522388059702
3 0.144 0.5022388059701492 0.0325 0.0962686567164179
3 0.0755 0.5350746268656716 0.029 0.12388059701492538
3 0.0285 0.46940298507462686 0.024 0.08358208955223881
3 0.0735 0.7059701492537314 0.034 0.16567164179104477
3 0.4285 0.5783582089552238 0.037 0.12313432835820895
3 0.6265 0.5022388059701492 0.0205 0.10820895522388059
3 0.663 0.4746268656716418 0.0345 0.1328358208955224
3 0.3255 0.44402985074626866 0.025 0.10895522388059702
2 0.4055 0.7664179104477612 0.068 0.14925373134328357