0 0.333 0.18358208955223881 0.146 0.36716417910447763
1 0.484 0.1291044776119403 0.0815 0.2126865671641791
1 0.6735 0.3611940298507463 0.32 0.503731343283582
2 0.8005 0.8828358208955224 0.0635 0.1761194029850746
2 0.5505 0.7746268656716417 0.135 0.18059701492537314
2 0.4445 0.6007462686567164 0.0795 0.15149253731343285
2 0.3445 0.5223880597014925 0.022 0.0880597014925373
2 0.2345 0.46044776119402986 0.0305 0.07164179104477612
3 0.11 0.3813432835820896 0.027 0.1626865671641791
3 0.169 0.3582089552238806 0.033 0.10298507462686567
3 0.3375 0.42313432835820897 0.036 0.10970149253731343
3 0.4705 0.4634328358208955 0.039 0.09253731343283582
3 0.559 0.7044776119402985 0.06 0.11940298507462686
3 0.7985 0.7492537313432835 0.059 0.12462686567164179
3 0.234 0.3574626865671642 0.034 0.056716417910447764