1 0.0755 0.826865671641791 0.1505 0.28134328358208954
1 0.548 0.6880597014925374 0.141 0.20522388059701493
1 0.447 0.5873134328358209 0.133 0.17313432835820897
1 0.4675 0.4335820895522388 0.0935 0.10223880597014925
1 0.621 0.3694029850746269 0.064 0.08432835820895522
1 0.5835 0.3111940298507463 0.0615 0.07985074626865672
1 0.7075 0.2664179104477612 0.0395 0.05298507462686567
1 0.6745 0.24253731343283583 0.0325 0.048507462686567165
1 0.695 0.21567164179104478 0.026 0.03731343283582089
1 0.7335 0.23656716417910448 0.033 0.048507462686567165
0 0.7545 0.2 0.0395 0.05298507462686567
1 0.72 0.19328358208955224 0.0275 0.04253731343283582
1 0.618 0.18059701492537314 0.044 0.058208955223880594
1 0.464 0.24477611940298508 0.053 0.055970149253731345
1 0.174 0.3902985074626866 0.1145 0.09328358208955224