0 0.51 0.40671641791044777 0.2235 0.3619402985074627
0 0.743 0.25149253731343285 0.061 0.10298507462686567
3 0.8185 0.7343283582089553 0.0485 0.12686567164179105
3 0.7935 0.45298507462686566 0.03 0.04776119402985075
3 0.761 0.34776119402985073 0.0135 0.03880597014925373
3 0.677 0.8850746268656716 0.067 0.15223880597014924
3 0.282 0.3611940298507463 0.021 0.056716417910447764
2 0.7925 0.5119402985074627 0.051 0.07014925373134329
2 0.812 0.8529850746268657 0.057 0.1537313432835821
2 0.6695 0.9589552238805971 0.087 0.08208955223880597
2 0.275 0.3940298507462687 0.062 0.058208955223880594
2 0.3675 0.37089552238805973 0.058 0.04328358208955224
2 0.7555 0.3902985074626866 0.021 0.06567164179104477
2 0.851 0.3783582089552239 0.0595 0.04477611940298507
2 0.9875 0.4828358208955224 0.025 0.06716417910447761
1 0.1345 0.3798507462686567 0.108 0.11044776119402985
1 0.4525 0.21044776119402986 0.0335 0.04776119402985075
1 0.4795 0.2291044776119403 0.035 0.03134328358208955
1 0.5145 0.23507462686567165 0.035 0.04029850746268657
1 0.6765 0.2455223880597015 0.04 0.04626865671641791
1 0.6355 0.21641791044776118 0.0295 0.026865671641791045
3 0.853 0.36268656716417913 0.025 0.08358208955223881
3 0.9595 0.3888059701492537 0.02 0.0626865671641791