0 0.7795 0.6492537313432836 0.192 0.27313432835820894
1 0.6385 0.5358208955223881 0.061 0.09104477611940298
2 0.6495 0.7395522388059701 0.034 0.049253731343283584
2 0.723 0.7992537313432836 0.038 0.07388059701492537
2 0.859 0.9873134328358208 0.028 0.025373134328358207
2 0.981 0.891044776119403 0.038 0.06865671641791045
2 0.704 0.735820895522388 0.0275 0.06194029850746269
3 0.648 0.7022388059701492 0.0235 0.050746268656716415
3 0.887 0.9761194029850746 0.021 0.04776119402985075
3 0.7285 0.7626865671641792 0.0195 0.06044776119402985
3 0.718 0.7149253731343284 0.0145 0.03731343283582089