1 0.5485 0.755223880597015 0.131 0.2455223880597015
1 0.1105 0.8365671641791045 0.194 0.32686567164179103
1 0.46 0.33432835820895523 0.051 0.09029850746268657
1 0.4295 0.25522388059701495 0.0375 0.06940298507462686
1 0.438 0.22761194029850745 0.026 0.05
2 0.32 0.5417910447761194 0.04 0.07462686567164178
2 0.3775 0.3335820895522388 0.021 0.05
2 0.546 0.40746268656716417 0.022 0.05447761194029851
2 0.537 0.3417910447761194 0.0165 0.03880597014925373
3 0.32 0.48507462686567165 0.026 0.0708955223880597
3 0.38 0.3074626865671642 0.018 0.03507462686567164
3 0.315 0.25597014925373135 0.014 0.020895522388059702
3 0.549 0.38283582089552237 0.015 0.029104477611940297
3 0.565 0.3611940298507463 0.021 0.03880597014925373
3 0.5345 0.31716417910447764 0.0235 0.029104477611940297