2 0.7675 0.914179104477612 0.0625 0.17164179104477612
2 0.9465 0.9731343283582089 0.0775 0.05298507462686567
2 0.867 0.5835820895522388 0.038 0.10149253731343283
2 0.815 0.5365671641791044 0.028 0.09328358208955224
2 0.9185 0.49776119402985075 0.033 0.08283582089552238
2 0.884 0.44104477611940296 0.0245 0.06343283582089553
2 0.185 0.5417910447761194 0.089 0.07985074626865672
2 0.319 0.42313432835820897 0.0645 0.07238805970149254
2 0.428 0.41865671641791047 0.055 0.057462686567164176
2 0.58 0.42014925373134326 0.0465 0.06343283582089553
1 0.793 0.4164179104477612 0.0825 0.11343283582089553
1 0.7105 0.3522388059701492 0.055 0.0962686567164179
1 0.727 0.3208955223880597 0.0435 0.05895522388059701
1 0.622 0.3649253731343284 0.102 0.1044776119402985
1 0.4875 0.3843283582089552 0.1095 0.10746268656716418
0 0.4905 0.31044776119402984 0.31 0.1947761194029851
2 0.213 0.4544776119402985 0.072 0.05149253731343283
2 0.1855 0.43208955223880596 0.056 0.04253731343283582
2 0.3635 0.4171641791044776 0.0435 0.05149253731343283
3 0.7675 0.826865671641791 0.0605 0.19776119402985073
3 0.936 0.9246268656716418 0.068 0.15074626865671642
3 0.8695 0.5358208955223881 0.0365 0.08283582089552238
3 0.82 0.48582089552238805 0.0255 0.07985074626865672
3 0.9145 0.46417910447761196 0.028 0.10149253731343283
3 0.1795 0.5328358208955224 0.0305 0.14328358208955225
3 0.2235 0.4223880597014925 0.0325 0.09179104477611941
3 0.192 0.4082089552238806 0.0265 0.09328358208955224
3 0.5865 0.39850746268656717 0.0205 0.07537313432835821
3 0.436 0.39925373134328357 0.034 0.09179104477611941
1 0.0205 0.3283582089552239 0.041 0.09179104477611941
1 0.3275 0.40298507462686567 0.028 0.08582089552238806
1 0.88 0.4044776119402985 0.024 0.07388059701492537
1 0.9635 0.3619402985074627 0.023 0.04701492537313433
1 0.91 0.3604477611940298 0.0265 0.06194029850746269