1 0.665 0.6895522388059702 0.1045 0.21119402985074626
1 0.41 0.491044776119403 0.079 0.15746268656716417
1 0.2685 0.38731343283582087 0.0455 0.09179104477611941
1 0.9175 0.6395522388059701 0.165 0.1962686567164179
2 0.8875 0.8932835820895523 0.059 0.07014925373134329
2 0.731 0.8805970149253731 0.072 0.07388059701492537
2 0.779 0.7708955223880597 0.0635 0.07686567164179105
2 0.31 0.8783582089552239 0.0525 0.07835820895522388
2 0.249 0.9873134328358208 0.066 0.025373134328358207
2 0.354 0.7858208955223881 0.053 0.07686567164179105
2 0.2465 0.667910447761194 0.05 0.06716417910447761
2 0.2995 0.6067164179104477 0.056 0.06119402985074627
2 0.237 0.5231343283582089 0.049 0.05373134328358209
3 0.892 0.8208955223880597 0.049 0.13208955223880597
3 0.788 0.7305970149253731 0.0405 0.1253731343283582
3 0.735 0.8238805970149253 0.0465 0.11940298507462686
3 0.6975 0.6634328358208955 0.041 0.08582089552238806
3 0.3405 0.7097014925373134 0.0405 0.10597014925373134
3 0.313 0.8074626865671641 0.0395 0.10074626865671642
3 0.2425 0.9485074626865672 0.0455 0.10298507462686567
3 0.2405 0.6186567164179104 0.044 0.08582089552238806
3 0.298 0.5634328358208955 0.049 0.06716417910447761
3 0.238 0.48582089552238805 0.026 0.03955223880597015
1 0.9545 0.8052238805970149 0.0905 0.2082089552238806