1 0.5995 0.5186567164179104 0.1485 0.18955223880597014
1 0.818 0.8567164179104477 0.3285 0.28582089552238804
1 0.5055 0.4082089552238806 0.0785 0.10074626865671642
1 0.5585 0.28134328358208954 0.039 0.09925373134328358
1 0.651 0.2791044776119403 0.071 0.08880597014925373
1 0.4665 0.3126865671641791 0.065 0.06194029850746269
2 0.133 0.755223880597015 0.038 0.1126865671641791
2 0.348 0.9626865671641791 0.05 0.07462686567164178
2 0.2905 0.5925373134328358 0.032 0.07835820895522388
2 0.385 0.514179104477612 0.027 0.06940298507462686
2 0.326 0.5328358208955224 0.0235 0.06791044776119402
2 0.211 0.5447761194029851 0.039 0.06343283582089553
2 0.8435 0.3529850746268657 0.043 0.055970149253731345
3 0.129 0.6746268656716418 0.045 0.12761194029850748
3 0.346 0.8671641791044776 0.0635 0.16492537313432837
3 0.296 0.5149253731343284 0.0245 0.06791044776119402
3 0.8455 0.31492537313432833 0.027 0.08134328358208955
3 0.7435 0.2455223880597015 0.0175 0.03582089552238806