1 0.5425 0.3977611940298508 0.1595 0.26119402985074625
1 0.4725 0.18507462686567164 0.111 0.22611940298507463
3 0.0175 0.4380597014925373 0.034 0.17164179104477612
3 0.9295 0.8955223880597015 0.066 0.208955223880597
3 0.816 0.7962686567164179 0.057 0.2507462686567164
3 0.656 0.6761194029850747 0.058 0.18358208955223881
3 0.5805 0.667910447761194 0.055 0.21865671641791046
3 0.646 0.8917910447761194 0.0555 0.18208955223880596
3 0.5 0.5716417910447761 0.0375 0.14850746268656717
2 0.58 0.13208955223880597 0.0295 0.1208955223880597
2 0.401 0.15597014925373134 0.032 0.13134328358208955
2 0.383 0.29328358208955224 0.0445 0.14701492537313432
2 0.3155 0.31865671641791044 0.051 0.18208955223880596
2 0.2605 0.48507462686567165 0.0365 0.1880597014925373
2 0.188 0.6776119402985075 0.0505 0.22238805970149253
2 0.3215 0.1537313432835821 0.0385 0.15746268656716417
2 0.664 0.6828358208955224 0.092 0.21194029850746268
2 0.8095 0.8104477611940298 0.1505 0.11492537313432835
2 0.6755 0.6947761194029851 0.1115 0.14477611940298507
2 0.9285 0.926865671641791 0.143 0.14029850746268657
2 0.675 0.6940298507462687 0.1125 0.13805970149253732
2 0.583 0.1537313432835821 0.0295 0.09701492537313433
2 0.5045 0.641044776119403 0.0465 0.09328358208955224
2 0.5925 0.7470149253731343 0.056 0.15671641791044777
2 0.632 0.9335820895522388 0.167 0.11716417910447761
2 0.264 0.5268656716417911 0.044 0.11492537313432835
2 0.3185 0.1619402985074627 0.0325 0.056716417910447764
2 0.2185 0.26343283582089555 0.038 0.10746268656716418
2 0.039 0.44850746268656716 0.0775 0.10746268656716418
3 0.188 0.6477611940298508 0.039 0.1582089552238806
3 0.262 0.4425373134328358 0.031 0.11343283582089553
3 0.364 0.16940298507462687 0.0285 0.0880597014925373
3 0.3995 0.1328358208955224 0.017 0.07537313432835821
3 0.5005 0.5611940298507463 0.025 0.0962686567164179
3 0.3125 0.27761194029850744 0.028 0.08955223880597014
3 0.3835 0.24104477611940298 0.0295 0.0880597014925373
1 0.4005 0.7067164179104478 0.2565 0.3156716417910448