0 0.6335 0.12313432835820895 0.0335 0.0626865671641791
2 0.838 0.25149253731343285 0.0155 0.04552238805970149
2 0.1745 0.25970149253731345 0.0215 0.056716417910447764
1 0.561 0.15895522388059702 0.027 0.03656716417910448
2 0.641 0.25597014925373135 0.014 0.048507462686567165
0 0.604 0.15298507462686567 0.028 0.08880597014925373
1 0.738 0.16417910447761194 0.028 0.03955223880597015
2 0.676 0.2582089552238806 0.018 0.0664179104477612
2 0.587 0.23955223880597015 0.0215 0.06716417910447761
2 0.66 0.21492537313432836 0.013 0.055970149253731345
2 0.6435 0.2007462686567164 0.0135 0.048507462686567165
2 0.1195 0.23656716417910448 0.025 0.055970149253731345
2 0.2075 0.1925373134328358 0.0185 0.07462686567164178
2 0.278 0.14626865671641792 0.0175 0.04029850746268657
2 0.749 0.22611940298507463 0.016 0.055970149253731345
2 0.7265 0.21791044776119403 0.0195 0.06791044776119402
2 0.7075 0.21641791044776118 0.0125 0.06716417910447761
2 0.811 0.1828358208955224 0.0125 0.05
1 0.5525 0.13432835820895522 0.026 0.04253731343283582
1 0.551 0.11194029850746269 0.026 0.03582089552238806
1 0.5595 0.09701492537313433 0.028 0.03582089552238806
1 0.558 0.07686567164179105 0.0185 0.026865671641791045
1 0.5765 0.06044776119402985 0.0125 0.020895522388059702
1 0.5845 0.09925373134328358 0.0165 0.030597014925373135
1 0.6545 0.0664179104477612 0.015 0.03134328358208955
1 0.64 0.05373134328358209 0.01 0.026119402985074626