1 0.435 0.6470149253731343 0.158 0.29850746268656714
1 0.7335 0.44477611940298506 0.15 0.18358208955223881
1 0.995 0.5880597014925373 0.01 0.29253731343283584
1 0.104 0.7343283582089553 0.208 0.4223880597014925
1 0.0225 0.36268656716417913 0.045 0.12313432835820895
1 0.399 0.2962686567164179 0.0705 0.12835820895522387
1 0.3195 0.21417910447761193 0.072 0.0791044776119403
2 0.9265 0.21641791044776118 0.0175 0.04029850746268657
3 0.926 0.19850746268656716 0.015 0.04776119402985075
3 0.452 0.373134328358209 0.0255 0.0880597014925373
2 0.4445 0.40298507462686567 0.0505 0.08283582089552238
2 0.4145 0.5022388059701492 0.0495 0.10522388059701493
3 0.4185 0.46044776119402986 0.0325 0.10671641791044777
2 0.0695 0.5014925373134328 0.0405 0.12164179104477611
3 0.0705 0.4664179104477612 0.031 0.12014925373134329
3 0.126 0.33432835820895523 0.0205 0.07686567164179105
2 0.127 0.3604477611940298 0.0225 0.07462686567164178
2 0.355 0.2582089552238806 0.0275 0.048507462686567165
2 0.269 0.20671641791044776 0.0095 0.04402985074626865
2 0.24 0.20970149253731343 0.013 0.04626865671641791
3 0.2385 0.1917910447761194 0.0085 0.03134328358208955
3 0.2665 0.191044776119403 0.0105 0.04477611940298507
3 0.3605 0.23955223880597015 0.0165 0.06044776119402985
3 0.386 0.21417910447761193 0.015 0.033582089552238806
2 0.1435 0.22014925373134328 0.013 0.025373134328358207
3 0.1425 0.19925373134328359 0.012 0.03656716417910448
1 0.196 0.15522388059701492 0.0355 0.03955223880597015