3 0.6715 0.7955223880597015 0.056 0.18955223880597014
3 0.6435 0.7865671641791044 0.053 0.21567164179104478
3 0.8965 0.8955223880597015 0.0935 0.208955223880597
3 0.8605 0.8671641791044776 0.061 0.18358208955223881
3 0.8145 0.5694029850746268 0.0505 0.1455223880597015
3 0.1205 0.8716417910447761 0.051 0.2335820895522388
3 0.3235 0.6447761194029851 0.0495 0.16567164179104477
3 0.2495 0.7335820895522388 0.046 0.22611940298507463
3 0.1495 0.7649253731343284 0.0445 0.1626865671641791
3 0.016 0.7380597014925373 0.0315 0.21865671641791046
3 0.533 0.7544776119402985 0.051 0.1865671641791045
3 0.494 0.7455223880597015 0.041 0.1455223880597015
3 0.504 0.5708955223880597 0.053 0.16567164179104477
3 0.6945 0.5358208955223881 0.053 0.1626865671641791
3 0.668 0.5223880597014925 0.0575 0.13208955223880597
3 0.548 0.5156716417910447 0.0405 0.1455223880597015
3 0.5605 0.21940298507462686 0.0355 0.10746268656716418
3 0.459 0.3037313432835821 0.033 0.09701492537313433
3 0.49 0.2746268656716418 0.038 0.08656716417910448
1 0.857 0.7955223880597015 0.286 0.3522388059701492
1 0.347 0.35074626865671643 0.118 0.23656716417910448
1 0.4925 0.9208955223880597 0.421 0.1582089552238806
1 0.0725 0.9492537313432836 0.145 0.10074626865671642
2 0.6625 0.5708955223880597 0.1285 0.12462686567164179
2 0.8615 0.9037313432835821 0.137 0.1925373134328358
2 0.6565 0.823134328358209 0.1005 0.21417910447761193
2 0.8005 0.5888059701492537 0.133 0.09850746268656717
2 0.1385 0.8835820895522388 0.151 0.13955223880597015
2 0.556 0.26940298507462684 0.048 0.11119402985074626
2 0.538 0.12761194029850748 0.0365 0.0791044776119403
2 0.5055 0.5873134328358209 0.121 0.07164179104477612
2 0.557 0.5597014925373134 0.0775 0.1455223880597015
2 0.1975 0.7910447761194029 0.079 0.12761194029850748
2 0.0405 0.764179104477612 0.081 0.14925373134328357
2 0.1855 0.258955223880597 0.0485 0.12164179104477611
2 0.2 0.1798507462686567 0.0365 0.06194029850746269
2 0.9185 0.5440298507462686 0.133 0.15
3 0.937 0.5014925373134328 0.048 0.17313432835820897