1 0.557 0.46567164179104475 0.134 0.17164179104477612
1 0.6815 0.44477611940298506 0.1075 0.14402985074626865
1 0.7565 0.3611940298507463 0.061 0.1335820895522388
0 0.703 0.2955223880597015 0.1115 0.13656716417910447
2 0.263 0.7208955223880597 0.098 0.13656716417910447
2 0.363 0.6261194029850746 0.06 0.10298507462686567
2 0.713 0.5880597014925373 0.0515 0.0873134328358209
2 0.8365 0.8925373134328358 0.067 0.1208955223880597
2 0.9565 0.8783582089552239 0.047 0.09776119402985074
2 0.988 0.6940298507462687 0.024 0.08059701492537313
2 0.968 0.6082089552238806 0.0565 0.058208955223880594
2 0.9045 0.5529850746268656 0.0565 0.04626865671641791
2 0.03 0.5850746268656717 0.06 0.09850746268656717
2 0.1425 0.5126865671641792 0.035 0.04477611940298507
2 0.2195 0.4873134328358209 0.0685 0.06119402985074627
2 0.282 0.4761194029850746 0.055 0.05373134328358209
2 0.412 0.5268656716417911 0.061 0.09925373134328358
2 0.4845 0.46940298507462686 0.042 0.09477611940298507
3 0.3615 0.5686567164179105 0.0265 0.12238805970149254
3 0.283 0.6544776119402985 0.043 0.13507462686567165
3 0.0145 0.5343283582089552 0.029 0.07835820895522388
3 0.134 0.45671641791044776 0.037 0.10746268656716418
3 0.211 0.44029850746268656 0.0275 0.10746268656716418
3 0.282 0.4343283582089552 0.0225 0.0962686567164179
3 0.853 0.7828358208955224 0.0395 0.1746268656716418
3 0.9565 0.767910447761194 0.047 0.19328358208955224
3 0.715 0.5305970149253731 0.043 0.13805970149253732
3 0.989 0.6164179104477612 0.022 0.10522388059701493
3 0.97 0.5395522388059701 0.0385 0.09776119402985074
3 0.9125 0.49402985074626865 0.035 0.10298507462686567
3 0.9335 0.40223880597014927 0.0395 0.09328358208955224
3 0.88 0.40298507462686567 0.054 0.07388059701492537
3 0.988 0.4059701492537313 0.024 0.08059701492537313