1 0.325 0.8649253731343284 0.406 0.2701492537313433
1 0.516 0.09850746268656717 0.0945 0.18507462686567164
2 0.328 0.6440298507462686 0.1425 0.1208955223880597
2 0.503 0.764179104477612 0.1435 0.1761194029850746
2 0.981 0.7820895522388059 0.0375 0.1626865671641791
2 0.79 0.4 0.051 0.17164179104477612
2 0.619 0.22611940298507463 0.036 0.07462686567164178
2 0.663 0.2753731343283582 0.0595 0.09253731343283582
2 0.5385 0.25 0.062 0.0955223880597015
2 0.475 0.20671641791044776 0.0425 0.08208955223880597
2 0.1875 0.46940298507462686 0.119 0.10149253731343283
2 0.02 0.608955223880597 0.04 0.1126865671641791
3 0.1855 0.42014925373134326 0.042 0.16119402985074627
3 0.335 0.6149253731343284 0.0435 0.17164179104477612
3 0.494 0.7231343283582089 0.0555 0.1865671641791045
3 0.7425 0.3111940298507463 0.0375 0.191044776119403
3 0.6655 0.23880597014925373 0.036 0.12686567164179105
3 0.618 0.19328358208955224 0.0335 0.13880597014925372
3 0.5405 0.20373134328358208 0.046 0.1417910447761194
3 0.4695 0.1373134328358209 0.025 0.09253731343283582
3 0.247 0.2582089552238806 0.0345 0.10597014925373134
2 0.1435 0.26865671641791045 0.098 0.10895522388059702
3 0.99 0.5156716417910447 0.02 0.22761194029850745
2 0.7925 0.1664179104477612 0.0345 0.0880597014925373
2 0.967 0.5201492537313432 0.0655 0.1791044776119403