2 0.6445 0.4223880597014925 0.0535 0.056716417910447764
2 0.103 0.48208955223880595 0.055 0.07985074626865672
2 0.963 0.48955223880597015 0.027 0.07686567164179105
2 0.9075 0.4298507462686567 0.0225 0.0626865671641791
2 0.6885 0.36268656716417913 0.0265 0.04552238805970149
2 0.548 0.3805970149253731 0.044 0.041044776119402986
2 0.396 0.38283582089552237 0.055 0.04552238805970149
3 0.9075 0.4 0.0175 0.04253731343283582
3 0.9615 0.45149253731343286 0.0225 0.05
3 0.6505 0.40373134328358207 0.023 0.0708955223880597
3 0.69 0.3335820895522388 0.013 0.041044776119402986
3 0.3985 0.3604477611940298 0.0185 0.058208955223880594
3 0.5495 0.3611940298507463 0.017 0.056716417910447764
3 0.102 0.45671641791044776 0.036 0.07985074626865672
3 0.9625 0.44776119402985076 0.021 0.048507462686567165