1 0.1535 0.8888059701492538 0.3065 0.22238805970149253
1 0.5155 0.12238805970149254 0.0895 0.11194029850746269
3 0.0195 0.5388059701492537 0.0365 0.1291044776119403
3 0.027 0.6626865671641791 0.0405 0.20373134328358208
3 0.0815 0.5022388059701492 0.043 0.1455223880597015
3 0.1335 0.6276119402985074 0.0365 0.18880597014925374
3 0.2145 0.5873134328358209 0.065 0.1761194029850746
3 0.313 0.5507462686567164 0.034 0.1828358208955224
3 0.393 0.6985074626865672 0.053 0.20671641791044776
3 0.6445 0.6611940298507463 0.056 0.20597014925373133
3 0.737 0.6037313432835821 0.0485 0.19029850746268656
3 0.698 0.7902985074626866 0.068 0.16343283582089552
3 0.784 0.9156716417910448 0.0625 0.16791044776119404
3 0.93 0.6022388059701492 0.0295 0.17761194029850746
3 0.9825 0.7559701492537313 0.0315 0.19850746268656716
3 0.7995 0.4798507462686567 0.0605 0.23955223880597015
3 0.5565 0.30223880597014924 0.038 0.1701492537313433
2 0.7855 0.46417910447761196 0.1205 0.13805970149253732
2 0.6195 0.6753731343283582 0.144 0.16044776119402984
2 0.719 0.6373134328358209 0.1365 0.09850746268656717
2 0.924 0.6208955223880597 0.1455 0.11641791044776119
2 0.9415 0.7455223880597015 0.1165 0.10895522388059702
2 0.953 0.47686567164179106 0.0785 0.1582089552238806
2 0.669 0.8664179104477612 0.113 0.15298507462686567
2 0.378 0.7126865671641791 0.137 0.15074626865671642
2 0.3115 0.5567164179104478 0.1095 0.13059701492537312
2 0.2135 0.5828358208955224 0.1155 0.14328358208955225
2 0.132 0.641044776119403 0.106 0.12686567164179105
2 0.0265 0.44029850746268656 0.0005 0.0014925373134328358