0 0.25 0.4992537313432836 0.1955 0.4007462686567164
1 0.437 0.5097014925373134 0.0945 0.1865671641791045
1 0.3995 0.25597014925373135 0.041 0.1044776119402985
1 0.463 0.24776119402985075 0.046 0.07835820895522388
1 0.6395 0.34701492537313433 0.073 0.11567164179104478
1 0.7045 0.4992537313432836 0.0995 0.15597014925373134
1 0.9325 0.8694029850746269 0.131 0.26119402985074625
4 0.755 0.3611940298507463 0.1015 0.1708955223880597
1 0.9165 0.5201492537313432 0.151 0.16492537313432837
0 0.6425 0.15074626865671642 0.0615 0.08880597014925373
1 0.5985 0.2462686567164179 0.056 0.08955223880597014
1 0.581 0.20223880597014926 0.0395 0.0664179104477612
1 0.6265 0.22164179104477613 0.0375 0.06865671641791045
1 0.675 0.282089552238806 0.043 0.10149253731343283