4 0.7645 0.5223880597014925 0.326 0.373134328358209
2 0.2065 0.30522388059701494 0.046 0.08134328358208955
2 0.334 0.3559701492537313 0.0435 0.10223880597014925
2 0.45 0.3567164179104478 0.0625 0.1126865671641791
2 0.5 0.33805970149253733 0.059 0.10522388059701493
2 0.5865 0.3522388059701492 0.084 0.09477611940298507
2 0.021 0.3074626865671642 0.036 0.07388059701492537
2 0.4745 0.2335820895522388 0.065 0.07985074626865672
2 0.6285 0.2701492537313433 0.0325 0.08432835820895522
2 0.533 0.28582089552238804 0.0235 0.08283582089552238
2 0.5845 0.2783582089552239 0.031 0.06194029850746269
3 0.014 0.2619402985074627 0.028 0.06865671641791045
3 0.2045 0.27611940298507465 0.0365 0.09328358208955224
3 0.328 0.31865671641791044 0.03 0.0962686567164179
3 0.4415 0.32611940298507464 0.0265 0.09328358208955224
3 0.4555 0.32686567164179103 0.0265 0.07388059701492537
3 0.4955 0.3119402985074627 0.0265 0.10671641791044777
3 0.5125 0.3029850746268657 0.026 0.08283582089552238
3 0.5825 0.3253731343283582 0.0375 0.11567164179104478
3 0.534 0.24925373134328357 0.03 0.06940298507462686
3 0.4695 0.21492537313432836 0.035 0.09029850746268657
3 0.584 0.24925373134328357 0.0215 0.06940298507462686
3 0.6275 0.2298507462686567 0.0275 0.0664179104477612
3 0.886 0.15895522388059702 0.019 0.04626865671641791
3 0.577 0.18358208955223881 0.0215 0.07388059701492537