1 0.6435 0.7932835820895522 0.1975 0.3082089552238806
3 0.534 0.5776119402985075 0.052 0.1455223880597015
3 0.977 0.47761194029850745 0.0395 0.13507462686567165
3 0.867 0.4597014925373134 0.0365 0.1208955223880597
1 0.7425 0.28880597014925374 0.047 0.058208955223880594
2 0.067 0.8753731343283582 0.113 0.18134328358208956
2 0.218 0.8634328358208955 0.1085 0.17537313432835822
2 0.392 0.7216417910447761 0.097 0.141044776119403
2 0.1795 0.6761194029850747 0.0435 0.15895522388059702
2 0.332 0.6701492537313433 0.071 0.11567164179104478
4 0.8215 0.3253731343283582 0.1105 0.27238805970149255
1 0.6675 0.4052238805970149 0.0825 0.1373134328358209