1 0.5965 0.6880597014925374 0.124 0.20149253731343283
1 0.4705 0.3932835820895522 0.0555 0.11417910447761194
1 0.4345 0.2738805970149254 0.036 0.06940298507462686
1 0.226 0.8955223880597015 0.175 0.208955223880597
2 0.381 0.6014925373134329 0.05 0.08582089552238806
2 0.169 0.48656716417910445 0.0485 0.0873134328358209
2 0.2765 0.41492537313432837 0.022 0.05447761194029851
2 0.231 0.32686567164179103 0.0205 0.03208955223880597
2 0.2925 0.291044776119403 0.0275 0.04552238805970149
2 0.569 0.47313432835820896 0.019 0.04552238805970149
2 0.6165 0.5074626865671642 0.0265 0.0791044776119403
2 0.669 0.6492537313432836 0.044 0.12388059701492538
2 0.709 0.835820895522388 0.046 0.15522388059701492
2 0.75 0.8119402985074626 0.047 0.12611940298507462
2 0.865 0.7850746268656716 0.064 0.12388059701492538
2 0.706 0.6283582089552239 0.036 0.12388059701492538
2 0.6455 0.5022388059701492 0.021 0.05970149253731343
3 0.567 0.45298507462686566 0.018 0.04701492537313433
3 0.169 0.4417910447761194 0.025 0.0664179104477612
3 0.277 0.3858208955223881 0.021 0.04701492537313433
3 0.3825 0.5507462686567164 0.0365 0.0708955223880597
3 0.231 0.30671641791044774 0.0235 0.030597014925373135
3 0.289 0.26492537313432835 0.011 0.027611940298507463
3 0.6225 0.4664179104477612 0.024 0.06119402985074627
3 0.65 0.4619402985074627 0.0155 0.056716417910447764
3 0.672 0.594776119402985 0.017 0.056716417910447764
3 0.6795 0.6141791044776119 0.0165 0.05298507462686567
3 0.7115 0.5873134328358209 0.0305 0.07238805970149254
3 0.718 0.7932835820895522 0.0265 0.09179104477611941
3 0.751 0.7694029850746269 0.0265 0.09477611940298507
3 0.85 0.7164179104477612 0.017 0.11119402985074626
3 0.869 0.7223880597014926 0.024 0.08880597014925373