1 0.869 0.9126865671641791 0.262 0.17388059701492536
3 0.7635 0.7738805970149254 0.028 0.16567164179104477
3 0.588 0.823134328358209 0.031 0.21940298507462686
3 0.475 0.8858208955223881 0.0295 0.22835820895522388
3 0.392 0.7477611940298508 0.059 0.2126865671641791
3 0.347 0.6686567164179105 0.035 0.1664179104477612
3 0.1215 0.8313432835820895 0.031 0.22388059701492538
3 0.2055 0.5805970149253732 0.022 0.1761194029850746
2 0.193 0.5873134328358209 0.109 0.13805970149253732
2 0.666 0.7097014925373134 0.0985 0.14328358208955225
2 0.5615 0.7156716417910448 0.087 0.13507462686567165
2 0.3675 0.8126865671641791 0.1615 0.16716417910447762
2 0.363 0.7253731343283583 0.124 0.12313432835820895
2 0.104 0.8902985074626866 0.208 0.21940298507462686
2 0.585 0.8656716417910447 0.139 0.1582089552238806
2 0.479 0.9455223880597015 0.276 0.10895522388059702
2 0.927 0.8014925373134328 0.146 0.14328358208955225
3 0.937 0.7440298507462687 0.051 0.19552238805970149
2 0.776 0.6238805970149254 0.079 0.11641791044776119
2 0.952 0.5746268656716418 0.064 0.06343283582089553
1 0.3045 0.3694029850746269 0.07 0.12014925373134329
3 0.6905 0.6298507462686567 0.0465 0.15447761194029852
3 0.2955 0.5865671641791045 0.028 0.15746268656716417
2 0.295 0.5962686567164179 0.0885 0.11716417910447761