1 0.48 0.8492537313432836 0.182 0.30149253731343284
1 0.496 0.5126865671641792 0.1355 0.16865671641791044
1 0.726 0.8597014925373134 0.2125 0.2701492537313433
0 0.9115 0.753731343283582 0.177 0.46492537313432836
0 0.936 0.40223880597014927 0.128 0.23208955223880598
1 0.702 0.5671641791044776 0.1505 0.17164179104477612
1 0.3575 0.31343283582089554 0.074 0.0955223880597015
1 0.289 0.2537313432835821 0.046 0.07462686567164178
0 0.252 0.18880597014925374 0.0525 0.08955223880597014
1 0.3145 0.20149253731343283 0.0375 0.06791044776119402
2 0.18 0.664179104477612 0.0185 0.09328358208955224
3 0.178 0.5888059701492537 0.018 0.07835820895522388
2 0.171 0.42686567164179107 0.012 0.05149253731343283
3 0.1695 0.3962686567164179 0.01 0.05223880597014925
1 0.4195 0.2880597014925373 0.1005 0.13955223880597015