4 0.1375 0.7873134328358209 0.2745 0.4253731343283582
1 0.6195 0.7783582089552239 0.2075 0.32238805970149254
1 0.5515 0.44776119402985076 0.175 0.29850746268656714
4 0.6745 0.30597014925373134 0.083 0.1880597014925373
4 0.8595 0.4552238805970149 0.114 0.29701492537313434
2 0.286 0.5955223880597015 0.0645 0.11940298507462686
2 0.0715 0.4417910447761194 0.0345 0.08283582089552238
2 0.216 0.5470149253731343 0.037 0.07313432835820896
2 0.36 0.4828358208955224 0.0275 0.09402985074626866
2 0.453 0.4626865671641791 0.0315 0.09402985074626866
2 0.909 0.9313432835820895 0.0445 0.12014925373134329
3 0.4665 0.7029850746268657 0.0645 0.15522388059701492
3 0.278 0.5276119402985074 0.0355 0.08358208955223881
3 0.3735 0.42761194029850746 0.043 0.06865671641791045