1 0.167 0.7201492537313433 0.19 0.20746268656716418
1 0.525 0.5305970149253731 0.107 0.12014925373134329
1 0.34 0.5238805970149254 0.142 0.1335820895522388
1 0.3665 0.7089552238805971 0.177 0.2455223880597015
1 0.1515 0.9186567164179105 0.257 0.1619402985074627
1 0.465 0.4291044776119403 0.094 0.10223880597014925
1 0.577 0.43507462686567167 0.097 0.12611940298507462
1 0.166 0.43134328358208956 0.151 0.11716417910447761
1 0.6795 0.3164179104477612 0.064 0.08358208955223881
1 0.6345 0.3604477611940298 0.071 0.11194029850746269
0 0.582 0.2708955223880597 0.131 0.1761194029850746
0 0.665 0.22238805970149253 0.0525 0.1044776119402985
2 0.793 0.7216417910447761 0.0365 0.07537313432835821
2 0.802 0.48656716417910445 0.0315 0.05
3 0.805 0.4470149253731343 0.0235 0.05895522388059701
3 0.7975 0.6470149253731343 0.028 0.08955223880597014