2 0.305 0.2917910447761194 0.039 0.041791044776119404
2 0.4145 0.2947761194029851 0.04 0.03582089552238806
2 0.2435 0.3 0.0465 0.03880597014925373
2 0.1045 0.3716417910447761 0.043 0.049253731343283584
2 0.1455 0.39104477611940297 0.0425 0.033582089552238806
3 0.144 0.32611940298507464 0.0165 0.04776119402985075
3 0.1425 0.3723880597014925 0.021 0.05895522388059701
3 0.1095 0.3597014925373134 0.014 0.06194029850746269
3 0.4135 0.27761194029850744 0.018 0.04626865671641791
3 0.307 0.2716417910447761 0.017 0.04328358208955224
3 0.2405 0.27761194029850744 0.014 0.04029850746268657
3 0.6175 0.26791044776119405 0.014 0.04029850746268657
2 0.0175 0.41492537313432837 0.035 0.05895522388059701