1 0.3525 0.20522388059701493 0.0815 0.1291044776119403
1 0.534 0.2298507462686567 0.1165 0.20597014925373133
1 0.3595 0.9186567164179105 0.438 0.1619402985074627
1 0.516 0.5686567164179105 0.2155 0.30149253731343284
1 0.9015 0.9246268656716418 0.197 0.14776119402985075
4 0.7975 0.7567164179104477 0.27 0.23208955223880598
2 0.459 0.7820895522388059 0.1295 0.13208955223880597
3 0.4525 0.7514925373134328 0.036 0.18582089552238806
3 0.4145 0.7373134328358208 0.033 0.12835820895522387
2 0.2975 0.7634328358208955 0.135 0.13507462686567165
3 0.284 0.7179104477611941 0.061 0.16865671641791044
3 0.1955 0.6604477611940298 0.041 0.16492537313432837
3 0.7545 0.6022388059701492 0.0455 0.14701492537313432
3 0.782 0.4126865671641791 0.044 0.13880597014925372
3 0.3005 0.31716417910447764 0.034 0.11417910447761194
3 0.375 0.27761194029850744 0.036 0.09925373134328358
3 0.3585 0.44029850746268656 0.0355 0.11417910447761194
3 0.1765 0.41492537313432837 0.02 0.13805970149253732
2 0.7775 0.45597014925373136 0.131 0.0955223880597015
2 0.3595 0.49029850746268655 0.087 0.13507462686567165
2 0.279 0.5783582089552238 0.0685 0.11492537313432835
3 0.222 0.5417910447761194 0.072 0.13134328358208955
2 0.1765 0.4597014925373134 0.087 0.1328358208955224
3 0.1045 0.6171641791044776 0.0625 0.1328358208955224