1 0.7765 0.5671641791044776 0.1505 0.2373134328358209
1 0.7385 0.3701492537313433 0.0895 0.1291044776119403
1 0.6515 0.3776119402985075 0.062 0.08283582089552238
1 0.85 0.31791044776119404 0.0575 0.07164179104477612
1 0.7235 0.2873134328358209 0.0555 0.06417910447761194
1 0.5875 0.24253731343283583 0.0375 0.048507462686567165
1 0.625 0.2171641791044776 0.0365 0.049253731343283584
1 0.5945 0.16865671641791044 0.0285 0.041044776119402986
1 0.461 0.25522388059701495 0.033 0.057462686567164176
1 0.459 0.3701492537313433 0.05 0.09029850746268657
1 0.4045 0.2701492537313433 0.0385 0.07686567164179105
1 0.415 0.2126865671641791 0.0295 0.05522388059701493