1 0.4255 0.7820895522388059 0.125 0.21343283582089553
1 0.6695 0.34626865671641793 0.0455 0.06940298507462686
0 0.863 0.6216417910447761 0.274 0.5962686567164179
1 0.5475 0.3455223880597015 0.04 0.06417910447761194
0 0.6385 0.2298507462686567 0.0435 0.09850746268656717
1 0.718 0.4052238805970149 0.0445 0.11417910447761194
3 0.0085 0.8611940298507462 0.017 0.1537313432835821
1 0.163 0.8694029850746269 0.0585 0.10223880597014925
2 0.287 0.5962686567164179 0.0275 0.04328358208955224
1 0.6455 0.13880597014925372 0.019 0.029850746268656716
2 0.07 0.8738805970149254 0.072 0.2007462686567164