1 0.677 0.8716417910447761 0.22 0.25671641791044775
1 0.9175 0.8746268656716418 0.165 0.24776119402985075
1 0.3075 0.8902985074626866 0.141 0.21940298507462686
1 0.492 0.45 0.069 0.12014925373134329
1 0.5895 0.5044776119402985 0.085 0.10746268656716418
2 0.114 0.7813432835820896 0.037 0.12835820895522387
2 0.061 0.7029850746268657 0.028 0.1208955223880597
2 0.174 0.5708955223880597 0.042 0.10298507462686567
2 0.296 0.4134328358208955 0.028 0.06343283582089553
3 0.1235 0.6985074626865672 0.043 0.0708955223880597
3 0.0725 0.6179104477611941 0.037 0.07164179104477612
3 0.176 0.508955223880597 0.0255 0.04477611940298507
2 0.874 0.9335820895522388 0.0665 0.1328358208955224
2 0.7195 0.7231343283582089 0.031 0.07761194029850746