1 0.629 0.38656716417910447 0.0215 0.023880597014925373
1 0.697 0.3888059701492537 0.0195 0.023134328358208955
1 0.7205 0.4582089552238806 0.033 0.057462686567164176
1 0.22 0.7119402985074627 0.1295 0.14477611940298507
4 0.7715 0.6037313432835821 0.0635 0.10820895522388059
1 0.9665 0.8597014925373134 0.067 0.28059701492537314
1 0.466 0.44850746268656716 0.048 0.058208955223880594
0 0.821 0.5059701492537313 0.0995 0.1798507462686567
4 0.7505 0.40373134328358207 0.0415 0.12313432835820895
3 0.473 0.5231343283582089 0.0165 0.06417910447761194
3 0.422 0.5529850746268656 0.0115 0.08283582089552238
3 0.231 0.6208955223880597 0.029 0.05522388059701493
3 0.3805 0.5462686567164179 0.0105 0.05447761194029851
2 0.47 0.5291044776119403 0.022 0.04477611940298507
2 0.011 0.9671641791044776 0.0215 0.06567164179104477