1 0.937 0.8470149253731343 0.126 0.29701492537313434
1 0.456 0.7022388059701492 0.148 0.21567164179104478
1 0.562 0.5962686567164179 0.14 0.18208955223880596
1 0.5405 0.4343283582089552 0.098 0.10746268656716418
1 0.3795 0.36716417910447763 0.067 0.0880597014925373
1 0.419 0.30597014925373134 0.0645 0.08432835820895522
1 0.2885 0.25970149253731345 0.0415 0.05522388059701493
1 0.3235 0.2335820895522388 0.034 0.050746268656716415
1 0.302 0.20597014925373133 0.027 0.03955223880597015
1 0.2615 0.22761194029850745 0.0345 0.05149253731343283
0 0.2395 0.18880597014925374 0.0415 0.05522388059701493
1 0.2755 0.18208955223880596 0.029 0.04402985074626865
1 0.3825 0.16865671641791044 0.046 0.06119402985074627
1 0.5445 0.23656716417910448 0.0555 0.05895522388059701
1 0.849 0.3895522388059702 0.12 0.09850746268656717