1 0.0695 0.7343283582089553 0.1385 0.3701492537313433
1 0.38 0.9425373134328359 0.5315 0.11492537313432835
2 0.1975 0.9216417910447762 0.211 0.1537313432835821
2 0.288 0.5985074626865672 0.1495 0.11791044776119403
2 0.393 0.7067164179104478 0.145 0.14029850746268657
2 0.5095 0.6298507462686567 0.135 0.15970149253731344
2 0.6995 0.5865671641791045 0.1795 0.13208955223880597
2 0.6985 0.6925373134328359 0.144 0.12835820895522387
3 0.7065 0.5328358208955224 0.0375 0.1335820895522388
3 0.6975 0.6694029850746268 0.037 0.22164179104477613
3 0.933 0.7574626865671642 0.063 0.21343283582089553
2 0.9745 0.4708955223880597 0.051 0.17164179104477612
1 0.5215 0.07014925373134329 0.095 0.1126865671641791
3 0.4505 0.23432835820895523 0.041 0.1253731343283582
3 0.357 0.4992537313432836 0.0245 0.1865671641791045
3 0.4025 0.6783582089552239 0.046 0.16865671641791044
3 0.5015 0.5761194029850746 0.045 0.17761194029850746
3 0.2155 0.8992537313432836 0.072 0.15298507462686567
3 0.0115 0.9664179104477612 0.023 0.06716417910447761
3 0.1285 0.48582089552238805 0.0405 0.11567164179104478
3 0.0905 0.5544776119402985 0.0415 0.10671641791044777
2 0.146 0.2582089552238806 0.0795 0.0962686567164179