4 0.1565 0.7955223880597015 0.313 0.408955223880597
1 0.6235 0.7753731343283582 0.1865 0.2902985074626866
1 0.5625 0.47761194029850745 0.1575 0.26940298507462684
4 0.6735 0.35 0.0745 0.16940298507462687
4 0.84 0.4843283582089552 0.1025 0.2671641791044776
2 0.324 0.6104477611940299 0.058 0.10820895522388059
2 0.131 0.47238805970149256 0.031 0.07462686567164178
2 0.261 0.5671641791044776 0.033 0.06567164179104477
2 0.3905 0.508955223880597 0.0245 0.08432835820895522
2 0.474 0.491044776119403 0.0285 0.08432835820895522
2 0.8845 0.9134328358208955 0.04 0.10820895522388059
3 0.4865 0.7074626865671642 0.058 0.14029850746268657
3 0.317 0.5492537313432836 0.032 0.07537313432835821
3 0.403 0.4597014925373134 0.0385 0.06194029850746269