1 0.559 0.5723880597014925 0.094 0.141044776119403
2 0.113 0.8350746268656717 0.046 0.15223880597014924
2 0.0855 0.576865671641791 0.0295 0.1
2 0.1985 0.47388059701492535 0.03 0.07761194029850746
2 0.281 0.5246268656716417 0.032 0.0962686567164179
2 0.804 0.9537313432835821 0.068 0.09253731343283582
2 0.813 0.8261194029850746 0.055 0.14328358208955225
2 0.6535 0.6328358208955224 0.029 0.06567164179104477
3 0.119 0.7432835820895523 0.05 0.07985074626865672
3 0.008 0.6313432835820896 0.016 0.07462686567164178
3 0.0035 0.4962686567164179 0.007 0.10895522388059702
3 0.0915 0.5223880597014925 0.0305 0.07313432835820896
3 0.2825 0.47388059701492535 0.023 0.04776119402985075
3 0.8185 0.9514925373134329 0.053 0.0962686567164179