1 0.082 0.9186567164179105 0.164 0.1626865671641791
1 0.5255 0.6492537313432836 0.0955 0.21417910447761193
1 0.478 0.41194029850746267 0.0745 0.15298507462686567
1 0.4345 0.29701492537313434 0.035 0.10298507462686567
1 0.431 0.22388059701492538 0.0285 0.06343283582089553
1 0.466 0.24477611940298508 0.0275 0.05970149253731343
1 0.5715 0.4992537313432836 0.0995 0.16567164179104477
1 0.8085 0.9014925373134328 0.248 0.19701492537313434
2 0.7695 0.7604477611940299 0.061 0.15597014925373134
3 0.777 0.7208955223880597 0.0415 0.15223880597014924
2 0.0675 0.7328358208955223 0.0535 0.13059701492537312
3 0.0775 0.6746268656716418 0.034 0.15522388059701492
3 0.167 0.44925373134328356 0.0205 0.09701492537313433