3 0.176 0.5380597014925373 0.025 0.09850746268656717
0 0.526 0.5298507462686567 0.3035 0.6134328358208955
1 0.8255 0.8783582089552239 0.349 0.24328358208955222
1 0.9035 0.7708955223880597 0.1925 0.22014925373134328
1 0.3685 0.39552238805970147 0.0685 0.1328358208955224
1 0.328 0.3417910447761194 0.0485 0.06716417910447761
1 0.3615 0.27611940298507465 0.05 0.06865671641791045
1 0.2915 0.27761194029850744 0.0355 0.06044776119402985
1 0.2965 0.22313432835820896 0.034 0.06865671641791045
1 0.263 0.24104477611940298 0.0295 0.06417910447761194
3 0.2135 0.7134328358208956 0.036 0.09179104477611941
2 0.2155 0.7925373134328358 0.0495 0.08059701492537313
2 0.1825 0.5537313432835821 0.0355 0.05298507462686567