1 0.569 0.6343283582089553 0.1535 0.291044776119403
1 0.279 0.4373134328358209 0.146 0.1791044776119403
1 0.015 0.5791044776119403 0.03 0.28432835820895525
1 0.895 0.7194029850746269 0.2095 0.41194029850746267
1 0.975 0.35895522388059703 0.05 0.12014925373134329
1 0.6045 0.29253731343283584 0.069 0.12462686567164179
1 0.6815 0.21343283582089553 0.0705 0.07686567164179105
2 0.009 0.30597014925373134 0.018 0.06119402985074627
2 0.017 0.17686567164179104 0.0115 0.028358208955223882
2 0.0915 0.21492537313432836 0.017 0.03880597014925373
3 0.0145 0.1582089552238806 0.0115 0.04029850746268657
3 0.009 0.28432835820895525 0.018 0.07686567164179105
3 0.092 0.19776119402985073 0.0145 0.04626865671641791
3 0.5525 0.367910447761194 0.025 0.08582089552238806
2 0.5605 0.3970149253731343 0.049 0.08059701492537313
2 0.589 0.49328358208955225 0.048 0.10223880597014925
3 0.5855 0.45223880597014926 0.0315 0.1044776119402985
2 0.925 0.4925373134328358 0.0395 0.11865671641791045
3 0.924 0.458955223880597 0.03 0.11716417910447761
3 0.87 0.32985074626865674 0.02 0.07537313432835821
2 0.869 0.35522388059701493 0.0215 0.07238805970149254
2 0.6475 0.25597014925373135 0.0265 0.04701492537313433
2 0.731 0.20597014925373133 0.0095 0.04328358208955224
2 0.759 0.2082089552238806 0.013 0.04477611940298507
3 0.7605 0.191044776119403 0.0085 0.029850746268656716
3 0.7335 0.19029850746268656 0.0105 0.04328358208955224
3 0.642 0.2373134328358209 0.016 0.05895522388059701
3 0.617 0.21343283582089553 0.0145 0.03283582089552239
2 0.853 0.21865671641791046 0.0125 0.024626865671641792
3 0.854 0.19850746268656716 0.012 0.03582089552238806
1 0.802 0.15522388059701492 0.0345 0.03805970149253731