3 0.3375 0.8694029850746269 0.043 0.18134328358208956
3 0.292 0.8888059701492538 0.04 0.22164179104477613
3 0.5235 0.8380597014925373 0.0235 0.2291044776119403
3 0.5615 0.8186567164179105 0.0425 0.19701492537313434
3 0.2005 0.8559701492537314 0.088 0.18507462686567164
3 0.175 0.8238805970149253 0.088 0.22014925373134328
3 0.153 0.7052238805970149 0.0545 0.16492537313432837
3 0.1885 0.6813432835820895 0.058 0.1783582089552239
3 0.258 0.7276119402985075 0.045 0.17238805970149254
3 0.3705 0.6380597014925373 0.0365 0.15522388059701492
3 0.4105 0.6216417910447761 0.03 0.17238805970149254
3 0.537 0.682089552238806 0.05 0.1582089552238806
3 0.633 0.6686567164179105 0.0345 0.2171641791044776
3 0.704 0.7231343283582089 0.02 0.22164179104477613
3 0.781 0.7694029850746269 0.046 0.191044776119403
3 0.8035 0.7477611940298508 0.062 0.17238805970149254
1 0.7965 0.935820895522388 0.355 0.12835820895522387
1 0.5285 0.08955223880597014 0.0855 0.12462686567164179
1 0.627 0.10074626865671642 0.077 0.12462686567164179
3 0.374 0.4708955223880597 0.0485 0.13582089552238805
3 0.4535 0.3977611940298508 0.0335 0.1
3 0.48 0.38731343283582087 0.031 0.11716417910447761
3 0.576 0.31417910447761194 0.0345 0.11865671641791045
3 0.5655 0.2044776119402985 0.045 0.1044776119402985
3 0.657 0.2373134328358209 0.0295 0.1
3 0.694 0.27761194029850744 0.0345 0.10298507462686567
3 0.7965 0.2253731343283582 0.03 0.15522388059701492
3 0.736 0.5791044776119403 0.0215 0.16492537313432837
3 0.7625 0.6007462686567164 0.0355 0.17388059701492536
3 0.5665 0.5626865671641791 0.0355 0.15522388059701492
3 0.599 0.5597014925373134 0.052 0.13880597014925372
2 0.4145 0.8843283582089553 0.109 0.12462686567164179
2 0.3675 0.6776119402985075 0.12 0.13059701492537312
2 0.3745 0.5201492537313432 0.0915 0.13582089552238805
2 0.176 0.4716417910447761 0.1345 0.09104477611940298
2 0.6945 0.3440298507462687 0.025 0.0880597014925373
2 0.652 0.2992537313432836 0.019 0.08432835820895522
2 0.877 0.6134328358208955 0.138 0.14029850746268657
2 0.993 0.49850746268656715 0.014 0.1798507462686567
2 0.5285 0.7104477611940299 0.1285 0.09701492537313433
2 0.5235 0.8507462686567164 0.139 0.15671641791044777
2 0.59 0.7880597014925373 0.127 0.14776119402985075
2 0.1975 0.8925373134328358 0.0865 0.16343283582089552
2 0.3845 0.33955223880597013 0.048 0.11492537313432835
3 0.383 0.29253731343283584 0.027 0.12313432835820895