1 0.832 0.38283582089552237 0.069 0.14626865671641792
1 0.738 0.31044776119402984 0.049 0.08955223880597014
1 0.6735 0.30522388059701494 0.044 0.1
1 0.6385 0.2902985074626866 0.034 0.10149253731343283
1 0.7495 0.2626865671641791 0.0385 0.07238805970149254
1 0.0505 0.5119402985074627 0.101 0.17313432835820897
1 0.0775 0.42686567164179107 0.1045 0.141044776119403
1 0.347 0.34626865671641793 0.07 0.10970149253731343
1 0.479 0.25223880597014925 0.0485 0.07164179104477612
1 0.712 0.25 0.034 0.06194029850746269
1 0.755 0.25522388059701495 0.0355 0.03507462686567164
2 0.7275 0.6171641791044776 0.085 0.11641791044776119
2 0.834 0.5350746268656716 0.079 0.0873134328358209
2 0.992 0.5664179104477612 0.0155 0.11417910447761194
2 0.7805 0.44776119402985076 0.0345 0.06791044776119402
2 0.6605 0.5194029850746269 0.0555 0.10149253731343283
2 0.624 0.3567164179104478 0.053 0.06791044776119402