2 0.452 0.5552238805970149 0.06 0.0791044776119403
2 0.0605 0.6126865671641791 0.0915 0.08358208955223881
3 0.0645 0.5746268656716418 0.024 0.10149253731343283
3 0.449 0.5253731343283582 0.028 0.09029850746268657
1 0.73 0.30970149253731344 0.04 0.07238805970149254
1 0.5185 0.31343283582089554 0.0385 0.08208955223880597
1 0.561 0.3253731343283582 0.0375 0.0955223880597015
1 0.599 0.29328358208955224 0.043 0.06940298507462686
0 0.5645 0.23955223880597015 0.0665 0.0873134328358209
1 0.626 0.2716417910447761 0.0235 0.048507462686567165
1 0.6425 0.2537313432835821 0.043 0.05447761194029851
1 0.651 0.23059701492537313 0.0295 0.05
1 0.669 0.18507462686567164 0.021 0.05149253731343283
2 0.44 0.33507462686567163 0.019 0.03880597014925373
2 0.467 0.33134328358208953 0.019 0.04029850746268657
2 0.481 0.33805970149253733 0.019 0.03507462686567164
3 0.441 0.30970149253731344 0.0135 0.030597014925373135
3 0.4675 0.2992537313432836 0.018 0.029104477611940297
3 0.483 0.30970149253731344 0.014 0.022388059701492536