1 0.133 0.7246268656716418 0.2 0.2044776119402985
1 0.288 0.5507462686567164 0.152 0.11492537313432835
1 0.478 0.5552238805970149 0.116 0.1791044776119403
1 0.4595 0.41940298507462687 0.1015 0.1335820895522388
1 0.547 0.3522388059701492 0.072 0.09104477611940298
1 0.588 0.46492537313432836 0.0645 0.15223880597014924
1 0.6225 0.3858208955223881 0.084 0.11791044776119403
1 0.689 0.32164179104477614 0.0425 0.06940298507462686
1 0.582 0.30522388059701494 0.0605 0.06567164179104477
1 0.0165 0.8776119402985074 0.033 0.17238805970149254
1 0.1395 0.9261194029850747 0.2735 0.14776119402985075
1 0.3555 0.7156716417910448 0.2455 0.32985074626865674
0 0.6515 0.23432835820895523 0.116 0.14477611940298507
3 0.8095 0.6014925373134329 0.039 0.08134328358208955
3 0.8375 0.4417910447761194 0.036 0.0708955223880597
2 0.805 0.65 0.037 0.05522388059701493
2 0.8325 0.48582089552238805 0.0225 0.0626865671641791