1 0.396 0.5365671641791044 0.1015 0.16865671641791044
1 0.763 0.8044776119402985 0.2075 0.30149253731343284
1 0.4625 0.4261194029850746 0.0765 0.1044776119402985
1 0.7635 0.367910447761194 0.0805 0.0626865671641791
1 0.522 0.282089552238806 0.0535 0.058208955223880594
1 0.343 0.32985074626865674 0.0395 0.05149253731343283
1 0.296 0.3574626865671642 0.044 0.06417910447761194
1 0.4675 0.8611940298507462 0.209 0.27686567164179104
1 0.292 0.3037313432835821 0.0365 0.03656716417910448
1 0.4795 0.2656716417910448 0.0345 0.03134328358208955
2 0.2535 0.7261194029850746 0.0355 0.12835820895522387
2 0.221 0.5216417910447761 0.0345 0.07835820895522388
2 0.1235 0.3753731343283582 0.0185 0.04477611940298507
2 0.0415 0.45597014925373136 0.019 0.05970149253731343
2 0.076 0.3619402985074627 0.0175 0.041044776119402986
2 0.222 0.34776119402985073 0.019 0.04477611940298507
3 0.223 0.4753731343283582 0.02 0.04552238805970149
3 0.252 0.6402985074626866 0.036 0.06343283582089553
3 0.1305 0.8014925373134328 0.053 0.10522388059701493
3 0.044 0.41492537313432837 0.018 0.04029850746268657
2 0.68 0.4164179104477612 0.0255 0.057462686567164176
3 0.6685 0.3940298507462687 0.018 0.048507462686567165