1 0.275 0.8925373134328358 0.378 0.21492537313432836
1 0.838 0.9291044776119403 0.324 0.1417910447761194
1 0.751 0.7582089552238805 0.363 0.26119402985074625
1 0.527 0.36268656716417913 0.1725 0.23432835820895523
1 0.625 0.16417910447761194 0.0925 0.1626865671641791
1 0.5135 0.10223880597014925 0.0765 0.14402985074626865
2 0.2995 0.7014925373134329 0.1175 0.13582089552238805
2 0.4285 0.6380597014925373 0.1335 0.13134328358208955
2 0.561 0.5932835820895522 0.097 0.12835820895522387
2 0.682 0.5738805970149253 0.105 0.09104477611940298
2 0.781 0.5470149253731343 0.1005 0.11865671641791045
2 0.0615 0.7514925373134328 0.123 0.1208955223880597
3 0.294 0.6395522388059701 0.0345 0.12014925373134329
3 0.322 0.6343283582089553 0.0345 0.12985074626865672
3 0.053 0.6902985074626866 0.0605 0.12388059701492538
3 0.4465 0.608955223880597 0.0335 0.141044776119403
3 0.387 0.5276119402985074 0.0465 0.11119402985074626
3 0.363 0.4126865671641791 0.0295 0.12014925373134329
3 0.352 0.3119402985074627 0.046 0.1044776119402985
3 0.4085 0.1925373134328358 0.0335 0.09701492537313433
3 0.3015 0.48880597014925375 0.045 0.15
3 0.689 0.22238805970149253 0.0465 0.07985074626865672
3 0.7985 0.382089552238806 0.0395 0.11119402985074626
3 0.931 0.5865671641791045 0.032 0.12238805970149254
3 0.577 0.5291044776119403 0.046 0.13432835820895522
3 0.9615 0.585820895522388 0.0295 0.12686567164179105