1 0.681 0.34776119402985073 0.11 0.07611940298507462
1 0.4955 0.25970149253731345 0.0295 0.03507462686567164
1 0.455 0.3447761194029851 0.081 0.08208955223880597
1 0.4095 0.23208955223880598 0.0265 0.030597014925373135
1 0.355 0.2455223880597015 0.025 0.03507462686567164
1 0.3295 0.2507462686567164 0.027 0.033582089552238806
1 0.292 0.2507462686567164 0.0255 0.03656716417910448
1 0.252 0.2544776119402985 0.024 0.03656716417910448
1 0.901 0.32164179104477614 0.052 0.05447761194029851
2 0.158 0.6186567164179104 0.0395 0.10298507462686567
2 0.1725 0.48955223880597015 0.0245 0.07611940298507462
2 0.196 0.5208955223880597 0.0275 0.08507462686567165
2 0.243 0.43507462686567167 0.0245 0.06567164179104477
2 0.1975 0.4291044776119403 0.0235 0.0626865671641791
2 0.031 0.4537313432835821 0.0215 0.06567164179104477
2 0.1235 0.3716417910447761 0.0165 0.049253731343283584
2 0.144 0.3402985074626866 0.016 0.04029850746268657
2 0.1925 0.341044776119403 0.015 0.04029850746268657
2 0.2465 0.35 0.018 0.041044776119402986
3 0.1595 0.5529850746268656 0.0335 0.06343283582089553
3 0.0325 0.4141791044776119 0.021 0.033582089552238806
3 0.1735 0.44104477611940296 0.0215 0.04701492537313433
3 0.244 0.3940298507462687 0.021 0.03731343283582089
3 0.198 0.3970149253731343 0.0225 0.03507462686567164
2 0.4865 0.39850746268656717 0.048 0.041791044776119404
2 0.4185 0.3835820895522388 0.0335 0.04328358208955224
2 0.36 0.3582089552238806 0.02 0.04253731343283582
3 0.4835 0.3649253731343284 0.013 0.03656716417910448
3 0.1945 0.47313432835820896 0.024 0.04701492537313433
3 0.243 0.3970149253731343 0.021 0.03731343283582089
3 0.2445 0.32238805970149254 0.0165 0.027611940298507463
3 0.123 0.3447761194029851 0.017 0.027611940298507463
3 0.143 0.31791044776119404 0.0165 0.029104477611940297