3 0.7655 0.6514925373134328 0.047 0.11119402985074626
3 0.3755 0.5791044776119403 0.049 0.09104477611940298
3 0.148 0.24402985074626865 0.024 0.05447761194029851
3 0.649 0.28880597014925374 0.0145 0.09328358208955224
3 0.427 0.25298507462686565 0.0065 0.06791044776119402
3 0.416 0.2574626865671642 0.0115 0.07164179104477612
3 0.8185 0.21194029850746268 0.02 0.055970149253731345
2 0.816 0.2537313432835821 0.037 0.05223880597014925
2 0.4225 0.2753731343283582 0.0475 0.05
2 0.7605 0.7820895522388059 0.0585 0.16567164179104477
2 0.379 0.6828358208955224 0.0585 0.14850746268656717
2 0.153 0.28432835820895525 0.027 0.06194029850746269
2 0.2875 0.21343283582089553 0.0275 0.049253731343283584
3 0.319 0.16119402985074627 0.014 0.0626865671641791
3 0.286 0.18955223880597014 0.0105 0.048507462686567165
3 0.0325 0.26119402985074625 0.013 0.0873134328358209
1 0.3585 0.28432835820895525 0.0945 0.18134328358208956