3 0.9265 0.5164179104477612 0.034 0.1044776119402985
3 0.7945 0.491044776119403 0.0375 0.07388059701492537
3 0.893 0.6470149253731343 0.0575 0.12686567164179105
3 0.9185 0.3940298507462687 0.029 0.0708955223880597
3 0.3775 0.9111940298507463 0.061 0.15970149253731344
3 0.406 0.6940298507462687 0.0465 0.12388059701492538
3 0.445 0.5395522388059701 0.0325 0.11194029850746269
3 0.2795 0.682089552238806 0.0465 0.09029850746268657
3 0.0275 0.9029850746268657 0.055 0.1701492537313433
2 0.0395 0.9216417910447762 0.079 0.15671641791044777
2 0.379 0.9373134328358209 0.0625 0.1253731343283582
2 0.4115 0.7208955223880597 0.05 0.13582089552238805
2 0.446 0.5738805970149253 0.045 0.1044776119402985
2 0.279 0.7156716417910448 0.051 0.14626865671641792
2 0.901 0.6932835820895522 0.0525 0.12238805970149254
2 0.9315 0.5597014925373134 0.0355 0.0962686567164179
2 0.798 0.5305970149253731 0.0355 0.08432835820895522
2 0.796 0.3649253731343284 0.04 0.057462686567164176
1 0.69 0.2716417910447761 0.0425 0.07686567164179105
1 0.677 0.19328358208955224 0.033 0.05298507462686567
3 0.3035 0.49776119402985075 0.0315 0.10895522388059702
3 0.154 0.5455223880597015 0.023 0.10895522388059702
3 0.0735 0.5343283582089552 0.0265 0.09850746268656717