1 0.2515 0.5298507462686567 0.125 0.19701492537313434
1 0.2135 0.24029850746268658 0.044 0.06119402985074627
2 0.802 0.7216417910447761 0.085 0.14850746268656717
2 0.6405 0.5305970149253731 0.0525 0.09477611940298507
2 0.539 0.5940298507462687 0.052 0.11567164179104478
2 0.6325 0.9276119402985075 0.055 0.12164179104477611
2 0.676 0.4305970149253731 0.062 0.06343283582089553
2 0.849 0.458955223880597 0.0575 0.06492537313432836
2 0.9195 0.4880597014925373 0.0315 0.07164179104477612
2 0.982 0.48134328358208955 0.031 0.08134328358208955
3 0.628 0.7932835820895522 0.062 0.1455223880597015
3 0.795 0.6328358208955224 0.054 0.09253731343283582
3 0.6425 0.4701492537313433 0.029 0.06492537313432836
3 0.5365 0.5082089552238805 0.0335 0.07014925373134329
3 0.678 0.3835820895522388 0.021 0.05223880597014925
3 0.8555 0.40671641791044777 0.0225 0.04552238805970149
3 0.9315 0.4291044776119403 0.0285 0.05447761194029851
3 0.087 0.33134328358208953 0.025 0.05149253731343283
3 0.132 0.30671641791044774 0.02 0.04477611940298507