1 0.527 0.1455223880597015 0.0785 0.18059701492537314
1 0.696 0.9 0.384 0.19925373134328359
3 0.468 0.332089552238806 0.031 0.06567164179104477
3 0.3615 0.32611940298507464 0.0255 0.04477611940298507
3 0.3725 0.27238805970149255 0.0275 0.11044776119402985
3 0.436 0.23880597014925373 0.017 0.06417910447761194
3 0.45 0.22238805970149253 0.0185 0.050746268656716415
3 0.7885 0.4126865671641791 0.0285 0.1126865671641791
3 0.8075 0.3574626865671642 0.0245 0.06716417910447761
2 0.7645 0.47388059701492535 0.0755 0.15970149253731344
2 0.925 0.5895522388059702 0.15 0.1701492537313433
2 0.468 0.4246268656716418 0.0535 0.11641791044776119