1 0.742 0.8208955223880597 0.3115 0.3582089552238806
1 0.405 0.4701492537313433 0.154 0.20746268656716418
1 0.3025 0.3641791044776119 0.0665 0.14029850746268657
1 0.1745 0.33507462686567163 0.053 0.12686567164179105
1 0.224 0.48582089552238805 0.123 0.28955223880597014
1 0.4205 0.7925373134328358 0.39 0.4141791044776119
3 0.1145 0.7328358208955223 0.074 0.15223880597014924
3 0.685 0.5783582089552238 0.0305 0.12761194029850748
3 0.708 0.6268656716417911 0.0265 0.07985074626865672
3 0.755 0.6067164179104477 0.045 0.11492537313432835
3 0.9495 0.7917910447761194 0.041 0.1843283582089552
3 0.849 0.7559701492537313 0.0485 0.15746268656716417
3 0.9145 0.6619402985074627 0.0245 0.13059701492537312
3 0.82 0.5813432835820895 0.0415 0.16865671641791044
3 0.645 0.5082089552238805 0.0225 0.10820895522388059
3 0.5885 0.5537313432835821 0.046 0.16343283582089552
3 0.5715 0.49776119402985075 0.027 0.11716417910447761
3 0.5185 0.47388059701492535 0.0315 0.10895522388059702
3 0.531 0.373134328358209 0.0155 0.04776119402985075
3 0.625 0.43283582089552236 0.024 0.12313432835820895
3 0.795 0.41492537313432837 0.004 0.058208955223880594
2 0.789 0.45 0.0415 0.09179104477611941
2 0.95 0.8634328358208955 0.1 0.1962686567164179
2 0.8715 0.8694029850746269 0.1235 0.23955223880597015
2 0.8315 0.6141791044776119 0.086 0.11417910447761194
2 0.769 0.6738805970149254 0.076 0.12835820895522387
2 0.9165 0.7014925373134329 0.087 0.09925373134328358
2 0.1035 0.8686567164179104 0.0845 0.18880597014925374
1 0.1095 0.35 0.056 0.10149253731343283