1 0.188 0.6798507462686567 0.151 0.29776119402985074
1 0.287 0.46417910447761196 0.0935 0.1925373134328358
1 0.375 0.24253731343283583 0.036 0.08432835820895522
1 0.906 0.8604477611940299 0.1875 0.2791044776119403
2 0.0475 0.6970149253731344 0.0555 0.12462686567164179
2 0.1205 0.5365671641791044 0.0685 0.055970149253731345
2 0.5515 0.6917910447761194 0.0505 0.08432835820895522
3 0.671 0.8634328358208955 0.0395 0.15746268656716417
3 0.0635 0.6656716417910448 0.0495 0.1455223880597015
3 0.124 0.508955223880597 0.0375 0.15970149253731344
3 0.559 0.6343283582089553 0.04 0.08432835820895522
3 0.632 0.6111940298507462 0.056 0.11567164179104478
3 0.6985 0.6417910447761194 0.0585 0.1126865671641791