1 0.692 0.7052238805970149 0.112 0.24776119402985075
1 0.497 0.7261194029850746 0.1605 0.291044776119403
1 0.6495 0.3492537313432836 0.0485 0.07462686567164178
1 0.67 0.2947761194029851 0.046 0.11417910447761194
1 0.6845 0.23507462686567165 0.0435 0.10298507462686567
2 0.597 0.3111940298507463 0.027 0.09029850746268657
2 0.536 0.4134328358208955 0.0215 0.10298507462686567
2 0.55 0.47388059701492535 0.021 0.11492537313432835
2 0.567 0.5261194029850746 0.0315 0.1
2 0.3495 0.7470149253731343 0.078 0.13432835820895522
2 0.0845 0.2574626865671642 0.033 0.06567164179104477
3 0.4115 0.28134328358208954 0.0185 0.08134328358208955
3 0.3555 0.6805970149253732 0.041 0.15671641791044777
3 0.5775 0.48507462686567165 0.023 0.1373134328358209
3 0.5595 0.4208955223880597 0.0195 0.08656716417910448
3 0.5395 0.3664179104477612 0.0175 0.07537313432835821
3 0.475 0.3656716417910448 0.0215 0.08955223880597014
3 0.5665 0.29701492537313434 0.0155 0.0664179104477612
3 0.6005 0.2902985074626866 0.017 0.07388059701492537