1 0.411 0.5350746268656716 0.0345 0.05
3 0.6375 0.6962686567164179 0.0255 0.06716417910447761
1 0.577 0.5097014925373134 0.034 0.03955223880597015
2 0.6365 0.7179104477611941 0.0225 0.034328358208955224
1 0.6435 0.5440298507462686 0.051 0.04776119402985075
2 0.7965 0.9201492537313433 0.075 0.11343283582089553
2 0.817 0.8455223880597015 0.064 0.1208955223880597
3 0.816 0.8074626865671641 0.0145 0.10074626865671642
3 0.7995 0.8828358208955224 0.021 0.09029850746268657
1 0.398 0.49402985074626865 0.0325 0.048507462686567165
4 0.353 0.4507462686567164 0.034 0.08208955223880597
4 0.378 0.4208955223880597 0.032 0.06940298507462686