0 0.301 0.2791044776119403 0.1605 0.1417910447761194
1 0.047 0.3 0.0935 0.08432835820895522
2 0.292 0.7223880597014926 0.0875 0.07686567164179105
2 0.5285 0.6313432835820896 0.071 0.06791044776119402
2 0.588 0.5298507462686567 0.0515 0.06865671641791045
2 0.8265 0.6186567164179104 0.0615 0.07985074626865672
2 0.7235 0.5567164179104478 0.066 0.0626865671641791
2 0.8405 0.9604477611940299 0.0975 0.0791044776119403
2 0.9115 0.8022388059701493 0.0615 0.11716417910447761
2 0.7995 0.7664179104477612 0.029 0.10373134328358209
2 0.7035 0.7783582089552239 0.093 0.10820895522388059
2 0.4425 0.5656716417910448 0.067 0.06940298507462686
2 0.623 0.7335820895522388 0.084 0.07313432835820896
2 0.828 0.8731343283582089 0.088 0.10522388059701493
3 0.831 0.8335820895522388 0.0375 0.12686567164179105
3 0.8575 0.8194029850746268 0.0215 0.11119402985074626
3 0.8075 0.6895522388059702 0.0375 0.05970149253731343
3 0.7195 0.7455223880597015 0.036 0.1253731343283582
3 0.524 0.6014925373134329 0.0265 0.1
3 0.2835 0.6955223880597015 0.024 0.10970149253731343
3 0.588 0.5119402985074627 0.023 0.08059701492537313
3 0.895 0.6753731343283582 0.0325 0.0664179104477612
3 0.6285 0.6962686567164179 0.036 0.10895522388059702