3 0.151 0.7052238805970149 0.0415 0.14701492537313432
2 0.1345 0.7865671641791044 0.104 0.14328358208955225
1 0.422 0.2537313432835821 0.0315 0.06343283582089553
1 0.4745 0.25223880597014925 0.0435 0.0708955223880597
1 0.4095 0.19776119402985073 0.036 0.055970149253731345
1 0.441 0.22313432835820896 0.0435 0.05447761194029851
3 0.8795 0.914179104477612 0.046 0.15522388059701492
3 0.6555 0.6880597014925374 0.0205 0.1328358208955224
3 0.949 0.7985074626865671 0.0485 0.11044776119402985
3 0.975 0.9343283582089552 0.0385 0.11119402985074626
2 0.1005 0.5395522388059701 0.045 0.0962686567164179