1 0.819 0.5723880597014925 0.3105 0.3611940298507463
1 0.519 0.29850746268656714 0.091 0.22388059701492538
1 0.5135 0.08283582089552238 0.057 0.049253731343283584
3 0.3145 0.18582089552238806 0.023 0.1328358208955224
3 0.44 0.4962686567164179 0.0405 0.10298507462686567
3 0.519 0.4708955223880597 0.035 0.09477611940298507
3 0.3745 0.35149253731343283 0.0315 0.10746268656716418
3 0.1425 0.44328358208955226 0.029 0.16865671641791044
2 0.5205 0.5529850746268656 0.039 0.13656716417910447
2 0.4425 0.582089552238806 0.048 0.14253731343283582
2 0.818 0.8313432835820895 0.147 0.15671641791044777
2 0.876 0.3082089552238806 0.0765 0.0880597014925373
2 0.374 0.417910447761194 0.0305 0.08059701492537313
2 0.219 0.19925373134328359 0.0235 0.08880597014925373
2 0.077 0.9283582089552239 0.132 0.14328358208955225
3 0.0625 0.9149253731343283 0.047 0.1701492537313433
2 0.215 0.282089552238806 0.039 0.11716417910447761
2 0.589 0.06940298507462686 0.02 0.03805970149253731