1 0.528 0.6343283582089553 0.099 0.15895522388059702
1 0.4525 0.35074626865671643 0.0455 0.07686567164179105
1 0.487 0.29328358208955224 0.041 0.06417910447761194
2 0.82 0.8164179104477612 0.043 0.1328358208955224
2 0.704 0.6888059701492537 0.037 0.11194029850746269
2 0.2395 0.6328358208955224 0.0285 0.0955223880597015
2 0.149 0.6186567164179104 0.0295 0.09925373134328358
2 0.2415 0.4291044776119403 0.0245 0.06567164179104477
3 0.2475 0.5723880597014925 0.0305 0.05895522388059701
3 0.1575 0.5582089552238806 0.0305 0.058208955223880594
3 0.825 0.7619402985074627 0.033 0.08283582089552238
3 0.709 0.6529850746268657 0.035 0.06492537313432836
3 0.244 0.3925373134328358 0.0205 0.041791044776119404