1 0.799 0.31343283582089554 0.0755 0.14029850746268657
1 0.3695 0.25 0.135 0.09776119402985074
0 0.1095 0.18134328358208956 0.1685 0.16417910447761194
2 0.513 0.7985074626865671 0.058 0.18507462686567164
2 0.6275 0.7291044776119403 0.067 0.1865671641791045
2 0.743 0.5298507462686567 0.0685 0.1373134328358209
2 0.137 0.7268656716417911 0.051 0.17388059701492536
2 0.1905 0.5283582089552239 0.0555 0.12014925373134329
2 0.1865 0.9567164179104478 0.0675 0.08582089552238806
2 0.5165 0.35074626865671643 0.0365 0.08059701492537313
2 0.6215 0.35074626865671643 0.058 0.07238805970149254
2 0.558 0.3537313432835821 0.039 0.07462686567164178
2 0.676 0.26417910447761195 0.0285 0.06044776119402985
2 0.576 0.5902985074626865 0.0365 0.12761194029850748
2 0.3915 0.33134328358208953 0.07 0.06492537313432836
2 0.3415 0.34626865671641793 0.0495 0.058208955223880594
2 0.291 0.30597014925373134 0.063 0.07611940298507462
2 0.0715 0.38283582089552237 0.0455 0.08358208955223881
2 0.0115 0.3328358208955224 0.023 0.07238805970149254
2 0.0375 0.30074626865671644 0.036 0.06343283582089553
2 0.8965 0.6902985074626866 0.108 0.16940298507462687
2 0.979 0.5335820895522388 0.042 0.14029850746268657
3 0.509 0.6895522388059702 0.0445 0.15970149253731344
3 0.1685 0.42388059701492536 0.0245 0.0664179104477612
3 0.179 0.47313432835820896 0.0225 0.12761194029850748
3 0.5135 0.6917910447761194 0.05 0.16119402985074627
3 0.627 0.6507462686567164 0.051 0.15298507462686567
3 0.5545 0.43656716417910446 0.046 0.12611940298507462
3 0.879 0.5440298507462686 0.035 0.14850746268656717
3 0.9015 0.5582089552238806 0.061 0.09477611940298507
3 0.92 0.6343283582089553 0.1075 0.12164179104477611
3 0.4825 0.30522388059701494 0.047 0.10895522388059702
3 0.0655 0.34253731343283583 0.0255 0.07611940298507462
3 0.029 0.25597014925373135 0.0225 0.041044776119402986
3 0.0075 0.28582089552238804 0.015 0.025373134328358207
3 0.769 0.3917910447761194 0.0325 0.08880597014925373
3 0.74 0.46940298507462686 0.026 0.08880597014925373
3 0.752 0.503731343283582 0.0405 0.11567164179104478
3 0.6155 0.32985074626865674 0.023 0.11567164179104478
3 0.631 0.31343283582089554 0.0255 0.0791044776119403
3 0.569 0.31417910447761194 0.035 0.06194029850746269
3 0.5195 0.3194029850746269 0.0285 0.08358208955223881
3 0.5735 0.5149253731343284 0.0495 0.11716417910447761