2 0.4865 0.514179104477612 0.0425 0.10149253731343283
2 0.992 0.5014925373134328 0.016 0.07164179104477612
2 0.8395 0.8656716417910447 0.0995 0.19029850746268656
2 0.076 0.5373134328358209 0.045 0.07985074626865672
2 0.389 0.38731343283582087 0.022 0.0708955223880597
2 0.3475 0.3701492537313433 0.024 0.0664179104477612
3 0.6185 0.43283582089552236 0.0265 0.12238805970149254
3 0.8435 0.8044776119402985 0.062 0.2126865671641791
3 0.0785 0.48955223880597015 0.035 0.10895522388059702
1 0.2405 0.2753731343283582 0.0485 0.07835820895522388
4 0.9795 0.8895522388059701 0.041 0.2208955223880597
3 0.487 0.4798507462686567 0.0245 0.10746268656716418
3 0.387 0.3537313432835821 0.022 0.06343283582089553
3 0.347 0.3402985074626866 0.023 0.057462686567164176