1 0.7765 0.5701492537313433 0.126 0.19925373134328359
1 0.815 0.2783582089552239 0.0445 0.06194029850746269
2 0.22 0.764179104477612 0.0855 0.14925373134328357
2 0.3835 0.5708955223880597 0.053 0.0955223880597015
2 0.486 0.6350746268656716 0.0525 0.11641791044776119
2 0.39 0.9544776119402985 0.056 0.09104477611940298
2 0.3475 0.4701492537313433 0.063 0.06417910447761194
2 0.1725 0.49850746268656715 0.0585 0.06567164179104477
2 0.101 0.5283582089552239 0.0315 0.07238805970149254
2 0.038 0.5216417910447761 0.0315 0.08208955223880597
3 0.396 0.835820895522388 0.063 0.14701492537313432
3 0.2275 0.6746268656716418 0.0545 0.09328358208955224
3 0.3815 0.5097014925373134 0.0295 0.06567164179104477
3 0.4885 0.5492537313432836 0.034 0.0708955223880597
3 0.3455 0.42313432835820897 0.0215 0.05223880597014925
3 0.166 0.4455223880597015 0.0225 0.04552238805970149
3 0.089 0.46865671641791046 0.029 0.05522388059701493
3 0.9425 0.3701492537313433 0.025 0.05149253731343283
3 0.897 0.3447761194029851 0.0205 0.04477611940298507