1 0.461 0.1798507462686567 0.146 0.27313432835820894
1 0.5665 0.376865671641791 0.155 0.3194029850746269
1 0.174 0.9708955223880597 0.348 0.058208955223880594
3 0.327 0.7291044776119403 0.047 0.12985074626865672
3 0.236 0.8664179104477612 0.078 0.18059701492537314
3 0.502 0.7962686567164179 0.0645 0.1708955223880597
3 0.403 0.6343283582089553 0.041 0.14850746268656717
3 0.484 0.5753731343283582 0.037 0.09253731343283582
3 0.5455 0.6141791044776119 0.035 0.12835820895522387
3 0.6135 0.5865671641791045 0.048 0.13059701492537312
3 0.641 0.7977611940298508 0.0715 0.17388059701492536
3 0.7655 0.6776119402985075 0.0345 0.19402985074626866
3 0.692 0.45298507462686566 0.016 0.12835820895522387
3 0.8845 0.5559701492537313 0.048 0.1791044776119403
3 0.7395 0.4097014925373134 0.061 0.13507462686567165
2 0.3345 0.7634328358208955 0.152 0.13208955223880597
2 0.4045 0.6544776119402985 0.1175 0.12611940298507462
2 0.546 0.7052238805970149 0.055 0.14925373134328357
2 0.485 0.6507462686567164 0.065 0.13507462686567165
2 0.505 0.8649253731343284 0.1585 0.1791044776119403
2 0.655 0.8544776119402985 0.157 0.19925373134328359