3 0.037 0.44477611940298506 0.0375 0.08059701492537313
3 0.1765 0.3194029850746269 0.0285 0.06194029850746269
3 0.2675 0.3201492537313433 0.0295 0.06044776119402985
3 0.576 0.5253731343283582 0.0355 0.06791044776119402
3 0.6835 0.5149253731343284 0.0305 0.08656716417910448
3 0.619 0.4843283582089552 0.038 0.0880597014925373
3 0.671 0.6664179104477612 0.04 0.10522388059701493
3 0.7205 0.6522388059701493 0.0365 0.10223880597014925
3 0.7955 0.7253731343283583 0.0495 0.10671641791044777
3 0.9555 0.8074626865671641 0.072 0.13805970149253732
3 0.691 0.8582089552238806 0.052 0.12388059701492538
3 0.797 0.8955223880597015 0.052 0.15970149253731344
3 0.9215 0.923134328358209 0.057 0.1537313432835821
3 0.947 0.9529850746268657 0.0665 0.09402985074626866
1 0.461 0.4126865671641791 0.073 0.13582089552238805
1 0.4 0.18880597014925374 0.0365 0.06343283582089553
2 0.266 0.3597014925373134 0.025 0.07462686567164178
2 0.034 0.4992537313432836 0.033 0.09253731343283582
2 0.1765 0.3574626865671642 0.027 0.0664179104477612
2 0.6665 0.7044776119402985 0.038 0.12686567164179105
2 0.7185 0.7022388059701492 0.051 0.1253731343283582
2 0.687 0.9067164179104478 0.07 0.1865671641791045
2 0.797 0.9194029850746268 0.078 0.16119402985074627
2 0.915 0.9425373134328359 0.092 0.11492537313432835
2 0.9455 0.835820895522388 0.0575 0.16567164179104477
2 0.5725 0.5604477611940298 0.0375 0.10970149253731343
2 0.6195 0.5156716417910447 0.0375 0.09776119402985074
2 0.6815 0.5537313432835821 0.038 0.09776119402985074
3 0.651 0.38656716417910447 0.0245 0.09776119402985074