1 0.482 0.8156716417910448 0.318 0.3686567164179104
1 0.7385 0.44925373134328356 0.263 0.3276119402985075
1 0.4775 0.14402985074626865 0.108 0.16940298507462687
2 0.834 0.8425373134328358 0.148 0.13432835820895522
2 0.9465 0.7947761194029851 0.1055 0.13432835820895522
2 0.584 0.5514925373134328 0.1025 0.15970149253731344
2 0.581 0.2955223880597015 0.0615 0.11940298507462686
2 0.562 0.20746268656716418 0.0315 0.0880597014925373
2 0.389 0.23507462686567165 0.0315 0.08283582089552238
2 0.367 0.21417910447761193 0.03 0.06865671641791045
2 0.309 0.45671641791044776 0.0305 0.11641791044776119
2 0.277 0.22238805970149253 0.041 0.07985074626865672
2 0.2205 0.1761194029850746 0.027 0.04626865671641791
2 0.2155 0.26940298507462684 0.034 0.0955223880597015
2 0.031 0.5358208955223881 0.0615 0.11194029850746269
2 0.0565 0.4507462686567164 0.0875 0.09253731343283582
2 0.0135 0.6619402985074627 0.027 0.10597014925373134
3 0.59 0.5097014925373134 0.045 0.12761194029850748
3 0.861 0.7955223880597015 0.0795 0.2007462686567164
3 0.9465 0.7425373134328358 0.075 0.15
3 0.5915 0.20970149253731343 0.033 0.08432835820895522
3 0.304 0.39552238805970147 0.0395 0.10895522388059702
3 0.3895 0.18358208955223881 0.0195 0.07462686567164178
3 0.3605 0.17238805970149254 0.0305 0.09701492537313433
3 0.2845 0.19029850746268656 0.0355 0.0880597014925373
3 0.0755 0.3858208955223881 0.0425 0.0955223880597015
3 0.015 0.491044776119403 0.03 0.16119402985074627