1 0.899 0.7634328358208955 0.202 0.3805970149253731
1 0.4815 0.4544776119402985 0.1135 0.16044776119402984
1 0.4205 0.30970149253731344 0.06 0.07686567164179105
1 0.875 0.39477611940298507 0.109 0.11119402985074626
1 0.5935 0.27238805970149255 0.052 0.056716417910447764
2 0.253 0.5656716417910448 0.03 0.10820895522388059
2 0.139 0.5029850746268657 0.073 0.08134328358208955
3 0.1335 0.48582089552238805 0.0365 0.11567164179104478
3 0.2515 0.5134328358208955 0.034 0.07686567164179105
3 0.611 0.3485074626865672 0.022 0.07388059701492537
3 0.645 0.3358208955223881 0.022 0.08507462686567165