1 0.7865 0.582089552238806 0.159 0.25149253731343285
1 0.746 0.373134328358209 0.0945 0.1373134328358209
1 0.654 0.3813432835820896 0.0655 0.0880597014925373
1 0.864 0.31865671641791044 0.0605 0.07537313432835821
1 0.7305 0.28582089552238804 0.0585 0.06791044776119402
1 0.5865 0.23880597014925373 0.0395 0.05149253731343283
1 0.626 0.21194029850746268 0.0385 0.05223880597014925
1 0.594 0.16044776119402984 0.03 0.04328358208955224
1 0.4525 0.25149253731343285 0.0345 0.06044776119402985
1 0.4505 0.373134328358209 0.053 0.0955223880597015
1 0.3925 0.26791044776119405 0.0405 0.08134328358208955
1 0.4035 0.20671641791044776 0.0315 0.05895522388059701