2 0.5845 0.5537313432835821 0.03 0.09179104477611941
2 0.774 0.564179104477612 0.031 0.09850746268656717
2 0.8505 0.5126865671641792 0.049 0.0791044776119403
2 0.481 0.4253731343283582 0.052 0.05373134328358209
2 0.419 0.4052238805970149 0.0555 0.04477611940298507
2 0.2185 0.42014925373134326 0.0595 0.03507462686567164
3 0.58 0.49850746268656715 0.034 0.06194029850746269
3 0.7765 0.5074626865671642 0.0275 0.06343283582089553
3 0.85 0.47238805970149256 0.0245 0.07164179104477612
3 0.773 0.4388059701492537 0.0205 0.06343283582089553
3 0.488 0.3902985074626866 0.0315 0.06492537313432836
3 0.429 0.37910447761194027 0.0215 0.07164179104477612
3 0.216 0.39925373134328357 0.019 0.07164179104477612
0 0.2275 0.34253731343283583 0.1945 0.14776119402985075
1 0.03 0.3492537313432836 0.06 0.056716417910447764
1 0.6645 0.34253731343283583 0.0685 0.07462686567164178