1 0.2265 0.5313432835820896 0.286 0.332089552238806
1 0.5025 0.2791044776119403 0.084 0.20597014925373133
1 0.5075 0.08059701492537313 0.0525 0.04477611940298507
3 0.6905 0.17537313432835822 0.0215 0.12238805970149254
3 0.5755 0.46119402985074626 0.037 0.09477611940298507
3 0.5025 0.4373134328358209 0.0325 0.0873134328358209
3 0.6355 0.3276119402985075 0.029 0.09925373134328358
3 0.8485 0.4126865671641791 0.0265 0.15522388059701492
2 0.501 0.5134328358208955 0.036 0.12611940298507462
2 0.5725 0.5402985074626866 0.044 0.13134328358208955
2 0.2275 0.7694029850746269 0.135 0.14477611940298507
2 0.0135 0.5156716417910447 0.0265 0.1
2 0.1745 0.2880597014925373 0.0705 0.08059701492537313
2 0.636 0.3888059701492537 0.028 0.07388059701492537
2 0.7785 0.1880597014925373 0.0215 0.08208955223880597
2 0.91 0.8977611940298508 0.122 0.2044776119402985
3 0.924 0.8679104477611941 0.0435 0.19776119402985073
2 0.782 0.26417910447761195 0.0355 0.10746268656716418
2 0.438 0.06791044776119402 0.0185 0.03507462686567164