1 0.0795 0.6492537313432836 0.159 0.1582089552238806
1 0.979 0.6604477611940298 0.042 0.14925373134328357
1 0.562 0.32686567164179103 0.0575 0.0791044776119403
1 0.528 0.3119402985074627 0.0455 0.07611940298507462
1 0.602 0.29776119402985074 0.035 0.05970149253731343
2 0.569 0.24402985074626865 0.051 0.08208955223880597
2 0.3355 0.6544776119402985 0.0795 0.08059701492537313
2 0.2275 0.6425373134328358 0.0765 0.06492537313432836
2 0.447 0.6246268656716418 0.077 0.07761194029850746
2 0.5355 0.6126865671641791 0.0755 0.0708955223880597
2 0.616 0.5992537313432836 0.067 0.07238805970149254
2 0.742 0.5723880597014925 0.069 0.06940298507462686
2 0.795 0.5455223880597015 0.062 0.06044776119402985
2 0.9195 0.5604477611940298 0.063 0.06492537313432836
2 0.1995 0.6044776119402985 0.0575 0.07611940298507462
2 0.2545 0.582089552238806 0.0725 0.06940298507462686
2 0.3535 0.5723880597014925 0.0685 0.058208955223880594
2 0.0155 0.5529850746268656 0.0305 0.04328358208955224
3 0.447 0.5977611940298507 0.034 0.09477611940298507
3 0.333 0.6291044776119403 0.032 0.10895522388059702
3 0.3505 0.5455223880597015 0.0225 0.09179104477611941
3 0.1985 0.573134328358209 0.0365 0.09328358208955224
3 0.226 0.6194029850746269 0.036 0.09477611940298507
3 0.0065 0.5313432835820896 0.0125 0.10895522388059702
3 0.066 0.5417910447761194 0.031 0.08059701492537313
3 0.5375 0.585820895522388 0.027 0.10149253731343283
3 0.616 0.582089552238806 0.0255 0.10074626865671642
3 0.7395 0.5485074626865671 0.0255 0.10074626865671642
3 0.7935 0.5276119402985074 0.0285 0.08656716417910448
3 0.922 0.5425373134328358 0.0215 0.08880597014925373
3 0.5615 0.5194029850746269 0.028 0.0791044776119403
2 0.555 0.5417910447761194 0.0685 0.06791044776119402
2 0.3235 0.5335820895522388 0.062 0.06492537313432836
3 0.243 0.5604477611940298 0.03 0.09029850746268657
3 0.2625 0.5582089552238806 0.024 0.07462686567164178
3 0.621 0.5425373134328358 0.019 0.06940298507462686
3 0.6325 0.5447761194029851 0.02 0.06791044776119402