2 0.4135 0.7485074626865672 0.0555 0.1582089552238806
2 0.5215 0.5208955223880597 0.0235 0.0880597014925373
2 0.476 0.4873134328358209 0.0205 0.08134328358208955
2 0.3925 0.5 0.0685 0.09328358208955224
2 0.1045 0.5059701492537313 0.0385 0.07313432835820896
2 0.6845 0.3776119402985075 0.018 0.05970149253731343
2 0.6415 0.3917910447761194 0.0255 0.06044776119402985
2 0.5795 0.3880597014925373 0.018 0.05447761194029851
3 0.4095 0.6529850746268657 0.042 0.09104477611940298
3 0.407 0.47313432835820896 0.027 0.10223880597014925
3 0.4835 0.4335820895522388 0.0205 0.041044776119402986
3 0.529 0.46492537313432836 0.0305 0.05970149253731343
3 0.103 0.45746268656716416 0.03 0.050746268656716415
3 0.0445 0.44850746268656716 0.0185 0.03805970149253731
3 0.3955 0.45223880597014926 0.0215 0.04477611940298507
3 0.6855 0.33880597014925373 0.018 0.026119402985074626
3 0.642 0.35 0.019 0.034328358208955224
3 0.579 0.34701492537313433 0.0205 0.03507462686567164