1 0.587 0.44328358208955226 0.1475 0.10895522388059702
1 0.5315 0.3686567164179104 0.1145 0.06492537313432836
1 0.4935 0.30895522388059704 0.053 0.05
1 0.553 0.3074626865671642 0.064 0.05
1 0.203 0.28059701492537314 0.0365 0.05
1 0.685 0.3208955223880597 0.0835 0.10298507462686567
1 0.3255 0.27313432835820894 0.0395 0.05298507462686567
1 0.43 0.2962686567164179 0.0435 0.03955223880597015
2 0.191 0.41940298507462687 0.0385 0.05447761194029851
2 0.0115 0.45298507462686566 0.023 0.055970149253731345
2 0.2685 0.3641791044776119 0.0255 0.04402985074626865
2 0.5195 0.4223880597014925 0.048 0.05149253731343283
2 0.4905 0.4141791044776119 0.0365 0.04402985074626865
3 0.1825 0.39552238805970147 0.0265 0.05895522388059701
3 0.0095 0.41492537313432837 0.019 0.04402985074626865