1 0.3345 0.8417910447761194 0.331 0.3164179104477612
1 0.4685 0.46417910447761196 0.158 0.18955223880597014
1 0.6385 0.3208955223880597 0.1455 0.16567164179104477
2 0.7405 0.7149253731343284 0.0635 0.16417910447761194
2 0.8085 0.9522388059701492 0.0575 0.09477611940298507
2 0.8685 0.7246268656716418 0.043 0.17537313432835822
2 0.226 0.5865671641791045 0.0725 0.14253731343283582
2 0.3015 0.4835820895522388 0.0635 0.14253731343283582
3 0.293 0.4388059701492537 0.0555 0.12985074626865672
3 0.2155 0.5417910447761194 0.036 0.12462686567164179
3 0.4725 0.28880597014925374 0.039 0.0873134328358209
3 0.746 0.6119402985074627 0.0535 0.1626865671641791
2 0.4635 0.32686567164179103 0.077 0.08208955223880597