1 0.6095 0.3701492537313433 0.1005 0.08880597014925373
1 0.432 0.29850746268656714 0.0805 0.06865671641791045
1 0.3255 0.2708955223880597 0.06 0.05223880597014925
1 0.5475 0.21567164179104478 0.0285 0.04402985074626865
1 0.992 0.517910447761194 0.016 0.09776119402985074
4 0.6505 0.24402985074626865 0.038 0.08880597014925373
2 0.487 0.42761194029850746 0.053 0.08507462686567165
2 0.729 0.4761194029850746 0.0655 0.09029850746268657
2 0.741 0.3932835820895522 0.0415 0.055970149253731345
2 0.658 0.35 0.0365 0.04626865671641791
3 0.8995 0.417910447761194 0.023 0.06492537313432836
3 0.7145 0.4507462686567164 0.016 0.09477611940298507
3 0.7425 0.37089552238805973 0.023 0.06343283582089553
3 0.661 0.3335820895522388 0.0185 0.05373134328358209
3 0.4855 0.40746268656716417 0.0225 0.09029850746268657
3 0.355 0.3 0.015 0.06492537313432836