1 0.3035 0.7201492537313433 0.201 0.2880597014925373
1 0.329 0.48656716417910445 0.133 0.1873134328358209
1 0.4505 0.5634328358208955 0.1355 0.18134328358208956
1 0.5245 0.7940298507462686 0.1685 0.3656716417910448
1 0.4755 0.3880597014925373 0.076 0.08134328358208955
1 0.5005 0.44402985074626866 0.132 0.10298507462686567
1 0.5555 0.3447761194029851 0.077 0.08507462686567165
1 0.3155 0.3365671641791045 0.098 0.1335820895522388
1 0.171 0.3977611940298508 0.1305 0.11567164179104478
1 0.044 0.5134328358208955 0.088 0.17164179104477612
1 0.4065 0.31716417910447764 0.0425 0.08507462686567165