0 0.2115 0.6447761194029851 0.1965 0.2791044776119403
1 0.3565 0.5298507462686567 0.0625 0.09328358208955224
2 0.345 0.7373134328358208 0.035 0.05
2 0.2695 0.7985074626865671 0.039 0.07537313432835821
2 0.13 0.9888059701492538 0.028 0.022388059701492536
2 0.013 0.8917910447761194 0.026 0.06716417910447761
2 0.289 0.7335820895522388 0.0285 0.06343283582089553
3 0.3465 0.6992537313432836 0.024 0.05149253731343283
3 0.103 0.9768656716417911 0.022 0.04626865671641791
3 0.264 0.7611940298507462 0.02 0.06194029850746269
3 0.275 0.7119402985074627 0.015 0.03805970149253731