3 0.243 0.7716417910447761 0.05 0.1291044776119403
3 0.1425 0.6059701492537314 0.0525 0.1208955223880597
3 0.2285 0.5544776119402985 0.0475 0.07761194029850746
3 0.286 0.4835820895522388 0.039 0.06417910447761194
3 0.1195 0.4007462686567164 0.028 0.04552238805970149
3 0.217 0.4141791044776119 0.031 0.05298507462686567
3 0.254 0.3940298507462687 0.022 0.056716417910447764
3 0.2765 0.3716417910447761 0.0155 0.04552238805970149
3 0.6895 0.4052238805970149 0.032 0.07462686567164178
3 0.717 0.42686567164179107 0.026 0.09328358208955224
2 0.7435 0.4507462686567164 0.065 0.0708955223880597
2 0.629 0.39552238805970147 0.053 0.05298507462686567
2 0.591 0.42761194029850746 0.035 0.058208955223880594
2 0.244 0.8746268656716418 0.0485 0.15671641791044777
2 0.1455 0.6417910447761194 0.035 0.10522388059701493
2 0.2325 0.6119402985074627 0.04 0.10149253731343283
2 0.285 0.5216417910447761 0.031 0.0791044776119403
2 0.2205 0.4507462686567164 0.021 0.05970149253731343
2 0.2595 0.4246268656716418 0.025 0.0708955223880597
2 0.278 0.4044776119402985 0.022 0.05522388059701493
2 0.1205 0.4417910447761194 0.0265 0.06119402985074627
1 0.978 0.4597014925373134 0.044 0.08358208955223881
1 0.4695 0.48208955223880595 0.092 0.12238805970149254
1 0.369 0.4134328358208955 0.0665 0.09029850746268657
1 0.384 0.32164179104477614 0.0445 0.06492537313432836
1 0.29 0.32164179104477614 0.0455 0.06492537313432836
1 0.4975 0.3194029850746269 0.083 0.05298507462686567
1 0.5935 0.31716417910447764 0.074 0.0708955223880597
1 0.726 0.3485074626865672 0.0665 0.06940298507462686
1 0.3365 0.30149253731343284 0.039 0.05298507462686567