3 0.7855 0.5462686567164179 0.043 0.0873134328358209
3 0.7355 0.641044776119403 0.0455 0.11716417910447761
3 0.6805 0.5619402985074626 0.0455 0.13059701492537312
3 0.986 0.47313432835820896 0.028 0.11044776119402985
3 0.9745 0.46865671641791046 0.0305 0.12761194029850748
3 0.364 0.38283582089552237 0.022 0.0873134328358209
3 0.335 0.3895522388059702 0.0205 0.07985074626865672
3 0.3265 0.3716417910447761 0.021 0.07238805970149254
2 0.739 0.7231343283582089 0.0455 0.1455223880597015
2 0.963 0.49328358208955225 0.074 0.0791044776119403
2 0.7885 0.6067164179104477 0.0405 0.1291044776119403
2 0.679 0.6134328358208955 0.039 0.13059701492537312
2 0.3275 0.4141791044776119 0.061 0.07537313432835821
2 0.3025 0.39552238805970147 0.026 0.06194029850746269
2 0.369 0.3962686567164179 0.044 0.06343283582089553
1 0.841 0.45149253731343286 0.0775 0.13507462686567165
1 0.603 0.3723880597014925 0.0695 0.09179104477611941
1 0.408 0.3641791044776119 0.1345 0.10522388059701493
1 0.4465 0.3335820895522388 0.113 0.08582089552238806
1 0.2585 0.33880597014925373 0.098 0.08134328358208955
1 0.381 0.2791044776119403 0.0635 0.06940298507462686
1 0.5315 0.2373134328358209 0.0465 0.05223880597014925
1 0.7075 0.24402985074626865 0.0355 0.050746268656716415
1 0.666 0.21194029850746268 0.0315 0.03134328358208955
1 0.436 0.2455223880597015 0.043 0.04776119402985075
1 0.0865 0.4305970149253731 0.173 0.19701492537313434
0 0.09 0.25970149253731345 0.1795 0.1828358208955224
3 0.827 0.3485074626865672 0.021 0.05223880597014925