1 0.3735 0.6373134328358209 0.2445 0.31417910447761194
1 0.65 0.16492537313432837 0.0825 0.09925373134328358
1 0.738 0.1335820895522388 0.0625 0.07985074626865672
1 0.817 0.15447761194029852 0.0625 0.07164179104477612
1 0.984 0.7440298507462687 0.0315 0.22761194029850745
2 0.201 0.8477611940298507 0.0765 0.24477611940298508
2 0.0755 0.8186567164179105 0.068 0.21417910447761193
2 0.164 0.6067164179104477 0.0575 0.11492537313432835
2 0.068 0.6544776119402985 0.0635 0.12238805970149254
2 0.2655 0.75 0.074 0.18358208955223881
2 0.8445 0.6977611940298507 0.109 0.2298507462686567
2 0.696 0.5253731343283582 0.068 0.15149253731343285
0 0.3355 0.2791044776119403 0.284 0.30970149253731344
3 0.0595 0.5611940298507463 0.055 0.11940298507462686
3 0.195 0.7455223880597015 0.066 0.1761194029850746
3 0.264 0.6783582089552239 0.074 0.17313432835820897
3 0.2495 0.6253731343283582 0.055 0.12835820895522387
3 0.8655 0.6522388059701493 0.0755 0.1791044776119403
3 0.702 0.45298507462686566 0.055 0.11492537313432835
3 0.164 0.31791044776119404 0.035 0.08582089552238806
3 0.93 0.36268656716417913 0.0515 0.11492537313432835
2 0.93 0.41044776119402987 0.0635 0.13955223880597015
1 0.8365 0.27238805970149255 0.108 0.15447761194029852