1 0.398 0.7649253731343284 0.343 0.3119402985074627
1 0.54 0.11641791044776119 0.0775 0.1455223880597015
2 0.7555 0.8365671641791045 0.1445 0.14253731343283582
2 0.869 0.7716417910447761 0.1395 0.14328358208955225
2 0.8525 0.6582089552238806 0.129 0.1126865671641791
2 0.9585 0.43955223880597016 0.069 0.12462686567164179
2 0.805 0.37910447761194027 0.052 0.11492537313432835
2 0.848 0.4634328358208955 0.061 0.13582089552238805
2 0.5735 0.2619402985074627 0.0285 0.09925373134328358
2 0.605 0.22611940298507463 0.0265 0.09477611940298507
2 0.425 0.28059701492537314 0.0385 0.10671641791044777
2 0.185 0.6052238805970149 0.116 0.12164179104477611
2 0.114 0.9768656716417911 0.158 0.04626865671641791
2 0.3765 0.9776119402985075 0.1555 0.04402985074626865
2 0.1725 0.4634328358208955 0.1005 0.08582089552238806
2 0.317 0.5208955223880597 0.1045 0.10373134328358209
2 0.4285 0.14701492537313432 0.03 0.07686567164179105
2 0.9725 0.741044776119403 0.055 0.12313432835820895
3 0.757 0.8014925373134328 0.0615 0.16417910447761194
3 0.37 0.9567164179104478 0.064 0.08582089552238806
3 0.113 0.9425373134328359 0.076 0.11492537313432835
3 0.0985 0.6798507462686567 0.031 0.09477611940298507
3 0.06 0.6798507462686567 0.0535 0.09477611940298507
3 0.046 0.42835820895522386 0.043 0.09029850746268657
3 0.3175 0.4917910447761194 0.0345 0.12313432835820895
3 0.4035 0.5126865671641792 0.0375 0.09776119402985074
3 0.856 0.4126865671641791 0.036 0.08955223880597014
3 0.809 0.31417910447761194 0.0345 0.07164179104477612
3 0.694 0.6626865671641791 0.045 0.11641791044776119
3 0.717 0.6044776119402985 0.047 0.10746268656716418