1 0.411 0.8007462686567164 0.359 0.32611940298507464
1 0.5595 0.12388059701492538 0.0815 0.15149253731343285
2 0.785 0.8761194029850746 0.151 0.14850746268656717
2 0.904 0.8074626865671641 0.146 0.15
2 0.887 0.6895522388059702 0.135 0.11716417910447761
2 0.98 0.4597014925373134 0.0395 0.12835820895522387
2 0.837 0.39850746268656717 0.0545 0.12014925373134329
2 0.882 0.48582089552238805 0.064 0.1417910447761194
2 0.5945 0.27611940298507465 0.03 0.10373134328358209
2 0.6275 0.23880597014925373 0.028 0.09925373134328358
2 0.4395 0.2947761194029851 0.04 0.11119402985074626
2 0.188 0.6343283582089553 0.121 0.12686567164179105
2 0.175 0.48582089552238805 0.105 0.08955223880597014
2 0.3265 0.5462686567164179 0.1095 0.10820895522388059
2 0.443 0.15597014925373134 0.0315 0.07985074626865672
3 0.7865 0.8388059701492537 0.0645 0.17164179104477612
3 0.3815 0.9776119402985075 0.067 0.04477611940298507
3 0.1135 0.9634328358208956 0.079 0.07313432835820896
3 0.0975 0.7119402985074627 0.0325 0.09925373134328358
3 0.057 0.7119402985074627 0.056 0.09925373134328358
3 0.043 0.45 0.045 0.09402985074626866
3 0.327 0.5156716417910447 0.036 0.12835820895522387
3 0.4165 0.5380597014925373 0.0395 0.10149253731343283
3 0.8905 0.43283582089552236 0.038 0.09328358208955224
3 0.841 0.33059701492537313 0.036 0.07462686567164178
3 0.7205 0.6940298507462687 0.047 0.1208955223880597
3 0.7445 0.6335820895522388 0.049 0.11194029850746269