1 0.421 0.4425373134328358 0.084 0.21791044776119403
1 0.342 0.3619402985074627 0.064 0.1417910447761194
1 0.314 0.28880597014925374 0.0445 0.06716417910447761
1 0.3495 0.27611940298507465 0.037 0.050746268656716415
1 0.16 0.3164179104477612 0.0365 0.08656716417910448
1 0.952 0.47686567164179106 0.096 0.1626865671641791
1 0.8945 0.4141791044776119 0.1105 0.12164179104477611
1 0.766 0.38656716417910447 0.0975 0.10074626865671642
1 0.6265 0.3365671641791045 0.085 0.09776119402985074
3 0.1095 0.5410447761194029 0.053 0.1582089552238806
2 0.098 0.5462686567164179 0.1365 0.10820895522388059