1 0.929 0.65 0.142 0.24776119402985075
1 0.463 0.41940298507462687 0.157 0.13134328358208955
1 0.5085 0.2955223880597015 0.0785 0.11492537313432835
1 0.4545 0.26865671641791045 0.064 0.0880597014925373
1 0.2035 0.27313432835820894 0.1015 0.10298507462686567
1 0.0745 0.2082089552238806 0.0715 0.06492537313432836
1 0.035 0.25298507462686565 0.07 0.08134328358208955
1 0.802 0.20149253731343283 0.084 0.06044776119402985
2 0.155 0.9156716417910448 0.052 0.16791044776119404
2 0.156 0.764179104477612 0.0485 0.1328358208955224
2 0.176 0.567910447761194 0.0385 0.12835820895522387
2 0.115 0.47313432835820896 0.04 0.09179104477611941
2 0.07 0.41119402985074627 0.036 0.08358208955223881
2 0.276 0.38731343283582087 0.045 0.09179104477611941
2 0.3655 0.4962686567164179 0.0515 0.0955223880597015
2 0.73 0.5223880597014925 0.0935 0.12014925373134329
2 0.6025 0.5253731343283582 0.0895 0.1126865671641791
2 0.4485 0.4835820895522388 0.067 0.11194029850746269
3 0.603 0.5007462686567165 0.029 0.1455223880597015
3 0.745 0.48880597014925375 0.042 0.1328358208955224
3 0.727 0.4873134328358209 0.035 0.12313432835820895
3 0.8225 0.30522388059701494 0.022 0.07686567164179105