1 0.8385 0.9111940298507463 0.3225 0.17761194029850746
1 0.454 0.12388059701492538 0.095 0.11940298507462686
3 0.982 0.5664179104477612 0.036 0.1373134328358209
3 0.975 0.6992537313432836 0.043 0.2171641791044776
3 0.9175 0.5283582089552239 0.046 0.15522388059701492
3 0.8615 0.6626865671641791 0.039 0.20149253731343283
3 0.775 0.6186567164179104 0.0695 0.1880597014925373
3 0.6705 0.5798507462686567 0.036 0.1947761194029851
3 0.5845 0.7380597014925373 0.0565 0.2208955223880597
3 0.3165 0.6977611940298507 0.0595 0.21940298507462686
3 0.218 0.6365671641791045 0.052 0.20298507462686566
3 0.2595 0.835820895522388 0.0725 0.17388059701492536
3 0.168 0.9395522388059702 0.0665 0.1208955223880597
3 0.014 0.6335820895522388 0.028 0.1873134328358209
3 0.151 0.505223880597015 0.0645 0.25522388059701495
3 0.4105 0.31492537313432833 0.0405 0.18134328358208956
2 0.1665 0.4880597014925373 0.1285 0.14701492537313432
2 0.3435 0.7134328358208956 0.154 0.17164179104477612
2 0.237 0.6723880597014925 0.1455 0.10522388059701493
2 0.048 0.6537313432835821 0.096 0.12313432835820895
2 0.0315 0.7880597014925373 0.0625 0.11641791044776119
2 0.015 0.4992537313432836 0.03 0.17164179104477612
2 0.2905 0.9171641791044776 0.121 0.16343283582089552
2 0.6005 0.7529850746268657 0.146 0.16119402985074627
2 0.6715 0.5865671641791045 0.1165 0.13955223880597015
2 0.7765 0.6141791044776119 0.123 0.15298507462686567
2 0.863 0.676865671641791 0.113 0.13507462686567165
2 0.9755 0.4619402985074627 0.0005 0.0014925373134328358