4 0.1725 0.8111940298507463 0.3445 0.3776119402985075
4 0.4495 0.31791044776119404 0.0635 0.1537313432835821
0 0.7025 0.3776119402985075 0.0725 0.19552238805970149
1 0.2155 0.38656716417910447 0.136 0.1619402985074627
1 0.0795 0.41865671641791047 0.134 0.13955223880597015
1 0.571 0.3798507462686567 0.0605 0.09477611940298507
1 0.6215 0.2955223880597015 0.034 0.07537313432835821
1 0.407 0.31044776119402984 0.0325 0.06716417910447761
3 0.6205 0.6402985074626866 0.0355 0.09253731343283582
3 0.644 0.935820895522388 0.062 0.12835820895522387
3 0.744 0.6432835820895523 0.0365 0.09850746268656717
3 0.7585 0.5164179104477612 0.0245 0.0791044776119403
2 0.907 0.5701492537313433 0.0645 0.0873134328358209
2 0.8825 0.5097014925373134 0.054 0.07164179104477612
2 0.6145 0.7119402985074627 0.039 0.06716417910447761
2 0.74 0.7253731343283583 0.034 0.0791044776119403