0 0.72 0.6597014925373135 0.56 0.6805970149253732
1 0.8315 0.22313432835820896 0.0615 0.10597014925373134
1 0.857 0.15223880597014924 0.06 0.06343283582089553
1 0.189 0.29701492537313434 0.137 0.1828358208955224
1 0.0905 0.23208955223880598 0.1185 0.1335820895522388
1 0.009 0.18134328358208956 0.018 0.09104477611940298
1 0.0095 0.07462686567164178 0.019 0.04776119402985075
2 0.2545 0.6970149253731344 0.062 0.1761194029850746
3 0.376 0.9589552238805971 0.068 0.08208955223880597
2 0.111 0.7186567164179104 0.0495 0.19850746268656716
2 0.172 0.9582089552238806 0.0455 0.08358208955223881
2 0.139 0.491044776119403 0.0435 0.10746268656716418
3 0.2555 0.5761194029850746 0.054 0.08656716417910448