1 0.588 0.9007462686567164 0.414 0.19850746268656716
1 0.8495 0.758955223880597 0.301 0.25223880597014925
1 0.9195 0.9126865671641791 0.161 0.1746268656716418
1 0.545 0.31865671641791044 0.2155 0.25597014925373135
1 0.6105 0.08283582089552238 0.073 0.13880597014925372
1 0.5095 0.07686567164179105 0.0855 0.14776119402985075
2 0.1645 0.8097014925373134 0.1615 0.1328358208955224
2 0.362 0.7567164179104477 0.154 0.1626865671641791
2 0.504 0.7022388059701492 0.135 0.1582089552238806
2 0.0235 0.8865671641791045 0.047 0.141044776119403
2 0.031 0.48208955223880595 0.0615 0.12164179104477611
2 0.244 0.41865671641791047 0.11 0.11641791044776119
2 0.378 0.3074626865671642 0.0685 0.1373134328358209
2 0.6705 0.5962686567164179 0.113 0.13432835820895522
2 0.7865 0.5940298507462687 0.12 0.11492537313432835
2 0.596 0.6537313432835821 0.118 0.1417910447761194
2 0.277 0.7037313432835821 0.1365 0.12835820895522387
2 0.39 0.6462686567164179 0.1115 0.10895522388059702
2 0.3445 0.5708955223880597 0.1275 0.1582089552238806
2 0.4075 0.18358208955223881 0.0325 0.10149253731343283
2 0.4435 0.15447761194029852 0.0245 0.09104477611940298
2 0.801 0.19701492537313434 0.0635 0.16716417910447762
2 0.951 0.558955223880597 0.098 0.12164179104477611
3 0.1595 0.7723880597014925 0.056 0.20597014925373133
3 0.0075 0.45597014925373136 0.0145 0.18880597014925374
3 0.3735 0.7694029850746269 0.0655 0.24253731343283583
3 0.4455 0.5656716417910448 0.037 0.18358208955223881
3 0.5035 0.676865671641791 0.04 0.22164179104477613
3 0.5955 0.6313432835820896 0.0385 0.22014925373134328
3 0.5295 0.5261194029850746 0.0335 0.22164179104477613
3 0.675 0.558955223880597 0.0345 0.19701492537313434
3 0.692 0.5686567164179105 0.0535 0.17761194029850746
3 0.614 0.46417910447761196 0.045 0.17761194029850746
3 0.7605 0.4134328358208955 0.045 0.13582089552238805
3 0.787 0.5798507462686567 0.031 0.1701492537313433
3 0.814 0.5544776119402985 0.041 0.1582089552238806
3 0.884 0.582089552238806 0.0505 0.10298507462686567
3 0.2335 0.367910447761194 0.0425 0.14776119402985075
3 0.254 0.3559701492537313 0.032 0.1328358208955224
3 0.407 0.12238805970149254 0.03 0.08955223880597014
3 0.4095 0.06567164179104477 0.0235 0.056716417910447764
3 0.318 0.5373134328358209 0.0345 0.11194029850746269
3 0.344 0.5522388059701493 0.051 0.16567164179104477