3 0.4415 0.7798507462686567 0.0515 0.10149253731343283
3 0.304 0.9455223880597015 0.078 0.10522388059701493
3 0.122 0.576865671641791 0.0455 0.09029850746268657
3 0.2475 0.6104477611940299 0.044 0.09029850746268657
3 0.235 0.5902985074626865 0.029 0.08582089552238806
3 0.1845 0.4746268656716418 0.036 0.08582089552238806
3 0.2475 0.5246268656716417 0.039 0.06492537313432836
3 0.333 0.517910447761194 0.039 0.08880597014925373
3 0.4085 0.5746268656716418 0.042 0.08507462686567165
3 0.4025 0.5611940298507463 0.035 0.09179104477611941
3 0.331 0.7395522388059701 0.0555 0.1126865671641791
3 0.3225 0.7126865671641791 0.042 0.1253731343283582
2 0.336 0.8559701492537314 0.072 0.18507462686567164
2 0.4455 0.9156716417910448 0.075 0.15970149253731344
2 0.14 0.8223880597014925 0.0625 0.17761194029850746
2 0.252 0.7074626865671642 0.057 0.11791044776119403
2 0.335 0.6029850746268657 0.0405 0.10820895522388059
2 0.4075 0.6582089552238806 0.0555 0.10522388059701493
2 0.1885 0.5529850746268656 0.0415 0.1
2 0.129 0.6783582089552239 0.056 0.1126865671641791
2 0.092 0.4380597014925373 0.044 0.09328358208955224
2 0.283 0.5208955223880597 0.029 0.09477611940298507
2 0.3815 0.44402985074626866 0.0195 0.0873134328358209
1 0.469 0.49776119402985075 0.0975 0.20149253731343283
1 0.4885 0.29328358208955224 0.1015 0.09701492537313433
1 0.7215 0.20298507462686566 0.065 0.0664179104477612
1 0.6285 0.8694029850746269 0.2445 0.26119402985074625
0 0.79 0.6686567164179105 0.42 0.6619402985074627
3 0.4245 0.7611940298507462 0.0365 0.13059701492537312
2 0.194 0.9619402985074627 0.0445 0.07611940298507462
3 0.061 0.7604477611940299 0.064 0.23208955223880598