1 0.5135 0.5097014925373134 0.1035 0.1783582089552239
1 0.575 0.34328358208955223 0.0765 0.09029850746268657
1 0.2075 0.3805970149253731 0.1065 0.09477611940298507
1 0.6115 0.2798507462686567 0.033 0.05970149253731343
3 0.9195 0.6917910447761194 0.0445 0.18582089552238806
3 0.785 0.6985074626865672 0.0385 0.14477611940298507
3 0.7915 0.655223880597015 0.0445 0.11865671641791045
3 0.673 0.6746268656716418 0.056 0.13432835820895522
3 0.568 0.9097014925373135 0.0575 0.1798507462686567
3 0.5765 0.8776119402985074 0.0575 0.18134328358208956
3 0.729 0.5186567164179104 0.033 0.08432835820895522
3 0.813 0.46417910447761196 0.027 0.07313432835820896
3 0.786 0.39477611940298507 0.027 0.0626865671641791
3 0.689 0.3925373134328358 0.0285 0.06119402985074627
3 0.917 0.3932835820895522 0.026 0.04552238805970149
3 0.9755 0.45597014925373136 0.027 0.06716417910447761
3 0.442 0.3738805970149254 0.0215 0.06119402985074627
3 0.376 0.3701492537313433 0.027 0.0626865671641791
3 0.4075 0.3037313432835821 0.018 0.03805970149253731
3 0.4615 0.3044776119402985 0.0245 0.03955223880597015
2 0.435 0.3970149253731343 0.05 0.05522388059701493
2 0.365 0.3925373134328358 0.0575 0.04701492537313433
2 0.57 0.9485074626865672 0.0855 0.10298507462686567
2 0.6715 0.7402985074626866 0.049 0.15223880597014924
2 0.789 0.7417910447761195 0.0705 0.15447761194029852
2 0.8135 0.5022388059701492 0.0215 0.0791044776119403
2 0.7315 0.5776119402985075 0.0475 0.11567164179104478
2 0.6855 0.4298507462686567 0.0245 0.06567164179104477
2 0.7835 0.43507462686567167 0.032 0.058208955223880594
2 0.913 0.4298507462686567 0.0305 0.06567164179104477
2 0.9765 0.49029850746268655 0.0395 0.05970149253731343
2 0.7785 0.34328358208955223 0.019 0.03208955223880597
2 0.639 0.3373134328358209 0.0215 0.04402985074626865
2 0.294 0.3253731343283582 0.037 0.026119402985074626
2 0.2575 0.3365671641791045 0.041 0.027611940298507463