2 0.188 0.7529850746268657 0.1305 0.17686567164179104
2 0.2235 0.5067164179104477 0.106 0.09776119402985074
2 0.175 0.2828358208955224 0.0735 0.06940298507462686
2 0.511 0.7723880597014925 0.0875 0.1746268656716418
2 0.5795 0.9522388059701492 0.119 0.0955223880597015
2 0.2235 0.6268656716417911 0.115 0.12313432835820895
2 0.5045 0.28134328358208954 0.037 0.10895522388059702
2 0.4185 0.5388059701492537 0.0575 0.15746268656716417
2 0.4195 0.2664179104477612 0.042 0.08582089552238806
2 0.7705 0.9514925373134329 0.039 0.09701492537313433
2 0.7045 0.8962686567164179 0.04 0.13208955223880597
2 0.9515 0.4791044776119403 0.058 0.15746268656716417
2 0.5735 0.8238805970149253 0.0975 0.17313432835820897
2 0.59 0.6649253731343283 0.1185 0.1126865671641791
1 0.514 0.10074626865671642 0.064 0.0962686567164179
3 0.2175 0.5835820895522388 0.0545 0.10298507462686567
2 0.4985 0.6141791044776119 0.0465 0.09776119402985074
3 0.502 0.5216417910447761 0.045 0.09328358208955224
3 0.1755 0.7238805970149254 0.0595 0.15746268656716417
3 0.564 0.4753731343283582 0.0395 0.09701492537313433
3 0.624 0.43656716417910446 0.0375 0.08582089552238806
3 0.517 0.7149253731343284 0.054 0.11641791044776119
3 0.5875 0.9365671641791045 0.0635 0.12611940298507462
3 0.715 0.7873134328358209 0.044 0.10671641791044777
3 0.7875 0.8559701492537314 0.0565 0.12462686567164179
3 0.8225 0.6619402985074627 0.047 0.11865671641791045
2 0.8225 0.7701492537313432 0.04 0.09029850746268657
3 0.902 0.5059701492537313 0.042 0.08880597014925373