0 0.3135 0.5447761194029851 0.1835 0.2544776119402985
1 0.5015 0.564179104477612 0.0965 0.14402985074626865
1 0.5615 0.7343283582089553 0.1245 0.21567164179104478
1 0.1775 0.585820895522388 0.119 0.17313432835820897
1 0.6865 0.3582089552238806 0.045 0.0664179104477612
1 0.2755 0.8970149253731343 0.203 0.20373134328358208
1 0.6335 0.3447761194029851 0.0455 0.07238805970149254
3 0.6465 0.7955223880597015 0.042 0.15
3 0.707 0.7850746268656716 0.035 0.13059701492537312
2 0.644 0.844776119402985 0.03 0.07014925373134329
2 0.705 0.8119402985074626 0.0345 0.06343283582089553