0 0.84 0.4753731343283582 0.3195 0.2962686567164179
1 0.52 0.3641791044776119 0.117 0.08880597014925373
1 0.4 0.2902985074626866 0.126 0.11417910447761194
1 0.4905 0.27686567164179104 0.0575 0.0626865671641791
1 0.4665 0.22686567164179106 0.0365 0.04328358208955224
1 0.4115 0.4007462686567164 0.041 0.06567164179104477
3 0.41 0.37910447761194027 0.015 0.07761194029850746
2 0.415 0.7455223880597015 0.0605 0.16044776119402984
3 0.4135 0.7149253731343284 0.044 0.17761194029850746
3 0.341 0.6880597014925374 0.042 0.15
2 0.345 0.7343283582089553 0.0495 0.16567164179104477