3 0.5695 0.7955223880597015 0.064 0.16119402985074627
3 0.2915 0.42014925373134326 0.019 0.09029850746268657
3 0.1815 0.4082089552238806 0.026 0.0664179104477612
3 0.5595 0.30597014925373134 0.015 0.05447761194029851
3 0.413 0.3492537313432836 0.024 0.07537313432835821
3 0.3195 0.3283582089552239 0.0135 0.057462686567164176
1 0.393 0.258955223880597 0.119 0.09925373134328358
1 0.429 0.15447761194029852 0.0225 0.04253731343283582
1 0.107 0.2701492537313433 0.1085 0.07985074626865672
1 0.5745 0.1708955223880597 0.031 0.05298507462686567
1 0.6105 0.14850746268656717 0.026 0.04253731343283582
2 0.294 0.45223880597014926 0.049 0.057462686567164176
2 0.187 0.4380597014925373 0.0715 0.048507462686567165
2 0.5745 0.8373134328358209 0.074 0.15671641791044777
2 0.415 0.3582089552238806 0.0535 0.04552238805970149
2 0.23 0.3977611940298508 0.0385 0.05447761194029851
2 0.013 0.47686567164179106 0.026 0.08880597014925373
2 0.04 0.3694029850746269 0.0465 0.05
2 0.5595 0.3208955223880597 0.035 0.03731343283582089
2 0.6545 0.31492537313432833 0.03 0.03731343283582089
2 0.755 0.28134328358208954 0.034 0.028358208955223882
2 0.6895 0.2746268656716418 0.039 0.029850746268656716
2 0.3195 0.34328358208955223 0.0425 0.03955223880597015