1 0.5375 0.8917910447761194 0.2375 0.21641791044776118
1 0.1505 0.8902985074626866 0.301 0.21940298507462686
1 0.514 0.5694029850746268 0.1425 0.21119402985074626
1 0.8175 0.45 0.083 0.13208955223880597
1 0.6605 0.38731343283582087 0.095 0.17238805970149254
2 0.2365 0.7 0.071 0.1335820895522388
2 0.2965 0.6022388059701492 0.052 0.11119402985074626
2 0.355 0.55 0.0465 0.10746268656716418
2 0.442 0.5440298507462686 0.045 0.10149253731343283
2 0.7455 0.8895522388059701 0.0835 0.19850746268656716
2 0.751 0.7544776119402985 0.081 0.15223880597014924
4 0.8925 0.9417910447761194 0.2045 0.11567164179104478
3 0.23 0.6597014925373135 0.037 0.15074626865671642
3 0.2505 0.6432835820895523 0.031 0.14925373134328357
3 0.3 0.5708955223880597 0.03 0.12164179104477611
3 0.3105 0.5582089552238806 0.0235 0.1291044776119403
3 0.3595 0.5082089552238805 0.0335 0.12164179104477611
3 0.7525 0.841044776119403 0.058 0.2373134328358209
3 0.751 0.6925373134328359 0.0485 0.16791044776119404
3 0.9225 0.7776119402985074 0.0525 0.2044776119402985
3 0.7615 0.6828358208955224 0.0295 0.07388059701492537
3 0.8345 0.5455223880597015 0.0405 0.12014925373134329
3 0.8875 0.5776119402985075 0.0345 0.11119402985074626
3 0.971 0.7179104477611941 0.039 0.1291044776119403
3 0.89 0.6417910447761194 0.043 0.12462686567164179
3 0.9085 0.9097014925373135 0.0775 0.1373134328358209
3 0.969 0.6007462686567164 0.0415 0.11119402985074626
3 0.016 0.844776119402985 0.032 0.15298507462686567
2 0.0585 0.926865671641791 0.117 0.14626865671641792