3 0.076 0.46940298507462686 0.017 0.07835820895522388
3 0.084 0.4708955223880597 0.017 0.06940298507462686
3 0.463 0.4873134328358209 0.029 0.08507462686567165
3 0.536 0.4626865671641791 0.0265 0.0664179104477612
3 0.572 0.4716417910447761 0.0265 0.09402985074626866
3 0.5405 0.3641791044776119 0.0145 0.07835820895522388
3 0.5625 0.3798507462686567 0.0185 0.07238805970149254
2 0.092 0.5164179104477612 0.0615 0.07537313432835821
2 0.1135 0.4746268656716418 0.041 0.05149253731343283
2 0.459 0.5291044776119403 0.0415 0.08358208955223881
2 0.5315 0.5119402985074627 0.028 0.08134328358208955
2 0.5705 0.5246268656716417 0.0345 0.07835820895522388
2 0.628 0.3970149253731343 0.0295 0.06119402985074627
2 0.534 0.3970149253731343 0.0175 0.04701492537313433
2 0.5625 0.41119402985074627 0.028 0.06119402985074627
2 0.7025 0.3895522388059702 0.0265 0.05522388059701493
2 0.6775 0.3850746268656716 0.024 0.05149253731343283
1 0.735 0.3201492537313433 0.0655 0.09776119402985074
3 0.9365 0.9440298507462687 0.078 0.11119402985074626