3 0.515 0.4216417910447761 0.018 0.07611940298507462
3 0.405 0.39850746268656717 0.018 0.09179104477611941
3 0.737 0.5462686567164179 0.026 0.10671641791044777
3 0.8135 0.5402985074626866 0.028 0.11119402985074626
3 0.882 0.5343283582089552 0.028 0.0873134328358209
3 0.9665 0.6208955223880597 0.047 0.12238805970149254
3 0.517 0.42388059701492536 0.026 0.08582089552238806
3 0.4835 0.3619402985074627 0.019 0.07611940298507462
1 0.241 0.3253731343283582 0.0975 0.09029850746268657
1 0.5725 0.3753731343283582 0.1135 0.09850746268656717
2 0.734 0.5738805970149253 0.079 0.09179104477611941
2 0.517 0.44925373134328356 0.056 0.07388059701492537
2 0.408 0.41940298507462687 0.0455 0.07462686567164178
2 0.483 0.3813432835820896 0.0555 0.056716417910447764
2 0.4325 0.3850746268656716 0.0415 0.0708955223880597
2 0.817 0.5611940298507463 0.0735 0.1
2 0.961 0.6477611940298508 0.0775 0.0955223880597015
2 0.883 0.5574626865671641 0.069 0.0791044776119403
2 0.689 0.4164179104477612 0.047 0.0664179104477612
2 0.0705 0.5186567164179104 0.079 0.1044776119402985
3 0.076 0.49029850746268655 0.032 0.11417910447761194
0 0.31 0.2798507462686567 0.1365 0.1373134328358209