1 0.299 0.6320895522388059 0.0995 0.18507462686567164
1 0.4615 0.46417910447761196 0.065 0.12985074626865672
1 0.655 0.2664179104477612 0.048 0.0664179104477612
1 0.598 0.26044776119402985 0.0415 0.06716417910447761
1 0.457 0.2626865671641791 0.0385 0.07537313432835821
1 0.393 0.2626865671641791 0.036 0.07537313432835821
1 0.374 0.1626865671641791 0.0325 0.03731343283582089
1 0.55 0.13432835820895522 0.021 0.029104477611940297
2 0.061 0.3753731343283582 0.021 0.055970149253731345
2 0.1555 0.3798507462686567 0.032 0.07014925373134329
2 0.206 0.3925373134328358 0.0265 0.0626865671641791
2 0.1845 0.36716417910447763 0.0205 0.08208955223880597
2 0.118 0.3246268656716418 0.0245 0.04701492537313433
2 0.229 0.3201492537313433 0.023 0.05149253731343283
2 0.1795 0.30970149253731344 0.031 0.041044776119402986
2 0.044 0.2955223880597015 0.0335 0.048507462686567165
2 0.867 0.34253731343283583 0.0445 0.06044776119402985
2 0.949 0.33880597014925373 0.038 0.057462686567164176
2 0.9385 0.46119402985074626 0.0645 0.06567164179104477
2 0.904 0.417910447761194 0.0365 0.06716417910447761
3 0.9245 0.40373134328358207 0.0205 0.0664179104477612
3 0.9455 0.417910447761194 0.018 0.07611940298507462
3 0.955 0.3208955223880597 0.0195 0.06343283582089553
2 0.224 0.2701492537313433 0.018 0.04029850746268657
2 0.149 0.25298507462686565 0.019 0.0708955223880597
2 0.173 0.2373134328358209 0.023 0.05895522388059701
2 0.2465 0.25522388059701495 0.0115 0.03880597014925373
2 0.27 0.24029850746268658 0.0265 0.05447761194029851
4 0.035 0.4798507462686567 0.07 0.13955223880597015
1 0.5305 0.10074626865671642 0.019 0.058208955223880594