1 0.509 0.6835820895522388 0.1015 0.1746268656716418
1 0.2915 0.41119402985074627 0.0715 0.13507462686567165
1 0.4575 0.42388059701492536 0.06 0.0962686567164179
1 0.228 0.9835820895522388 0.16 0.03283582089552239
1 0.3445 0.19328358208955224 0.0285 0.05223880597014925
0 0.2905 0.2298507462686567 0.0645 0.141044776119403
1 0.8145 0.932089552238806 0.295 0.13582089552238805
2 0.196 0.5253731343283582 0.0215 0.08283582089552238
2 0.072 0.5477611940298508 0.026 0.08432835820895522
2 0.125 0.564179104477612 0.0275 0.08880597014925373
2 0.179 0.4126865671641791 0.0215 0.06417910447761194
2 0.1165 0.417910447761194 0.0225 0.0626865671641791
2 0.681 0.6141791044776119 0.03 0.09328358208955224
2 0.831 0.8298507462686567 0.055 0.10895522388059702
2 0.562 0.4873134328358209 0.024 0.06716417910447761
2 0.612 0.48880597014925375 0.0275 0.058208955223880594
2 0.2155 0.4291044776119403 0.0215 0.06119402985074627
3 0.132 0.5328358208955224 0.026 0.10597014925373134
3 0.076 0.5186567164179104 0.024 0.10597014925373134
3 0.1165 0.3940298507462687 0.0225 0.08283582089552238
3 0.1795 0.382089552238806 0.026 0.07388059701492537
3 0.199 0.4880597014925373 0.0275 0.08432835820895522
3 0.2175 0.3917910447761194 0.023 0.050746268656716415
3 0.8345 0.7955223880597015 0.043 0.11940298507462686
3 0.9085 0.9440298507462687 0.0455 0.11044776119402985
3 0.736 0.5097014925373134 0.0195 0.09029850746268657
3 0.5645 0.45298507462686566 0.02 0.056716417910447764
3 0.613 0.45223880597014926 0.026 0.05223880597014925
3 0.683 0.5723880597014925 0.0275 0.0626865671641791