1 0.4825 0.09776119402985074 0.0805 0.13955223880597015
1 0.343 0.4305970149253731 0.144 0.2791044776119403
2 0.8485 0.25970149253731345 0.0885 0.08656716417910448
3 0.3145 0.7104477611940299 0.059 0.18134328358208956
3 0.5835 0.6791044776119403 0.059 0.22313432835820896
3 0.2985 0.17761194029850746 0.034 0.09402985074626866
3 0.5015 0.19776119402985073 0.032 0.06716417910447761
3 0.311 0.6626865671641791 0.0445 0.0873134328358209
3 0.245 0.741044776119403 0.0345 0.07462686567164178
3 0.051 0.5201492537313432 0.022 0.17388059701492536
2 0.0235 0.7768656716417911 0.047 0.1626865671641791
3 0.369 0.7268656716417911 0.076 0.12835820895522387
2 0.638 0.6753731343283582 0.0665 0.10746268656716418
2 0.5695 0.7895522388059701 0.157 0.15
1 0.2925 0.9171641791044776 0.436 0.16492537313432837