1 0.278 0.408955223880597 0.228 0.2716417910447761
1 0.455 0.16716417910447762 0.0935 0.19925373134328359
1 0.57 0.03731343283582089 0.0755 0.07462686567164178
0 0.4735 0.04626865671641791 0.098 0.09179104477611941
2 0.722 0.8738805970149254 0.1655 0.14925373134328357
2 0.408 0.5970149253731343 0.126 0.13880597014925372
2 0.565 0.4597014925373134 0.071 0.09253731343283582
2 0.7065 0.3723880597014925 0.0385 0.07686567164179105
2 0.9445 0.5134328358208955 0.1105 0.13656716417910447
2 0.766 0.09776119402985074 0.0295 0.07537313432835821
2 0.698 0.008955223880597015 0.035 0.017164179104477612
2 0.7695 0.17686567164179104 0.043 0.09179104477611941
2 0.7225 0.1880597014925373 0.0295 0.11567164179104478
2 0.616 0.2298507462686567 0.025 0.07164179104477612
2 0.57 0.22238805970149253 0.0265 0.08134328358208955
2 0.376 0.03731343283582089 0.035 0.07462686567164178
2 0.089 0.20149253731343283 0.08 0.10223880597014925
3 0.4035 0.5261194029850746 0.0475 0.11417910447761194
3 0.565 0.3649253731343284 0.043 0.09402985074626866
3 0.6925 0.3776119402985075 0.0075 0.0052238805970149255
3 0.716 0.3029850746268657 0.023 0.08059701492537313
3 0.969 0.46044776119402986 0.048 0.11492537313432835
3 0.733 0.8059701492537313 0.0525 0.13059701492537312
3 0.573 0.13432835820895522 0.0285 0.07462686567164178
3 0.624 0.10223880597014925 0.026 0.0708955223880597
3 0.7015 0.17238805970149254 0.026 0.12313432835820895
3 0.741 0.19925373134328359 0.0235 0.141044776119403