3 0.3155 0.3529850746268657 0.025 0.056716417910447764
3 0.4895 0.3843283582089552 0.0205 0.07686567164179105
3 0.4 0.3664179104477612 0.0285 0.07537313432835821
3 0.339 0.3373134328358209 0.0225 0.07238805970149254
3 0.641 0.44925373134328356 0.03 0.1044776119402985
3 0.844 0.49701492537313435 0.0185 0.0955223880597015
3 0.895 0.5410447761194029 0.0455 0.11417910447761194
3 0.2 0.3044776119402985 0.0145 0.04328358208955224
2 0.6425 0.48059701492537316 0.068 0.07238805970149254
2 0.4975 0.41567164179104477 0.051 0.06940298507462686
2 0.4055 0.3970149253731343 0.0505 0.07238805970149254
2 0.3175 0.39104477611940297 0.0505 0.05223880597014925
2 0.341 0.3664179104477612 0.0365 0.049253731343283584
2 0.2045 0.332089552238806 0.035 0.05522388059701493
2 0.117 0.3783582089552239 0.031 0.058208955223880594
2 0.904 0.5813432835820895 0.0755 0.0880597014925373
2 0.839 0.5201492537313432 0.061 0.08134328358208955
1 0.7345 0.4291044776119403 0.1585 0.1328358208955224
1 0.3105 0.28582089552238804 0.055 0.04328358208955224
1 0.6765 0.3208955223880597 0.042 0.06791044776119402
1 0.641 0.2701492537313433 0.0315 0.056716417910447764
1 0.983 0.5582089552238806 0.034 0.15298507462686567
1 0.2335 0.2753731343283582 0.13 0.10149253731343283
3 0.1065 0.3485074626865672 0.026 0.056716417910447764