3 0.2125 0.7932835820895522 0.0595 0.1582089552238806
3 0.1095 0.573134328358209 0.0375 0.1291044776119403
3 0.2715 0.48134328358208955 0.0335 0.06791044776119402
3 0.1415 0.4052238805970149 0.017 0.05447761194029851
3 0.1955 0.39552238805970147 0.018 0.05522388059701493
3 0.0865 0.4014925373134328 0.025 0.05
3 0.431 0.3492537313432836 0.0225 0.05447761194029851
2 0.272 0.5201492537313432 0.0235 0.08507462686567165
2 0.2115 0.9074626865671642 0.057 0.12388059701492538
2 0.103 0.6194029850746269 0.064 0.08358208955223881
2 0.1365 0.4373134328358209 0.029 0.05298507462686567
2 0.1885 0.4208955223880597 0.0195 0.05298507462686567
2 0.233 0.4134328358208955 0.022 0.056716417910447764
2 0.0865 0.43507462686567167 0.0375 0.05447761194029851
2 0.2705 0.39477611940298507 0.029 0.05149253731343283
2 0.2945 0.3925373134328358 0.022 0.056716417910447764
2 0.372 0.3701492537313433 0.019 0.048507462686567165
2 0.421 0.41567164179104477 0.022 0.05447761194029851
2 0.326 0.4164179104477612 0.044 0.05522388059701493
2 0.359 0.41119402985074627 0.043 0.058208955223880594
2 0.7325 0.3761194029850746 0.0385 0.05
2 0.792 0.39477611940298507 0.0455 0.05522388059701493
2 0.854 0.3723880597014925 0.0375 0.05
2 0.9385 0.3686567164179104 0.0365 0.05149253731343283
2 0.6625 0.3194029850746269 0.0345 0.025373134328358207
1 0.6205 0.3619402985074627 0.1095 0.06492537313432836
1 0.614 0.29701492537313434 0.056 0.05
1 0.7675 0.33805970149253733 0.0775 0.05149253731343283
1 0.891 0.3246268656716418 0.0665 0.05447761194029851
1 0.782 0.3029850746268657 0.0905 0.04701492537313433
1 0.509 0.25522388059701495 0.0335 0.03507462686567164
1 0.301 0.258955223880597 0.029 0.03731343283582089
1 0.342 0.25522388059701495 0.0305 0.04552238805970149
1 0.264 0.2582089552238806 0.0265 0.03880597014925373
1 0.2475 0.2417910447761194 0.018 0.030597014925373135
1 0.3095 0.24104477611940298 0.0205 0.029104477611940297
0 0.473 0.22462686567164178 0.032 0.04552238805970149
0 0.969 0.3253731343283582 0.0615 0.1