1 0.7125 0.8067164179104478 0.2585 0.3723880597014925
1 0.7195 0.503731343283582 0.148 0.15970149253731344
1 0.49 0.33880597014925373 0.0685 0.11044776119402985
1 0.572 0.3253731343283582 0.0645 0.0955223880597015
1 0.5325 0.22014925373134328 0.038 0.05373134328358209
1 0.2025 0.5514925373134328 0.152 0.2462686567164179
1 0.031 0.6708955223880597 0.062 0.30597014925373134
1 0.372 0.2656716417910448 0.048 0.06343283582089553
1 0.308 0.28507462686567164 0.045 0.07462686567164178
1 0.233 0.2873134328358209 0.061 0.0962686567164179
1 0.266 0.22611940298507463 0.034 0.058208955223880594
1 0.322 0.21417910447761193 0.029 0.04701492537313433
1 0.3715 0.22313432835820896 0.037 0.05
1 0.2825 0.1843283582089552 0.032 0.04701492537313433
1 0.3255 0.17388059701492536 0.019 0.030597014925373135
1 0.4555 0.18582089552238806 0.027 0.03656716417910448
1 0.476 0.16865671641791044 0.025 0.03656716417910448
1 0.9315 0.42835820895522386 0.137 0.21567164179104478
1 0.3955 0.15 0.019 0.03507462686567164
2 0.022 0.4216417910447761 0.036 0.07985074626865672
2 0.0725 0.43582089552238806 0.0305 0.08656716417910448
3 0.024 0.39477611940298507 0.0265 0.08955223880597014
3 0.073 0.4126865671641791 0.026 0.10970149253731343