1 0.6065 0.41940298507462687 0.075 0.11641791044776119
1 0.6695 0.3402985074626866 0.049 0.06343283582089553
1 0.647 0.30895522388059704 0.037 0.048507462686567165
1 0.034 0.5335820895522388 0.0675 0.15522388059701492
1 0.202 0.3746268656716418 0.0795 0.08059701492537313
1 0.31 0.3611940298507463 0.07 0.07014925373134329
1 0.2815 0.26865671641791045 0.03 0.027611940298507463
2 0.748 0.6470149253731343 0.04 0.11343283582089553
2 0.7565 0.9477611940298507 0.061 0.1044776119402985
2 0.9555 0.514179104477612 0.0265 0.07611940298507462
2 0.752 0.37089552238805973 0.0155 0.04701492537313433
2 0.778 0.3567164179104478 0.0195 0.04328358208955224
2 0.728 0.48208955223880595 0.0315 0.08059701492537313
2 0.3885 0.3970149253731343 0.0435 0.03955223880597015
2 0.419 0.38283582089552237 0.014 0.04253731343283582
2 0.433 0.3746268656716418 0.023 0.03731343283582089
3 0.9565 0.4619402985074627 0.024 0.03731343283582089
3 0.748 0.5761194029850746 0.0345 0.056716417910447764
3 0.726 0.4380597014925373 0.021 0.03805970149253731
3 0.7505 0.33880597014925373 0.014 0.025373134328358207
3 0.7795 0.3276119402985075 0.014 0.023134328358208955
3 0.0085 0.3850746268656716 0.017 0.058208955223880594
3 0.0695 0.33955223880597013 0.017 0.05522388059701493
3 0.23 0.2902985074626866 0.012 0.03955223880597015
3 0.39 0.3776119402985075 0.0155 0.07462686567164178
3 0.4255 0.3440298507462687 0.02 0.03283582089552239