3 0.884 0.9626865671641791 0.03 0.07462686567164178
3 0.902 0.9716417910447761 0.0455 0.056716417910447764
3 0.9385 0.9589552238805971 0.016 0.08134328358208955
3 0.9495 0.9626865671641791 0.026 0.07462686567164178
3 0.6785 0.758955223880597 0.0315 0.0664179104477612
2 0.68 0.7932835820895522 0.0395 0.08432835820895522
2 0.864 0.9716417910447761 0.03 0.056716417910447764
2 0.9475 0.8246268656716418 0.052 0.07835820895522388
1 0.229 0.6231343283582089 0.047 0.09029850746268657
1 0.213 0.5074626865671642 0.0365 0.07985074626865672
4 0.2615 0.4955223880597015 0.0455 0.10671641791044777