3 0.214 0.7798507462686567 0.053 0.13656716417910447
3 0.1085 0.6052238805970149 0.0555 0.12761194029850748
3 0.199 0.55 0.0505 0.08208955223880597
3 0.2595 0.4753731343283582 0.041 0.06716417910447761
3 0.084 0.3880597014925373 0.0295 0.048507462686567165
3 0.187 0.40223880597014927 0.033 0.055970149253731345
3 0.226 0.3805970149253731 0.023 0.06044776119402985
3 0.2495 0.3574626865671642 0.0165 0.048507462686567165
3 0.6855 0.3932835820895522 0.034 0.0791044776119403
3 0.7145 0.41567164179104477 0.027 0.09850746268656717
2 0.7425 0.44104477611940296 0.0685 0.07462686567164178
2 0.6215 0.38283582089552237 0.056 0.055970149253731345
2 0.5815 0.4164179104477612 0.037 0.06194029850746269
2 0.215 0.8880597014925373 0.051 0.16567164179104477
2 0.1115 0.6425373134328358 0.037 0.11119402985074626
2 0.203 0.6111940298507462 0.042 0.10746268656716418
2 0.2585 0.5156716417910447 0.033 0.08358208955223881
2 0.1905 0.44104477611940296 0.0225 0.06343283582089553
2 0.2315 0.4126865671641791 0.0265 0.07462686567164178
2 0.2515 0.3917910447761194 0.023 0.05895522388059701
2 0.085 0.43134328358208956 0.028 0.06492537313432836
1 0.9835 0.44925373134328356 0.033 0.08656716417910448
1 0.4535 0.47388059701492535 0.0975 0.1291044776119403
1 0.3475 0.4014925373134328 0.07 0.0955223880597015
1 0.363 0.3044776119402985 0.047 0.06865671641791045
1 0.2635 0.3044776119402985 0.048 0.06865671641791045
1 0.483 0.30223880597014924 0.0875 0.055970149253731345
1 0.584 0.3 0.0785 0.07462686567164178
1 0.724 0.3328358208955224 0.07 0.07313432835820896
1 0.313 0.2828358208955224 0.041 0.055970149253731345