1 0.436 0.6305970149253731 0.178 0.24477611940298508
1 0.6225 0.42761194029850746 0.1055 0.1582089552238806
1 0.8485 0.28507462686567164 0.047 0.056716417910447764
2 0.2375 0.7007462686567164 0.0705 0.14850746268656717
2 0.408 0.9014925373134328 0.0545 0.18880597014925374
2 0.4915 0.7947761194029851 0.058 0.16417910447761194
2 0.7025 0.7559701492537313 0.0625 0.16791044776119404
2 0.58 0.6291044776119403 0.054 0.15
2 0.53 0.6970149253731344 0.046 0.1417910447761194
2 0.017 0.8701492537313433 0.0335 0.13507462686567165
2 0.2035 0.5007462686567165 0.0305 0.0873134328358209
2 0.1305 0.49477611940298505 0.042 0.07462686567164178
2 0.2785 0.44328358208955226 0.065 0.0664179104477612
2 0.5105 0.4380597014925373 0.0365 0.07611940298507462
2 0.863 0.8522388059701492 0.0445 0.11791044776119403
2 0.8655 0.6149253731343284 0.039 0.0873134328358209
3 0.698 0.6798507462686567 0.046 0.1873134328358209
3 0.406 0.8343283582089552 0.0585 0.1873134328358209
3 0.238 0.6649253731343283 0.046 0.18507462686567164
3 0.314 0.564179104477612 0.0345 0.15
3 0.8625 0.7611940298507462 0.056 0.1664179104477612
3 0.858 0.735820895522388 0.042 0.14477611940298507
3 0.871 0.55 0.047 0.12238805970149254
3 0.9245 0.4097014925373134 0.032 0.07238805970149254
3 0.512 0.40671641791044777 0.0275 0.07761194029850746
3 0.1995 0.4582089552238806 0.0365 0.07761194029850746
3 0.1225 0.458955223880597 0.039 0.0873134328358209
3 0.143 0.44104477611940296 0.0345 0.05447761194029851
2 0.3135 0.6 0.0615 0.1253731343283582
4 0.0405 0.4798507462686567 0.081 0.14328358208955225
1 0.017 0.45746268656716416 0.031 0.14328358208955225
3 0.2865 0.41492537313432837 0.0415 0.07462686567164178