1 0.241 0.6044776119402985 0.2155 0.2664179104477612
1 0.3985 0.6686567164179105 0.1465 0.1865671641791045
1 0.538 0.4059701492537313 0.0835 0.11940298507462686
1 0.6575 0.3485074626865672 0.067 0.09253731343283582
2 0.8635 0.27611940298507465 0.0105 0.03582089552238806
3 0.8625 0.25522388059701495 0.01 0.03283582089552239
1 0.5995 0.2992537313432836 0.0605 0.07313432835820896
1 0.6565 0.2537313432835821 0.0545 0.09179104477611941
1 0.7055 0.26417910447761195 0.071 0.11343283582089553
1 0.7535 0.23059701492537313 0.0405 0.07238805970149254
1 0.7885 0.18880597014925374 0.027 0.03507462686567164
1 0.761 0.17313432835820897 0.0265 0.03283582089552239
1 0.7855 0.14850746268656717 0.019 0.023880597014925373