1 0.3835 0.4134328358208955 0.072 0.11119402985074626
1 0.323 0.33805970149253733 0.047 0.06119402985074627
1 0.3445 0.3082089552238806 0.0355 0.04626865671641791
1 0.9515 0.5238805970149254 0.097 0.14925373134328357
1 0.773 0.37089552238805973 0.0765 0.07686567164179105
1 0.669 0.3582089552238806 0.0675 0.06716417910447761
1 0.6965 0.26940298507462684 0.029 0.026865671641791045
2 0.2475 0.6320895522388059 0.0385 0.10895522388059702
2 0.24 0.935820895522388 0.06 0.12761194029850748
2 0.0475 0.505223880597015 0.0255 0.07313432835820896
2 0.2435 0.36716417910447763 0.015 0.04552238805970149
2 0.2185 0.3537313432835821 0.0185 0.041044776119402986
2 0.267 0.47388059701492535 0.0305 0.07761194029850746
2 0.5935 0.3917910447761194 0.042 0.03731343283582089
2 0.564 0.37910447761194027 0.0135 0.04029850746268657
2 0.551 0.37089552238805973 0.0225 0.03582089552238806
3 0.0465 0.4544776119402985 0.023 0.03582089552238806
3 0.2475 0.564179104477612 0.033 0.05447761194029851
3 0.2685 0.43208955223880596 0.02 0.03656716417910448
3 0.245 0.3358208955223881 0.0135 0.024626865671641792
3 0.2175 0.3253731343283582 0.0135 0.022388059701492536
3 0.9605 0.382089552238806 0.0185 0.05522388059701493
3 0.9005 0.3373134328358209 0.0165 0.05298507462686567
3 0.746 0.2902985074626866 0.0115 0.03805970149253731
3 0.592 0.3738805970149254 0.0145 0.07164179104477612
3 0.558 0.3417910447761194 0.019 0.03134328358208955