1 0.503 0.558955223880597 0.0845 0.14477611940298507
1 0.3655 0.458955223880597 0.066 0.14029850746268657
1 0.23 0.6380597014925373 0.1195 0.19552238805970149
1 0.137 0.8686567164179104 0.2 0.2626865671641791
1 0.4755 0.3932835820895522 0.054 0.08582089552238806
2 0.054 0.7820895522388059 0.035 0.12761194029850748
2 0.1215 0.6 0.0275 0.09402985074626866
2 0.0785 0.5664179104477612 0.022 0.0873134328358209
3 0.881 0.7626865671641792 0.033 0.12761194029850748
3 0.0655 0.6977611940298507 0.035 0.07985074626865672
3 0.1305 0.5440298507462686 0.027 0.050746268656716415
3 0.085 0.5074626865671642 0.031 0.05373134328358209