3 0.233 0.6447761194029851 0.0465 0.10895522388059702
3 0.616 0.573134328358209 0.0485 0.08955223880597014
3 0.8395 0.24402985074626865 0.0235 0.05373134328358209
3 0.3475 0.2880597014925373 0.014 0.09179104477611941
3 0.5655 0.25298507462686565 0.0065 0.06716417910447761
3 0.5765 0.2574626865671642 0.0115 0.07014925373134329
3 0.1805 0.2126865671641791 0.02 0.05522388059701493
2 0.1835 0.2537313432835821 0.0365 0.05149253731343283
2 0.57 0.2753731343283582 0.047 0.049253731343283584
2 0.238 0.7723880597014925 0.0575 0.1626865671641791
2 0.6125 0.6753731343283582 0.0575 0.1455223880597015
2 0.8345 0.2835820895522388 0.0265 0.06044776119402985
2 0.7025 0.21417910447761193 0.027 0.048507462686567165
3 0.672 0.1626865671641791 0.014 0.06194029850746269
3 0.704 0.191044776119403 0.0105 0.04776119402985075
3 0.953 0.26044776119402985 0.0125 0.08582089552238806
1 0.633 0.28432835820895525 0.0925 0.1783582089552239