1 0.424 0.8470149253731343 0.117 0.30522388059701494
1 0.356 0.5097014925373134 0.0615 0.12835820895522387
0 0.647 0.21417910447761193 0.081 0.12835820895522387
1 0.751 0.5283582089552239 0.1095 0.1417910447761194
1 0.869 0.5470149253731343 0.1185 0.12686567164179105
1 0.468 0.32611940298507464 0.0455 0.07835820895522388
1 0.39 0.2746268656716418 0.0435 0.06865671641791045
1 0.6975 0.32985074626865674 0.07 0.08358208955223881
1 0.622 0.30597014925373134 0.058 0.07835820895522388
1 0.5905 0.24328358208955222 0.0405 0.05522388059701493
1 0.782 0.3283582089552239 0.075 0.09104477611940298
2 0.065 0.6664179104477612 0.029 0.09029850746268657