1 0.1115 0.41044776119402987 0.129 0.14477611940298507
1 0.3555 0.5305970149253731 0.1045 0.16791044776119404
2 0.486 0.6574626865671642 0.089 0.11567164179104478
2 0.574 0.4417910447761194 0.0955 0.07835820895522388
2 0.7705 0.5664179104477612 0.0825 0.1044776119402985
2 0.8365 0.6694029850746268 0.0325 0.09776119402985074
2 0.8715 0.764179104477612 0.1295 0.09776119402985074
2 0.922 0.9134328358208955 0.122 0.16044776119402984
1 0.953 0.8716417910447761 0.076 0.14477611940298507
1 0.886 0.744776119402985 0.043 0.1373134328358209
1 0.883 0.6440298507462686 0.0525 0.13955223880597015
1 0.7915 0.5201492537313432 0.0495 0.1328358208955224
1 0.5645 0.4208955223880597 0.027 0.0873134328358209
1 0.482 0.6201492537313433 0.032 0.11492537313432835