1 0.369 0.37910447761194027 0.143 0.24701492537313433
1 0.4725 0.04253731343283582 0.079 0.08507462686567165
1 0.3515 0.07462686567164178 0.0795 0.14925373134328357
3 0.836 0.2208955223880597 0.0805 0.0791044776119403
3 0.5265 0.5007462686567165 0.054 0.15223880597014924
2 0.5245 0.5425373134328358 0.0895 0.15447761194029852
2 0.6915 0.4014925373134328 0.0735 0.1253731343283582
3 0.553 0.5253731343283582 0.0465 0.13507462686567165
1 0.8775 0.8858208955223881 0.2445 0.22761194029850745
3 0.697 0.34701492537313433 0.033 0.14626865671641792
3 0.681 0.3208955223880597 0.028 0.12388059701492538
2 0.372 0.19328358208955224 0.0325 0.09925373134328358
3 0.375 0.1626865671641791 0.0255 0.0962686567164179
2 0.012 0.43582089552238806 0.024 0.16716417910447762
2 0.1675 0.19925373134328359 0.0345 0.11194029850746269
2 0.1725 0.11791044776119403 0.032 0.07835820895522388