1 0.641 0.8992537313432836 0.197 0.2007462686567164
1 0.608 0.2507462686567164 0.0515 0.05970149253731343
1 0.4225 0.1537313432835821 0.025 0.03731343283582089
1 0.458 0.15522388059701492 0.024 0.04253731343283582
1 0.526 0.208955223880597 0.045 0.05298507462686567
0 0.6305 0.16417910447761194 0.0335 0.08507462686567165
2 0.387 0.37089552238805973 0.0485 0.04626865671641791
2 0.7205 0.5828358208955224 0.07 0.07686567164179105
2 0.7375 0.5373134328358209 0.0645 0.07686567164179105
2 0.9745 0.6970149253731344 0.051 0.10223880597014925
3 0.7555 0.503731343283582 0.016 0.06567164179104477
3 0.721 0.5425373134328358 0.028 0.05895522388059701
3 0.2515 0.5932835820895522 0.0285 0.06716417910447761
3 0.3855 0.34328358208955223 0.017 0.041791044776119404
3 0.405 0.29701492537313434 0.019 0.04552238805970149