1 0.544 0.7014925373134329 0.249 0.4223880597014925
1 0.9505 0.8246268656716418 0.099 0.29776119402985074
2 0.3265 0.826865671641791 0.0595 0.15149253731343285
2 0.2185 0.8537313432835821 0.0695 0.16791044776119404
2 0.2185 0.6425373134328358 0.049 0.10970149253731343
2 0.267 0.591044776119403 0.0345 0.10149253731343283
2 0.0885 0.5761194029850746 0.035 0.10298507462686567
2 0.032 0.6007462686567164 0.033 0.1044776119402985
2 0.0495 0.4746268656716418 0.0275 0.05970149253731343
3 0.3245 0.7380597014925373 0.0615 0.14850746268656717
3 0.2155 0.7738805970149254 0.056 0.13880597014925372
3 0.2125 0.5716417910447761 0.031 0.08507462686567165
3 0.262 0.5313432835820896 0.032 0.07611940298507462
3 0.0895 0.5261194029850746 0.0365 0.08358208955223881
3 0.039 0.5552238805970149 0.031 0.1
3 0.0475 0.43134328358208956 0.028 0.05149253731343283
2 0.626 0.3858208955223881 0.049 0.05522388059701493
2 0.615 0.3850746268656716 0.054 0.04701492537313433
3 0.606 0.3529850746268657 0.0195 0.04701492537313433
3 0.6285 0.3604477611940298 0.0165 0.05970149253731343
1 0.9115 0.47388059701492535 0.1545 0.15522388059701492
1 0.5025 0.40223880597014927 0.0945 0.10970149253731343
1 0.392 0.376865671641791 0.058 0.08208955223880597
1 0.4155 0.3283582089552239 0.0515 0.056716417910447764
1 0.3255 0.29402985074626864 0.0385 0.04029850746268657
1 0.801 0.3970149253731343 0.092 0.08059701492537313
1 0.8975 0.3358208955223881 0.0845 0.07238805970149254
1 0.5885 0.3119402985074627 0.068 0.056716417910447764
1 0.524 0.2917910447761194 0.042 0.05298507462686567
1 0.606 0.2947761194029851 0.0445 0.04477611940298507