1 0.664 0.3783582089552239 0.0465 0.0955223880597015
1 0.6585 0.2738805970149254 0.041 0.058208955223880594
1 0.7075 0.25970149253731345 0.036 0.05
1 0.75 0.2656716417910448 0.0425 0.07164179104477612
2 0.916 0.8223880597014925 0.065 0.1537313432835821
2 0.725 0.7395522388059701 0.081 0.11492537313432835
2 0.815 0.48955223880597015 0.0485 0.0791044776119403
2 0.7625 0.514179104477612 0.04 0.08358208955223881
2 0.9825 0.6171641791044776 0.0345 0.08880597014925373
2 0.843 0.4335820895522388 0.041 0.07462686567164178
3 0.9765 0.5813432835820895 0.0355 0.11119402985074626
3 0.9205 0.7141791044776119 0.0595 0.13582089552238805
3 0.7945 0.9097014925373135 0.051 0.18059701492537314
3 0.7195 0.6462686567164179 0.0325 0.11567164179104478