2 0.334 0.7477611940298508 0.032 0.10746268656716418
3 0.3365 0.6970149253731344 0.033 0.11417910447761194
3 0.34 0.6619402985074627 0.0375 0.08059701492537313
1 0.2545 0.6097014925373134 0.12 0.21492537313432836
1 0.2185 0.4791044776119403 0.093 0.15895522388059702
2 0.1185 0.5156716417910447 0.0315 0.08283582089552238
3 0.1215 0.48507462686567165 0.0255 0.08208955223880597
3 0.129 0.47238805970149256 0.0155 0.08283582089552238
2 0.095 0.47761194029850745 0.028 0.07462686567164178
3 0.096 0.44776119402985076 0.025 0.07686567164179105
3 0.018 0.9582089552238806 0.036 0.08358208955223881
3 0.006 0.8529850746268657 0.012 0.12686567164179105
2 0.397 0.4126865671641791 0.0135 0.055970149253731345
3 0.397 0.3761194029850746 0.0135 0.04253731343283582
1 0.48 0.46940298507462686 0.0605 0.0955223880597015
1 0.334 0.41567164179104477 0.051 0.0955223880597015
1 0.285 0.3529850746268657 0.0535 0.09029850746268657
1 0.3545 0.29253731343283584 0.0365 0.05522388059701493
1 0.369 0.23208955223880598 0.027 0.049253731343283584
1 0.4415 0.1947761194029851 0.021 0.03582089552238806
1 0.4195 0.18134328358208956 0.017 0.028358208955223882
2 0.5745 0.4223880597014925 0.0155 0.03656716417910448
3 0.58 0.3977611940298508 0.007 0.029850746268656716
3 0.5755 0.3925373134328358 0.0055 0.027611940298507463
2 0.5555 0.34253731343283583 0.0105 0.03134328358208955
3 0.557 0.3238805970149254 0.0105 0.03283582089552239
3 0.1835 0.3582089552238806 0.013 0.05970149253731343
2 0.215 0.3798507462686567 0.022 0.05373134328358209
3 0.2165 0.35447761194029853 0.012 0.03955223880597015
2 0.2385 0.35074626865671643 0.0155 0.04477611940298507
3 0.2395 0.33059701492537313 0.0115 0.03656716417910448
3 0.2365 0.31044776119402984 0.006 0.009701492537313432
2 0.265 0.3291044776119403 0.014 0.04626865671641791
3 0.2655 0.3082089552238806 0.009 0.03134328358208955