1 0.457 0.32313432835820893 0.0465 0.09104477611940298
1 0.2175 0.35149253731343283 0.0595 0.1044776119402985
1 0.8595 0.41492537313432837 0.0845 0.10970149253731343
1 0.944 0.9298507462686567 0.112 0.14029850746268657
1 0.6405 0.2373134328358209 0.0505 0.06940298507462686
1 0.5695 0.20970149253731343 0.0365 0.05223880597014925
1 0.6125 0.18880597014925374 0.0335 0.04477611940298507
1 0.4065 0.23880597014925373 0.0415 0.07238805970149254
1 0.247 0.26119402985074625 0.0545 0.06791044776119402
2 0.1495 0.6485074626865671 0.0455 0.1044776119402985
2 0.067 0.5335820895522388 0.038 0.08134328358208955
2 0.1105 0.4164179104477612 0.025 0.06044776119402985
2 0.2665 0.3776119402985075 0.017 0.058208955223880594
2 0.546 0.3522388059701492 0.0425 0.05895522388059701
2 0.0125 0.4462686567164179 0.025 0.06194029850746269
2 0.099 0.3611940298507463 0.03 0.05373134328358209
2 0.1365 0.35895522388059703 0.026 0.049253731343283584
3 0.148 0.594776119402985 0.0375 0.08134328358208955
3 0.064 0.49701492537313435 0.035 0.07686567164179105
3 0.095 0.33059701492537313 0.013 0.05373134328358209
3 0.108 0.3880597014925373 0.0205 0.058208955223880594
3 0.2665 0.34253731343283583 0.025 0.04626865671641791
3 0.549 0.3283582089552239 0.0235 0.05522388059701493
3 0.133 0.3276119402985075 0.022 0.033582089552238806