1 0.4645 0.6970149253731344 0.3535 0.3291044776119403
1 0.039 0.9186567164179105 0.0775 0.1626865671641791
1 0.462 0.09402985074626866 0.0735 0.1417910447761194
4 0.0845 0.7261194029850746 0.169 0.2992537313432836
2 0.84 0.6246268656716418 0.138 0.12985074626865672
2 0.321 0.9664179104477612 0.0605 0.06716417910447761
2 0.241 0.6313432835820896 0.1105 0.1253731343283582
2 0.578 0.30522388059701494 0.0375 0.11492537313432835
2 0.53 0.258955223880597 0.0435 0.11641791044776119
2 0.4655 0.23955223880597015 0.0375 0.11641791044776119
2 0.6775 0.5335820895522388 0.125 0.10895522388059702
2 0.8915 0.5343283582089552 0.0995 0.09850746268656717
2 0.848 0.48582089552238805 0.1255 0.11791044776119403
3 0.5825 0.22761194029850745 0.037 0.10746268656716418
3 0.533 0.2 0.036 0.08507462686567165
3 0.466 0.17537313432835822 0.03 0.08955223880597014
3 0.4685 0.9507462686567164 0.0685 0.09776119402985074
3 0.329 0.8835820895522388 0.0705 0.20522388059701493
3 0.2465 0.941044776119403 0.0805 0.11716417910447761
3 0.1715 0.8604477611940299 0.061 0.1761194029850746
3 0.8535 0.5880597014925373 0.053 0.16119402985074627
3 0.6815 0.49850746268656715 0.0555 0.15223880597014924
3 0.858 0.4462686567164179 0.052 0.15223880597014924
3 0.536 0.5111940298507462 0.0595 0.12686567164179105
3 0.452 0.467910447761194 0.042 0.14776119402985075
3 0.202 0.5261194029850746 0.032 0.15970149253731344
3 0.1735 0.5231343283582089 0.058 0.16865671641791044
3 0.099 0.4992537313432836 0.0495 0.15074626865671642
1 0.9275 0.9686567164179104 0.145 0.06194029850746269