1 0.429 0.44776119402985076 0.0825 0.21417910447761193
1 0.351 0.3686567164179104 0.063 0.13955223880597015
1 0.3235 0.29701492537313434 0.044 0.06567164179104477
1 0.3585 0.28432835820895525 0.036 0.05
1 0.172 0.3238805970149254 0.036 0.08507462686567165
1 0.952 0.48208955223880595 0.096 0.15970149253731344
1 0.894 0.42014925373134326 0.1085 0.11940298507462686
1 0.7675 0.3925373134328358 0.096 0.09925373134328358
1 0.6305 0.3440298507462687 0.0835 0.0955223880597015
3 0.1225 0.5447761194029851 0.052 0.15522388059701492
2 0.111 0.55 0.134 0.10671641791044777