1 0.626 0.34626865671641793 0.08 0.11194029850746269
2 0.928 0.8858208955223881 0.144 0.1761194029850746
2 0.4135 0.7440298507462687 0.1145 0.11865671641791045
4 0.7315 0.29850746268656714 0.087 0.17388059701492536
3 0.5015 0.9619402985074627 0.087 0.07611940298507462
2 0.7505 0.5694029850746268 0.079 0.1
4 0.297 0.5992537313432836 0.226 0.21044776119402986
2 0.0295 0.6507462686567164 0.059 0.11940298507462686
1 0.793 0.2619402985074627 0.0365 0.05223880597014925
4 0.8035 0.21492537313432836 0.042 0.0873134328358209
2 0.2265 0.6753731343283582 0.075 0.13059701492537312
3 0.042 0.6074626865671642 0.04 0.14477611940298507
1 0.387 0.5425373134328358 0.149 0.15223880597014924
3 0.219 0.6298507462686567 0.0285 0.13507462686567165
3 0.4165 0.7 0.0365 0.1626865671641791
3 0.752 0.5313432835820896 0.023 0.11716417910447761
3 0.769 0.5358208955223881 0.03 0.11044776119402985
3 0.9345 0.826865671641791 0.0605 0.2253731343283582
3 0.4735 0.4925373134328358 0.0325 0.1
3 0.46 0.48208955223880595 0.0255 0.0962686567164179
3 0.1095 0.49477611940298505 0.034 0.050746268656716415
2 0.1115 0.5529850746268656 0.045 0.09402985074626866