1 0.7555 0.5231343283582089 0.1485 0.2902985074626866
1 0.4615 0.5388059701492537 0.1535 0.25970149253731345
1 0.824 0.3485074626865672 0.0695 0.08507462686567165
1 0.1575 0.8216417910447761 0.315 0.3567164179104478
4 0.7355 0.2791044776119403 0.1 0.17761194029850746
0 0.8815 0.2619402985074627 0.0685 0.13208955223880597
2 0.814 0.9485074626865672 0.0765 0.10298507462686567
2 0.364 0.8477611940298507 0.0625 0.2082089552238806
2 0.4505 0.7716417910447761 0.0495 0.18955223880597014
2 0.3395 0.5671641791044776 0.0505 0.11119402985074626
2 0.571 0.6664179104477612 0.046 0.13059701492537312
2 0.895 0.6992537313432836 0.0315 0.10298507462686567
2 0.852 0.641044776119403 0.043 0.13059701492537312
2 0.893 0.5380597014925373 0.0205 0.07611940298507462
2 0.018 0.7843283582089552 0.0355 0.15
2 0.1385 0.6850746268656717 0.0405 0.08059701492537313
3 0.242 0.6186567164179104 0.0445 0.08507462686567165
3 0.354 0.8171641791044776 0.0595 0.20373134328358208
3 0.371 0.7865671641791044 0.042 0.2007462686567164
3 0.433 0.7395522388059701 0.061 0.15970149253731344
3 0.817 0.8723880597014926 0.0585 0.1880597014925373
3 0.8125 0.8604477611940299 0.056 0.1880597014925373
3 0.3015 0.9470149253731344 0.07 0.10597014925373134
3 0.3345 0.5380597014925373 0.0345 0.12611940298507462
3 0.1475 0.6402985074626866 0.037 0.11119402985074626
3 0.1745 0.6343283582089553 0.034 0.10597014925373134
3 0.0385 0.7074626865671642 0.0545 0.14850746268656717
3 0.902 0.47238805970149256 0.042 0.08955223880597014
3 0.5835 0.5067164179104477 0.0535 0.09104477611940298
3 0.571 0.5880597014925373 0.038 0.10298507462686567