1 0.457 0.8029850746268656 0.344 0.3940298507462687
1 0.734 0.408955223880597 0.2835 0.3529850746268657
1 0.454 0.08582089552238806 0.117 0.17164179104477612
2 0.837 0.8328358208955224 0.1595 0.14477611940298507
2 0.951 0.7798507462686567 0.098 0.14477611940298507
2 0.568 0.5194029850746269 0.1105 0.17238805970149254
2 0.5645 0.24328358208955222 0.066 0.12835820895522387
2 0.544 0.14850746268656717 0.034 0.09477611940298507
2 0.357 0.1783582089552239 0.034 0.08880597014925373
2 0.3335 0.15597014925373134 0.0325 0.07388059701492537
2 0.271 0.4171641791044776 0.033 0.1253731343283582
2 0.2365 0.16492537313432837 0.044 0.08582089552238806
2 0.1755 0.11492537313432835 0.029 0.05
2 0.17 0.21567164179104478 0.0365 0.10298507462686567
2 0.023 0.4097014925373134 0.046 0.09925373134328358
3 0.574 0.4746268656716418 0.0485 0.1373134328358209
3 0.866 0.7828358208955224 0.086 0.21567164179104478
3 0.959 0.7253731343283583 0.0805 0.16119402985074627
3 0.5755 0.15074626865671642 0.0355 0.09029850746268657
3 0.2655 0.35149253731343283 0.0425 0.11791044776119403
3 0.3575 0.12238805970149254 0.021 0.07985074626865672
3 0.326 0.11044776119402985 0.033 0.1044776119402985
3 0.2445 0.13059701492537312 0.038 0.09477611940298507
3 0.021 0.33955223880597013 0.042 0.10373134328358209