1 0.5525 0.42686567164179107 0.075 0.12611940298507462
1 0.421 0.4753731343283582 0.0815 0.1335820895522388
1 0.446 0.38283582089552237 0.061 0.08880597014925373
0 0.0355 0.5738805970149253 0.071 0.2373134328358209
2 0.9065 0.46567164179104475 0.0865 0.0708955223880597
2 0.286 0.6902985074626866 0.102 0.08134328358208955
2 0.3745 0.6440298507462686 0.0295 0.06417910447761194
2 0.4565 0.5738805970149253 0.0275 0.09029850746268657
2 0.57 0.5261194029850746 0.0465 0.0962686567164179
2 0.1525 0.6179104477611941 0.0725 0.1044776119402985
2 0.256 0.5835820895522388 0.066 0.08582089552238806
2 0.3425 0.5194029850746269 0.0255 0.06865671641791045
2 0.299 0.5097014925373134 0.053 0.08582089552238806
2 0.187 0.5574626865671641 0.0655 0.07985074626865672
2 0.114 0.567910447761194 0.0695 0.08582089552238806
3 0.91 0.43208955223880596 0.021 0.08283582089552238
3 0.893 0.4298507462686567 0.018 0.08283582089552238
3 0.453 0.5208955223880597 0.0275 0.08582089552238806
3 0.3765 0.5940298507462687 0.0435 0.08582089552238806
3 0.288 0.6716417910447762 0.0365 0.13656716417910447
3 0.243 0.5507462686567164 0.0385 0.13656716417910447
3 0.3415 0.48582089552238805 0.022 0.10746268656716418
3 0.302 0.4716417910447761 0.0345 0.10298507462686567
3 0.18 0.5477611940298508 0.022 0.11044776119402985
3 0.1505 0.591044776119403 0.035 0.11791044776119403
3 0.0975 0.48656716417910445 0.0015 0.0029850746268656717