3 0.108 0.49701492537313435 0.0335 0.07238805970149254
3 0.234 0.3850746268656716 0.026 0.05522388059701493
3 0.3155 0.3850746268656716 0.0265 0.05447761194029851
3 0.5935 0.5694029850746268 0.032 0.06119402985074627
3 0.69 0.5597014925373134 0.0275 0.07761194029850746
3 0.632 0.5328358208955224 0.0345 0.0791044776119403
3 0.679 0.6955223880597015 0.036 0.09477611940298507
3 0.7235 0.6835820895522388 0.033 0.09179104477611941
3 0.791 0.7492537313432835 0.0445 0.0955223880597015
3 0.935 0.823134328358209 0.065 0.12388059701492538
3 0.697 0.8679104477611941 0.047 0.11119402985074626
3 0.792 0.9022388059701493 0.047 0.14328358208955225
3 0.9045 0.9283582089552239 0.051 0.14328358208955225
3 0.9285 0.9559701492537314 0.06 0.0873134328358209
1 0.49 0.467910447761194 0.0655 0.12238805970149254
1 0.435 0.2671641791044776 0.033 0.056716417910447764
2 0.3145 0.4208955223880597 0.0225 0.0664179104477612
2 0.1055 0.5455223880597015 0.0295 0.08358208955223881
2 0.234 0.41865671641791047 0.024 0.05970149253731343
2 0.675 0.7305970149253731 0.0345 0.11417910447761194
2 0.7215 0.7283582089552239 0.046 0.1126865671641791
2 0.694 0.914179104477612 0.0625 0.1708955223880597
2 0.793 0.9253731343283582 0.0705 0.14477611940298507
2 0.899 0.9470149253731344 0.083 0.10522388059701493
2 0.926 0.8477611940298507 0.0515 0.14850746268656717
2 0.59 0.6007462686567164 0.0335 0.09850746268656717
2 0.6325 0.5604477611940298 0.0335 0.0873134328358209
2 0.6885 0.594776119402985 0.0345 0.0873134328358209
3 0.661 0.44477611940298506 0.022 0.0873134328358209