1 0.1815 0.5074626865671642 0.309 0.35895522388059703
1 0.48 0.23432835820895523 0.0905 0.22313432835820896
1 0.485 0.02164179104477612 0.057 0.04328358208955224
3 0.683 0.12238805970149254 0.023 0.1328358208955224
3 0.5585 0.43134328358208956 0.04 0.10298507462686567
3 0.48 0.4059701492537313 0.035 0.09477611940298507
3 0.6235 0.2873134328358209 0.0315 0.10746268656716418
3 0.854 0.3783582089552239 0.0285 0.16716417910447762
2 0.478 0.4880597014925373 0.039 0.13582089552238805
2 0.5555 0.5171641791044777 0.0475 0.14253731343283582
2 0.1825 0.7649253731343284 0.146 0.15597014925373134
2 0.125 0.24402985074626865 0.076 0.0873134328358209
2 0.624 0.3537313432835821 0.03 0.07985074626865672
2 0.778 0.13582089552238805 0.023 0.08880597014925373
2 0.9195 0.8955223880597015 0.131 0.208955223880597
3 0.935 0.8716417910447761 0.047 0.21417910447761193
2 0.782 0.21791044776119403 0.0385 0.11641791044776119
2 0.4095 0.011940298507462687 0.019 0.023880597014925373