1 0.262 0.6276119402985074 0.1035 0.19029850746268656
1 0.108 0.8149253731343283 0.1715 0.29701492537313434
1 0.907 0.8828358208955224 0.186 0.23432835820895523
3 0.1235 0.5708955223880597 0.0315 0.07611940298507462
3 0.1085 0.43582089552238806 0.026 0.07014925373134329
3 0.194 0.48507462686567165 0.034 0.0873134328358209
3 0.213 0.3888059701492537 0.023 0.04328358208955224
3 0.3655 0.32686567164179103 0.014 0.03208955223880597
3 0.9805 0.95 0.039 0.1
3 0.64 0.3723880597014925 0.016 0.06791044776119402
2 0.3645 0.3567164179104478 0.011 0.04253731343283582
2 0.12 0.6238805970149254 0.0475 0.1
2 0.1855 0.5208955223880597 0.0355 0.07164179104477612
2 0.1105 0.5291044776119403 0.0205 0.07164179104477612
2 0.2095 0.4246268656716418 0.019 0.05373134328358209