1 0.357 0.49477611940298505 0.0685 0.13656716417910447
1 0.087 0.8373134328358209 0.174 0.3253731343283582
1 0.3045 0.8768656716417911 0.181 0.2462686567164179
1 0.2045 0.6350746268656716 0.1335 0.21194029850746268
1 0.2535 0.47388059701492535 0.1025 0.14776119402985075
1 0.2615 0.3895522388059702 0.0685 0.08208955223880597
1 0.368 0.26417910447761195 0.037 0.06417910447761194
1 0.298 0.30970149253731344 0.0535 0.058208955223880594
1 0.2965 0.367910447761194 0.0455 0.08358208955223881
1 0.311 0.27313432835820894 0.04 0.05149253731343283
1 0.329 0.23283582089552238 0.032 0.05522388059701493
1 0.372 0.20298507462686566 0.029 0.029850746268656716
1 0.3655 0.18059701492537314 0.027 0.03582089552238806
1 0.385 0.14701492537313432 0.0225 0.022388059701492536
1 0.4125 0.15597014925373134 0.0225 0.029850746268656716
2 0.0465 0.6985074626865672 0.056 0.11492537313432835
2 0.136 0.5634328358208955 0.04 0.08955223880597014
2 0.0805 0.5514925373134328 0.0375 0.0880597014925373
2 0.006 0.6216417910447761 0.0115 0.08880597014925373
2 0.176 0.40746268656716417 0.0305 0.0664179104477612
2 0.1995 0.3641791044776119 0.0185 0.05373134328358209
3 0.082 0.5194029850746269 0.028 0.10671641791044777
3 0.1625 0.9738805970149254 0.0565 0.05223880597014925
3 0.174 0.9522388059701492 0.0485 0.0955223880597015
3 0.0505 0.6477611940298508 0.044 0.11194029850746269
3 0.006 0.5761194029850746 0.0115 0.09328358208955224
3 0.128 0.5313432835820896 0.036 0.09776119402985074
3 0.1335 0.4462686567164179 0.025 0.05970149253731343
3 0.176 0.3701492537313433 0.025 0.048507462686567165
3 0.1995 0.33880597014925373 0.0215 0.05149253731343283
3 0.244 0.33507462686567163 0.0255 0.03805970149253731