1 0.455 0.8343283582089552 0.132 0.2417910447761194
1 0.684 0.667910447761194 0.1005 0.20373134328358208
1 0.853 0.8097014925373134 0.15 0.2917910447761194
1 0.575 0.3567164179104478 0.0495 0.09402985074626866
1 0.655 0.27313432835820894 0.0365 0.05298507462686567
1 0.7075 0.26492537313432835 0.04 0.06343283582089553
1 0.6045 0.1947761194029851 0.028 0.041044776119402986
2 0.8945 0.6350746268656716 0.043 0.09029850746268657
2 0.9 0.5276119402985074 0.0375 0.09029850746268657
2 0.7935 0.43134328358208956 0.0365 0.06940298507462686
2 0.688 0.4835820895522388 0.034 0.07388059701492537
2 0.251 0.8731343283582089 0.057 0.15
2 0.1165 0.9537313432835821 0.082 0.09179104477611941
2 0.374 0.6477611940298508 0.029 0.09701492537313433
2 0.4325 0.5477611940298508 0.0355 0.06940298507462686
2 0.359 0.6014925373134329 0.0355 0.0708955223880597
2 0.733 0.4134328358208955 0.023 0.06343283582089553
2 0.833 0.40373134328358207 0.0275 0.07238805970149254
3 0.8995 0.4746268656716418 0.0275 0.0708955223880597
3 0.8955 0.6007462686567164 0.038 0.11940298507462686
3 0.687 0.44925373134328356 0.034 0.06343283582089553
3 0.7345 0.376865671641791 0.0225 0.05447761194029851
3 0.7985 0.40746268656716417 0.025 0.06791044776119402
3 0.829 0.3664179104477612 0.0225 0.04253731343283582
3 0.4295 0.5186567164179104 0.0425 0.06044776119402985
3 0.372 0.6059701492537314 0.0325 0.0708955223880597
3 0.3435 0.7455223880597015 0.053 0.09029850746268657
3 0.252 0.8216417910447761 0.0355 0.07388059701492537
3 0.11 0.8126865671641791 0.0355 0.15
3 0.128 0.9440298507462687 0.058 0.11194029850746269
3 0.11 0.9514925373134329 0.0665 0.09701492537313433
2 0.3455 0.8044776119402985 0.039 0.13432835820895522