1 0.5905 0.2716417910447761 0.054 0.04253731343283582
1 0.488 0.24253731343283583 0.044 0.04701492537313433
1 0.387 0.3440298507462687 0.0595 0.06417910447761194
2 0.72 0.3029850746268657 0.0305 0.041791044776119404
2 0.6215 0.3126865671641791 0.042 0.04402985074626865
2 0.1185 0.517910447761194 0.033 0.07761194029850746
2 0.062 0.5619402985074626 0.057 0.08059701492537313
2 0.0515 0.4007462686567164 0.0325 0.057462686567164176
2 0.0985 0.3716417910447761 0.022 0.03955223880597015
2 0.0115 0.41194029850746267 0.023 0.06194029850746269
2 0.209 0.4097014925373134 0.048 0.06492537313432836
2 0.116 0.4425373134328358 0.0255 0.05447761194029851
2 0.143 0.4544776119402985 0.036 0.05298507462686567
3 0.0635 0.5156716417910447 0.0255 0.1
3 0.125 0.40373134328358207 0.0205 0.04701492537313433
3 0.144 0.43208955223880596 0.015 0.07985074626865672
3 0.213 0.3850746268656716 0.019 0.06119402985074627
3 0.0475 0.9216417910447762 0.0565 0.13955223880597015