1 0.649 0.6358208955223881 0.2115 0.3402985074626866
1 0.4305 0.30149253731343284 0.087 0.14776119402985075
0 0.2645 0.18208955223880596 0.0575 0.10074626865671642
1 0.448 0.46044776119402986 0.1045 0.23656716417910448
1 0.7115 0.28880597014925374 0.1545 0.10298507462686567
1 0.8205 0.4126865671641791 0.127 0.18955223880597014
2 0.444 0.6701492537313433 0.0735 0.25522388059701495
3 0.448 0.6156716417910447 0.0285 0.13059701492537312
3 0.161 0.4455223880597015 0.0485 0.10970149253731343
3 0.102 0.5932835820895522 0.038 0.1865671641791045
3 0.2525 0.47238805970149256 0.0325 0.1126865671641791
3 0.3525 0.3880597014925373 0.0285 0.08507462686567165
3 0.546 0.2791044776119403 0.0135 0.09925373134328358
3 0.627 0.4298507462686567 0.0455 0.11194029850746269
3 0.779 0.6932835820895522 0.0395 0.13880597014925372
3 0.091 0.33880597014925373 0.032 0.0626865671641791
3 0.857 0.48507462686567165 0.031 0.12313432835820895
3 0.96 0.26119402985074625 0.0155 0.09402985074626866
3 0.98 0.29850746268656714 0.0215 0.07313432835820896
3 0.8665 0.6902985074626866 0.0405 0.11417910447761194
2 0.7705 0.8 0.0825 0.11119402985074626
2 0.336 0.5261194029850746 0.062 0.0880597014925373
2 0.8365 0.5649253731343283 0.0695 0.07537313432835821
2 0.8725 0.8082089552238806 0.0715 0.13134328358208955
2 0.986 0.6082089552238806 0.028 0.1746268656716418