1 0.416 0.891044776119403 0.131 0.191044776119403
1 0.6115 0.43134328358208956 0.0235 0.03955223880597015
0 0.637 0.46119402985074626 0.0495 0.1328358208955224
4 0.963 0.6037313432835821 0.074 0.1619402985074627
2 0.1395 0.8820895522388059 0.049 0.10149253731343283
3 0.134 0.8455223880597015 0.022 0.057462686567164176
2 0.247 0.7164179104477612 0.0345 0.06044776119402985
2 0.354 0.7074626865671642 0.032 0.07164179104477612
3 0.352 0.6694029850746268 0.016 0.04253731343283582
3 0.235 0.6917910447761194 0.0145 0.04701492537313433
3 0.2475 0.6813432835820895 0.012 0.05