1 0.259 0.8828358208955224 0.1505 0.23432835820895523
1 0.3455 0.4126865671641791 0.0515 0.11417910447761194
1 0.551 0.46417910447761196 0.065 0.11417910447761194
1 0.3925 0.22164179104477613 0.023 0.049253731343283584
0 0.478 0.33805970149253733 0.057 0.13432835820895522
2 0.7105 0.7888059701492537 0.044 0.13059701492537312
2 0.665 0.6574626865671642 0.0275 0.05895522388059701
2 0.638 0.5514925373134328 0.024 0.06044776119402985
2 0.611 0.4619402985074627 0.0145 0.04552238805970149
2 0.748 0.755223880597015 0.0305 0.07388059701492537
2 0.9275 0.9552238805970149 0.063 0.08955223880597014
3 0.663 0.6156716417910447 0.033 0.09850746268656717
3 0.6075 0.43134328358208956 0.0185 0.05223880597014925
3 0.638 0.5104477611940299 0.018 0.0708955223880597
3 0.751 0.6932835820895522 0.0285 0.0962686567164179
3 0.717 0.755223880597015 0.035 0.12313432835820895
3 0.9335 0.9395522388059702 0.0515 0.11865671641791045
3 0.423 0.9723880597014926 0.048 0.05522388059701493
3 0.02 0.6917910447761194 0.0305 0.13582089552238805
3 0.1445 0.505223880597015 0.022 0.049253731343283584
3 0.221 0.5343283582089552 0.0295 0.07238805970149254
3 0.23 0.44328358208955226 0.025 0.07313432835820896
3 0.201 0.3776119402985075 0.01 0.04552238805970149
3 0.1735 0.3783582089552239 0.016 0.06343283582089553
2 0.0185 0.7395522388059701 0.037 0.11492537313432835
2 0.1415 0.5492537313432836 0.0325 0.09402985074626866
2 0.219 0.5865671641791045 0.0325 0.09850746268656717
2 0.2265 0.46492537313432836 0.0295 0.07164179104477612
2 0.266 0.42686567164179107 0.0125 0.05895522388059701
2 0.17 0.3932835820895522 0.026 0.06044776119402985
3 0.2675 0.3932835820895522 0.0135 0.03656716417910448
3 0.9315 0.5835820895522388 0.021 0.09253731343283582
3 0.2665 0.3649253731343284 0.0175 0.03582089552238806
3 0.255 0.33805970149253733 0.0165 0.03656716417910448
2 0.251 0.37089552238805973 0.015 0.05522388059701493
2 0.262 0.3888059701492537 0.018 0.04477611940298507
2 0.2855 0.3201492537313433 0.0175 0.048507462686567165
3 0.287 0.29701492537313434 0.01 0.024626865671641792