1 0.5175 0.7597014925373134 0.096 0.13582089552238805
1 0.171 0.7902985074626866 0.083 0.17537313432835822
1 0.401 0.4828358208955224 0.0285 0.04776119402985075
1 0.3575 0.4843283582089552 0.034 0.05223880597014925
4 0.3865 0.6171641791044776 0.065 0.15746268656716417
4 0.03 0.8328358208955224 0.06 0.33432835820895523
2 0.8165 0.8955223880597015 0.043 0.0955223880597015
2 0.829 0.7634328358208955 0.0365 0.050746268656716415
2 0.9885 0.8619402985074627 0.0225 0.0664179104477612
3 0.826 0.8805970149253731 0.0325 0.0880597014925373
3 0.8165 0.8671641791044776 0.025 0.09402985074626866
3 0.8315 0.741044776119403 0.021 0.0664179104477612