1 0.182 0.8708955223880597 0.3585 0.2582089552238806
1 0.311 0.3917910447761194 0.1395 0.12462686567164179
1 0.147 0.46567164179104475 0.146 0.1761194029850746
1 0.5155 0.48134328358208955 0.11 0.16940298507462687
1 0.4675 0.3492537313432836 0.0785 0.1208955223880597
1 0.5705 0.40223880597014927 0.0605 0.1126865671641791
0 0.6475 0.47388059701492535 0.142 0.2955223880597015
3 0.5405 0.6276119402985074 0.04 0.12462686567164179
3 0.625 0.8186567164179105 0.0485 0.14776119402985075
3 0.69 0.6753731343283582 0.046 0.1291044776119403
3 0.7625 0.517910447761194 0.0365 0.06044776119402985
3 0.7765 0.8574626865671642 0.0735 0.15522388059701492