2 0.736 0.6052238805970149 0.0605 0.07313432835820896
2 0.8825 0.9149253731343283 0.048 0.15597014925373134
2 0.3115 0.7783582089552239 0.0385 0.11044776119402985
2 0.2485 0.844776119402985 0.028 0.10597014925373134
1 0.3825 0.47238805970149256 0.086 0.15597014925373134
1 0.5765 0.7716417910447761 0.1795 0.2455223880597015
1 0.5405 0.9805970149253731 0.19 0.03880597014925373
1 0.907 0.7156716417910448 0.186 0.2619402985074627
1 0.257 0.3701492537313433 0.054 0.09402985074626866
1 0.2755 0.2791044776119403 0.0395 0.07611940298507462
1 0.2505 0.24029850746268658 0.0325 0.06194029850746269
1 0.1915 0.22238805970149253 0.0255 0.0664179104477612
1 0.3565 0.2917910447761194 0.0495 0.07164179104477612
0 0.4165 0.25671641791044775 0.0795 0.11044776119402985
3 0.7385 0.5597014925373134 0.0315 0.08208955223880597
3 0.8915 0.8567164179104477 0.04 0.1335820895522388
3 0.31 0.7067164179104478 0.04 0.12164179104477611
3 0.2455 0.767910447761194 0.036 0.11044776119402985
3 0.2535 0.9925373134328358 0.067 0.014925373134328358
3 0.183 0.42686567164179107 0.019 0.055970149253731345
3 0.211 0.3082089552238806 0.018 0.04402985074626865
3 0.1705 0.3328358208955224 0.0215 0.05298507462686567
3 0.194 0.3776119402985075 0.024 0.05447761194029851