2 0.83 0.7955223880597015 0.0865 0.09850746268656717
2 0.548 0.5813432835820895 0.0545 0.07835820895522388
2 0.022 0.7559701492537313 0.044 0.1
2 0.0235 0.6238805970149254 0.044 0.08955223880597014
3 0.55 0.5343283582089552 0.0195 0.06791044776119402
3 0.565 0.5537313432835821 0.0185 0.08283582089552238
3 0.8425 0.7649253731343284 0.038 0.1373134328358209
3 0.8635 0.7544776119402985 0.018 0.10820895522388059
3 0.0305 0.7014925373134329 0.0285 0.10671641791044777
3 0.008 0.7111940298507463 0.016 0.1
3 0.023 0.5843283582089552 0.0295 0.07835820895522388