2 0.707 0.2753731343283582 0.0405 0.04402985074626865
2 0.593 0.2783582089552239 0.0415 0.03805970149253731
2 0.771 0.28432835820895525 0.0485 0.041044776119402986
2 0.9155 0.35895522388059703 0.045 0.05149253731343283
2 0.873 0.37910447761194027 0.044 0.03507462686567164
3 0.8745 0.3111940298507463 0.017 0.05
3 0.876 0.3597014925373134 0.022 0.06194029850746269
3 0.9105 0.34626865671641793 0.0145 0.06492537313432836
3 0.594 0.26119402985074625 0.0185 0.048507462686567165
3 0.7045 0.2544776119402985 0.018 0.04552238805970149
3 0.774 0.26119402985074625 0.0145 0.04253731343283582
3 0.382 0.25 0.0145 0.04253731343283582
2 0.994 0.40373134328358207 0.012 0.06194029850746269