3 0.0945 0.41119402985074627 0.026 0.1373134328358209
3 0.668 0.514179104477612 0.036 0.1328358208955224
3 0.5695 0.28880597014925374 0.0195 0.04626865671641791
3 0.627 0.28134328358208954 0.022 0.04029850746268657
3 0.802 0.27238805970149255 0.0245 0.04328358208955224
3 0.852 0.2537313432835821 0.0165 0.03880597014925373
3 0.776 0.22462686567164178 0.0165 0.041044776119402986
2 0.569 0.3358208955223881 0.023 0.07388059701492537
2 0.6245 0.32611940298507464 0.021 0.0664179104477612
2 0.8005 0.31492537313432833 0.021 0.048507462686567165
2 0.7745 0.25597014925373135 0.0175 0.033582089552238806
2 0.8495 0.2873134328358209 0.017 0.03731343283582089
2 0.827 0.26791044776119405 0.0145 0.03134328358208955
2 0.667 0.5529850746268656 0.072 0.1291044776119403
2 0.2715 0.3111940298507463 0.034 0.06044776119402985
2 0.2995 0.2947761194029851 0.0205 0.04701492537313433
2 0.1375 0.26791044776119405 0.024 0.04328358208955224
2 0.006 0.25223880597014925 0.012 0.056716417910447764