0 0.305 0.7291044776119403 0.61 0.5365671641791044
1 0.5165 0.12164179104477611 0.072 0.12686567164179105
2 0.671 0.6664179104477612 0.123 0.13507462686567165
2 0.9565 0.7902985074626866 0.087 0.12985074626865672
2 0.739 0.2671641791044776 0.035 0.09776119402985074
2 0.722 0.11417910447761194 0.0265 0.07537313432835821
2 0.776 0.1865671641791045 0.029 0.06044776119402985
2 0.43 0.28880597014925374 0.027 0.10522388059701493
3 0.6925 0.6104477611940299 0.05 0.11865671641791045
3 0.174 0.9574626865671642 0.06 0.08507462686567165
3 0.7855 0.2701492537313433 0.0225 0.11343283582089553
3 0.6235 0.09104477611940298 0.0265 0.04776119402985075
3 0.4905 0.19776119402985073 0.026 0.05223880597014925
3 0.43 0.22238805970149253 0.025 0.04477611940298507
3 0.438 0.10522388059701493 0.021 0.041044776119402986