1 0.662 0.8753731343283582 0.21 0.24925373134328357
1 0.907 0.8791044776119403 0.186 0.2417910447761194
1 0.309 0.8932835820895523 0.135 0.2126865671641791
1 0.4845 0.46940298507462686 0.066 0.11492537313432835
1 0.5785 0.5223880597014925 0.0815 0.10298507462686567
2 0.123 0.7865671641791044 0.0355 0.12313432835820895
2 0.0725 0.7119402985074627 0.0265 0.11567164179104478
2 0.1805 0.5850746268656717 0.0405 0.09850746268656717
2 0.2975 0.43507462686567167 0.0265 0.06044776119402985
3 0.132 0.7074626865671642 0.041 0.06716417910447761
3 0.083 0.6305970149253731 0.0355 0.06865671641791045
3 0.1825 0.5261194029850746 0.0245 0.04253731343283582
2 0.8515 0.9343283582089552 0.0645 0.13059701492537312
2 0.7025 0.7305970149253731 0.03 0.07388059701492537