0 0.3875 0.1335820895522388 0.0315 0.05970149253731343
2 0.1945 0.2544776119402985 0.015 0.04328358208955224
2 0.8215 0.2626865671641791 0.02 0.05373134328358209
1 0.456 0.16791044776119404 0.0255 0.034328358208955224
2 0.3805 0.258955223880597 0.0135 0.04552238805970149
0 0.4155 0.1619402985074627 0.0265 0.08432835820895522
1 0.289 0.17238805970149254 0.0265 0.03731343283582089
2 0.347 0.26119402985074625 0.017 0.0626865671641791
2 0.4315 0.24328358208955222 0.0205 0.06343283582089553
2 0.3625 0.22014925373134328 0.0125 0.05298507462686567
2 0.378 0.20671641791044776 0.013 0.04552238805970149
2 0.8735 0.24104477611940298 0.024 0.05298507462686567
2 0.7905 0.19925373134328359 0.0175 0.07014925373134329
2 0.7235 0.15597014925373134 0.0165 0.03805970149253731
2 0.2785 0.23059701492537313 0.015 0.05298507462686567
2 0.2995 0.22313432835820896 0.0185 0.06417910447761194
2 0.3175 0.22164179104477613 0.0115 0.06343283582089553
2 0.2195 0.19029850746268656 0.012 0.04776119402985075
1 0.464 0.14402985074626865 0.0245 0.04029850746268657
1 0.4655 0.12313432835820895 0.0245 0.033582089552238806
1 0.457 0.10895522388059702 0.0265 0.033582089552238806
1 0.4585 0.09029850746268657 0.0175 0.025373134328358207
1 0.4415 0.07462686567164178 0.0115 0.019402985074626865
1 0.434 0.11119402985074626 0.0155 0.029104477611940297
1 0.3675 0.07985074626865672 0.014 0.029850746268656716
1 0.3815 0.06791044776119402 0.0095 0.024626865671641792