1 0.3935 0.6776119402985075 0.1815 0.2417910447761194
1 0.1695 0.6805970149253732 0.198 0.24253731343283583
1 0.5575 0.7283582089552239 0.1425 0.22164179104477613
1 0.1035 0.9626865671641791 0.207 0.07462686567164178
1 0.4385 0.458955223880597 0.1025 0.11791044776119403
1 0.545 0.5171641791044777 0.0945 0.1208955223880597
1 0.613 0.41940298507462687 0.0895 0.10373134328358209
1 0.655 0.32985074626865674 0.0575 0.09776119402985074
1 0.661 0.25149253731343285 0.0415 0.07686567164179105
1 0.7225 0.2947761194029851 0.044 0.06119402985074627
0 0.564 0.2902985074626866 0.1405 0.20298507462686566
0 0.5105 0.20746268656716418 0.1135 0.12761194029850748
2 0.822 0.55 0.0295 0.0664179104477612
3 0.822 0.5014925373134328 0.028 0.07388059701492537