3 0.325 0.7686567164179104 0.053 0.1791044776119403
3 0.3515 0.7604477611940299 0.05 0.2044776119402985
3 0.113 0.8649253731343284 0.0885 0.19552238805970149
3 0.146 0.8365671641791045 0.058 0.17388059701492536
3 0.1895 0.5552238805970149 0.0475 0.1373134328358209
3 0.847 0.841044776119403 0.0485 0.2208955223880597
3 0.6545 0.6253731343283582 0.047 0.15671641791044777
3 0.725 0.7097014925373134 0.044 0.21417910447761193
3 0.8195 0.7395522388059701 0.042 0.15447761194029852
3 0.9585 0.7156716417910448 0.053 0.20671641791044776
3 0.456 0.7298507462686568 0.0485 0.1761194029850746
3 0.493 0.7216417910447761 0.039 0.1373134328358209
3 0.4835 0.5559701492537313 0.05 0.15671641791044777
3 0.303 0.5231343283582089 0.05 0.15447761194029852
3 0.328 0.5097014925373134 0.0545 0.1253731343283582
3 0.442 0.503731343283582 0.0385 0.1373134328358209
3 0.43 0.22313432835820896 0.0335 0.10149253731343283
3 0.5265 0.3029850746268657 0.031 0.09179104477611941
3 0.497 0.2753731343283582 0.036 0.08208955223880597
1 0.143 0.7701492537313432 0.2845 0.332089552238806
1 0.6325 0.34776119402985073 0.1115 0.22388059701492538
1 0.4945 0.9067164179104478 0.399 0.1865671641791045
1 0.912 0.9328358208955224 0.176 0.13432835820895522
2 0.3335 0.5559701492537313 0.122 0.11791044776119403
2 0.1455 0.8768656716417911 0.1305 0.19029850746268656
2 0.339 0.7947761194029851 0.0955 0.20298507462686566
2 0.2025 0.573134328358209 0.126 0.09328358208955224
2 0.83 0.8522388059701492 0.143 0.13208955223880597
2 0.4345 0.2708955223880597 0.0455 0.10522388059701493
2 0.4515 0.13582089552238805 0.0345 0.07462686567164178
2 0.4825 0.5716417910447761 0.115 0.06791044776119402
2 0.4335 0.5447761194029851 0.0735 0.1373134328358209
2 0.774 0.7649253731343284 0.075 0.1208955223880597
2 0.9425 0.7402985074626866 0.115 0.1417910447761194
2 0.7855 0.26044776119402985 0.046 0.11492537313432835
2 0.772 0.18582089552238806 0.0345 0.058208955223880594
2 0.091 0.5305970149253731 0.126 0.1417910447761194
3 0.0735 0.49029850746268655 0.0455 0.16417910447761194