1 0.9255 0.3522388059701492 0.096 0.06492537313432836
2 0.4365 0.4835820895522388 0.0555 0.05522388059701493
2 0.8725 0.38656716417910447 0.036 0.04402985074626865
2 0.1165 0.5761194029850746 0.0485 0.0664179104477612
2 0.6065 0.3201492537313433 0.028 0.03134328358208955
1 0.3405 0.2574626865671642 0.0275 0.041791044776119404
2 0.2605 0.5246268656716417 0.0315 0.08582089552238806
2 0.029 0.5626865671641791 0.028 0.09328358208955224
2 0.1235 0.5701492537313433 0.0615 0.10298507462686567
2 0.2185 0.4880597014925373 0.065 0.07164179104477612
2 0.157 0.4701492537313433 0.0555 0.06119402985074627
2 0.1885 0.39850746268656717 0.0245 0.04701492537313433
2 0.23 0.40298507462686567 0.024 0.050746268656716415
2 0.3185 0.45223880597014926 0.031 0.07462686567164178
2 0.457 0.33432835820895523 0.0335 0.041044776119402986
2 0.014 0.4141791044776119 0.0225 0.05373134328358209
3 0.434 0.4544776119402985 0.0295 0.09477611940298507
3 0.2655 0.49477611940298505 0.0305 0.11119402985074626
3 0.315 0.4305970149253731 0.022 0.09029850746268657
3 0.3535 0.3723880597014925 0.021 0.06865671641791045
3 0.231 0.37910447761194027 0.02 0.06119402985074627
3 0.255 0.3649253731343284 0.016 0.06791044776119402
3 0.2785 0.33507462686567163 0.018 0.06716417910447761
3 0.2975 0.3291044776119403 0.017 0.06567164179104477
3 0.3285 0.34626865671641793 0.0125 0.07985074626865672
3 0.5065 0.3082089552238806 0.0105 0.03805970149253731
3 0.871 0.36268656716417913 0.0205 0.06865671641791045
3 0.0455 0.5276119402985074 0.0295 0.1417910447761194
3 0.194 0.3761194029850746 0.018 0.08507462686567165
3 0.1585 0.44328358208955226 0.0225 0.08656716417910448
3 0.2285 0.46567164179104475 0.0205 0.07611940298507462
3 0.218 0.4783582089552239 0.028 0.10223880597014925
0 0.3275 0.21119402985074626 0.0415 0.04701492537313433
1 0.302 0.26343283582089555 0.026 0.04328358208955224
1 0.4495 0.2380597014925373 0.0235 0.041044776119402986
1 0.5635 0.26865671641791045 0.0465 0.057462686567164176