0 0.2925 0.5194029850746269 0.168 0.3194029850746269
1 0.685 0.2865671641791045 0.041 0.0708955223880597
1 0.634 0.28507462686567164 0.0375 0.07238805970149254
2 0.866 0.8425373134328358 0.0415 0.12761194029850748
2 0.748 0.6052238805970149 0.024 0.08507462686567165
2 0.774 0.5455223880597015 0.0265 0.07985074626865672
2 0.699 0.5582089552238806 0.02 0.07985074626865672
2 0.7485 0.44776119402985076 0.0185 0.0626865671641791
2 0.713 0.47388059701492535 0.023 0.06417910447761194
2 0.9845 0.8477611940298507 0.0305 0.15447761194029852
2 0.948 0.5925373134328358 0.031 0.09402985074626866
2 0.7965 0.5186567164179104 0.021 0.08208955223880597
3 0.854 0.7761194029850746 0.04 0.16940298507462687
3 0.9455 0.5365671641791044 0.0215 0.07388059701492537
3 0.9275 0.6082089552238806 0.029 0.0962686567164179
3 0.795 0.4753731343283582 0.024 0.06417910447761194
3 0.9915 0.8149253731343283 0.0165 0.1701492537313433
3 0.697 0.5171641791044777 0.0265 0.09104477611940298
3 0.7455 0.5611940298507463 0.027 0.09104477611940298
3 0.771 0.5149253731343284 0.0225 0.08955223880597014
3 0.7115 0.43582089552238806 0.025 0.06567164179104477
3 0.747 0.41119402985074627 0.024 0.04701492537313433
3 0.7975 0.4208955223880597 0.024 0.04701492537313433
3 0.006 0.8679104477611941 0.0115 0.17761194029850746