1 0.6175 0.8582089552238806 0.1855 0.2835820895522388
2 0.523 0.6649253731343283 0.0375 0.13582089552238805
3 0.5275 0.6238805970149254 0.0405 0.15223880597014924
3 0.527 0.5626865671641791 0.017 0.025373134328358207
2 0.379 0.9082089552238806 0.0665 0.18358208955223881
3 0.383 0.8432835820895522 0.054 0.2044776119402985
2 0.2405 0.9216417910447762 0.075 0.15671641791044777
3 0.24 0.8902985074626866 0.058 0.20970149253731343
2 0.093 0.9611940298507463 0.088 0.07761194029850746
3 0.083 0.935820895522388 0.0585 0.12761194029850748
2 0.4365 0.5850746268656717 0.0395 0.11417910447761194
3 0.4395 0.5567164179104478 0.0285 0.12014925373134329
1 0.593 0.4044776119402985 0.069 0.11716417910447761
1 0.689 0.34328358208955223 0.062 0.11791044776119403
1 0.6325 0.28432835820895525 0.049 0.07611940298507462
2 0.5665 0.32164179104477614 0.017 0.04402985074626865
2 0.5835 0.3 0.0125 0.03955223880597015
1 0.7025 0.2373134328358209 0.031 0.05223880597014925
3 0.567 0.29776119402985074 0.015 0.04402985074626865
3 0.583 0.2716417910447761 0.013 0.04552238805970149