1 0.194 0.576865671641791 0.1795 0.30223880597014924
1 0.177 0.3977611940298508 0.1035 0.15671641791044777
1 0.2615 0.2671641791044776 0.0545 0.08432835820895522
1 0.3035 0.32238805970149254 0.052 0.10820895522388059
1 0.3815 0.2671641791044776 0.0445 0.08582089552238806
1 0.327 0.24701492537313433 0.0415 0.07238805970149254
1 0.529 0.26044776119402985 0.05 0.09925373134328358
1 0.481 0.1783582089552239 0.035 0.055970149253731345
3 0.1785 0.2417910447761194 0.021 0.03955223880597015
3 0.13 0.2902985074626866 0.013 0.034328358208955224
3 0.0105 0.43283582089552236 0.0205 0.10597014925373134
3 0.0505 0.4 0.015 0.05447761194029851
3 0.04 0.40298507462686567 0.012 0.06044776119402985
3 0.0425 0.3694029850746269 0.012 0.03507462686567164
3 0.09 0.3701492537313433 0.0105 0.03656716417910448
3 0.082 0.35149253731343283 0.0125 0.03208955223880597
3 0.116 0.3156716417910448 0.0135 0.029850746268656716
3 0.114 0.34776119402985073 0.0145 0.03731343283582089
3 0.1045 0.33955223880597013 0.0135 0.030597014925373135
3 0.1515 0.2917910447761194 0.0145 0.027611940298507463
3 0.893 0.3029850746268657 0.0145 0.07686567164179105
3 0.8815 0.28880597014925374 0.0105 0.05895522388059701
3 0.874 0.3029850746268657 0.0055 0.0873134328358209
1 0.9835 0.8940298507462686 0.0325 0.20522388059701493
2 0.0265 0.4552238805970149 0.05 0.0873134328358209
2 0.061 0.44104477611940296 0.036 0.08582089552238806
2 0.09 0.4298507462686567 0.0315 0.09029850746268657
2 0.115 0.3895522388059702 0.027 0.07611940298507462
2 0.178 0.2708955223880597 0.0195 0.06044776119402985
2 0.146 0.3238805970149254 0.0185 0.05522388059701493
2 0.129 0.3776119402985075 0.0185 0.056716417910447764
2 0.8745 0.3208955223880597 0.03 0.0626865671641791
2 0.987 0.35 0.0235 0.057462686567164176