1 0.6305 0.917910447761194 0.2155 0.16343283582089552
1 0.349 0.6843283582089552 0.1485 0.3365671641791045
1 0.383 0.43582089552238806 0.086 0.16865671641791044
1 0.2895 0.3977611940298508 0.074 0.1626865671641791
3 0.605 0.6201492537313433 0.0475 0.1537313432835821
2 0.6205 0.6708955223880597 0.081 0.12985074626865672
2 0.5365 0.5014925373134328 0.0505 0.10522388059701493
2 0.46 0.49328358208955225 0.0495 0.09402985074626866
2 0.5075 0.46940298507462686 0.049 0.09179104477611941
2 0.8715 0.9552238805970149 0.1085 0.08955223880597014
3 0.8665 0.8977611940298508 0.039 0.14626865671641792
3 0.5315 0.46417910447761196 0.0265 0.12014925373134329
3 0.5015 0.4246268656716418 0.033 0.12164179104477611
3 0.46 0.44925373134328356 0.032 0.12014925373134329