1 0.5105 0.21194029850746268 0.091 0.22611940298507463
1 0.713 0.4537313432835821 0.134 0.2753731343283582
1 0.514 0.5805970149253732 0.303 0.2574626865671642
2 0.6855 0.8067164179104478 0.1455 0.19029850746268656
2 0.47 0.891044776119403 0.193 0.1917910447761194
2 0.3745 0.8059701492537313 0.1575 0.12014925373134329
2 0.357 0.6044776119402985 0.1035 0.13208955223880597
2 0.5705 0.3895522388059702 0.055 0.10820895522388059
3 0.698 0.7805970149253731 0.0795 0.18880597014925374
3 0.4655 0.8350746268656717 0.0585 0.22313432835820896
3 0.531 0.7276119402985075 0.057 0.16716417910447762
3 0.3685 0.7843283582089552 0.0645 0.191044776119403
3 0.336 0.5761194029850746 0.0715 0.18507462686567164
3 0.4745 0.37089552238805973 0.0295 0.1783582089552239
3 0.5845 0.3194029850746269 0.014 0.0962686567164179
3 0.676 0.21492537313432836 0.01 0.10373134328358209
3 0.6735 0.5992537313432836 0.069 0.1917910447761194