1 0.736 0.6067164179104477 0.102 0.19850746268656716
1 0.083 0.891044776119403 0.166 0.21791044776119403
1 0.609 0.1962686567164179 0.0185 0.03283582089552239
1 0.639 0.1947761194029851 0.02 0.027611940298507463
0 0.605 0.15522388059701492 0.024 0.05970149253731343
2 0.799 0.48134328358208955 0.02 0.06791044776119402
2 0.7415 0.46865671641791046 0.026 0.06940298507462686
2 0.3225 0.7022388059701492 0.017 0.06417910447761194
3 0.7945 0.43507462686567167 0.0235 0.04253731343283582
3 0.739 0.4298507462686567 0.022 0.03731343283582089
3 0.735 0.373134328358209 0.017 0.033582089552238806