1 0.246 0.8888059701492538 0.198 0.22238805970149253
2 0.225 0.744776119402985 0.046 0.12686567164179105
3 0.23 0.7179104477611941 0.029 0.1
3 0.2225 0.7201492537313433 0.0315 0.09776119402985074
1 0.487 0.5320895522388059 0.072 0.12014925373134329
0 0.441 0.3925373134328358 0.097 0.18358208955223881
1 0.548 0.3074626865671642 0.038 0.06343283582089553
1 0.564 0.24029850746268658 0.027 0.04552238805970149
3 0.996 0.8149253731343283 0.0075 0.1253731343283582
2 0.905 0.5686567164179105 0.032 0.09776119402985074
3 0.899 0.5291044776119403 0.023 0.07985074626865672
2 0.8505 0.5992537313432836 0.035 0.10746268656716418
3 0.8475 0.5567164179104478 0.027 0.07313432835820896
3 0.847 0.5380597014925373 0.0285 0.0626865671641791
2 0.8205 0.5097014925373134 0.025 0.07313432835820896
3 0.819 0.458955223880597 0.0205 0.04626865671641791
2 0.7795 0.4626865671641791 0.0215 0.06716417910447761
3 0.7795 0.44029850746268656 0.0175 0.07388059701492537
3 0.774 0.408955223880597 0.0195 0.03880597014925373
2 0.7245 0.4 0.0185 0.05149253731343283
2 0.769 0.3746268656716418 0.0155 0.04029850746268657
3 0.77 0.35149253731343283 0.0195 0.03955223880597015
3 0.7245 0.3664179104477612 0.02 0.04776119402985075
2 0.743 0.3440298507462687 0.017 0.048507462686567165
3 0.7425 0.3201492537313433 0.017 0.03656716417910448
2 0.6895 0.34626865671641793 0.014 0.04552238805970149
3 0.688 0.3238805970149254 0.0135 0.03955223880597015
2 0.352 0.514179104477612 0.027 0.07238805970149254
3 0.351 0.49328358208955225 0.0185 0.06567164179104477
3 0.3435 0.49776119402985075 0.0155 0.06417910447761194
3 0.4525 0.2798507462686567 0.009 0.03955223880597015
2 0.4275 0.28880597014925374 0.009 0.028358208955223882
3 0.428 0.2716417910447761 0.0055 0.028358208955223882
2 0.7105 0.30597014925373134 0.0155 0.03955223880597015
3 0.7105 0.28059701492537314 0.0135 0.03731343283582089
2 0.737 0.30671641791044774 0.0135 0.03955223880597015
3 0.7355 0.28507462686567164 0.013 0.026119402985074626