1 0.1515 0.7925373134328358 0.303 0.29850746268656714
3 0.0285 0.9283582089552239 0.057 0.14328358208955225
2 0.0375 0.9701492537313433 0.0725 0.05970149253731343
2 0.4165 0.8253731343283582 0.1265 0.18059701492537314
3 0.4195 0.7723880597014925 0.06 0.20373134328358208
2 0.3275 0.8164179104477612 0.1145 0.1626865671641791
3 0.332 0.7597014925373134 0.059 0.19029850746268656
2 0.557 0.7208955223880597 0.098 0.15597014925373134
2 0.6925 0.6291044776119403 0.078 0.1328358208955224
3 0.6925 0.5985074626865672 0.0375 0.14328358208955225
3 0.5795 0.6776119402985075 0.021 0.15223880597014924
3 0.5535 0.6865671641791045 0.039 0.1708955223880597
1 0.2675 0.3246268656716418 0.057 0.08283582089552238
1 0.243 0.2791044776119403 0.0505 0.07313432835820896
1 0.2165 0.25597014925373135 0.0305 0.049253731343283584
2 0.1175 0.3328358208955224 0.0205 0.03880597014925373
3 0.1195 0.3044776119402985 0.0135 0.04253731343283582
2 0.1675 0.6097014925373134 0.1035 0.09776119402985074
3 0.166 0.5753731343283582 0.04 0.13059701492537312
2 0.3965 0.6649253731343283 0.0985 0.11791044776119403
3 0.4215 0.6111940298507462 0.0215 0.13805970149253732
3 0.397 0.6156716417910447 0.038 0.1455223880597015
3 0.296 0.5791044776119403 0.038 0.12462686567164179
1 0.936 0.4791044776119403 0.128 0.14253731343283582
3 0.9245 0.6111940298507462 0.0525 0.141044776119403
2 0.926 0.6559701492537313 0.03 0.06194029850746269
2 0.9085 0.5664179104477612 0.0525 0.10970149253731343
3 0.911 0.5380597014925373 0.0335 0.12313432835820895
2 0.8545 0.48582089552238805 0.035 0.07388059701492537
3 0.8565 0.44477611940298506 0.028 0.06791044776119402
2 0.7985 0.6201492537313433 0.0625 0.12014925373134329
3 0.801 0.5917910447761194 0.0395 0.13134328358208955
2 0.568 0.514179104477612 0.058 0.10746268656716418
3 0.5765 0.48507462686567165 0.034 0.11343283582089553
2 0.499 0.5119402985074627 0.061 0.09104477611940298
3 0.5 0.48134328358208955 0.0285 0.10149253731343283
3 0.484 0.47313432835820896 0.025 0.09477611940298507
2 0.7645 0.5514925373134328 0.0525 0.09328358208955224
3 0.7735 0.5156716417910447 0.0255 0.11865671641791045
2 0.3145 0.5388059701492537 0.0885 0.08582089552238806
3 0.3155 0.5067164179104477 0.0365 0.10970149253731343
2 0.3595 0.505223880597015 0.0455 0.0791044776119403
3 0.3465 0.46940298507462686 0.0345 0.07313432835820896
3 0.3315 0.43656716417910446 0.015 0.04626865671641791
3 0.3155 0.44104477611940296 0.015 0.049253731343283584
2 0.3465 0.3641791044776119 0.016 0.05
2 0.373 0.3649253731343284 0.015 0.04328358208955224
3 0.3445 0.32686567164179103 0.013 0.049253731343283584
3 0.448 0.4716417910447761 0.025 0.10671641791044777
3 0.436 0.4746268656716418 0.031 0.1126865671641791
2 0.439 0.505223880597015 0.0605 0.08582089552238806
3 0.474 0.42686567164179107 0.019 0.0626865671641791
3 0.545 0.43955223880597016 0.0225 0.08208955223880597
2 0.5395 0.4671641791044776 0.047 0.08208955223880597
2 0.625 0.5238805970149254 0.0485 0.1
3 0.623 0.49701492537313435 0.024 0.1126865671641791
2 0.653 0.4791044776119403 0.0495 0.07388059701492537
3 0.645 0.4552238805970149 0.024 0.08358208955223881
3 0.6595 0.4552238805970149 0.0205 0.09179104477611941
2 0.6915 0.4380597014925373 0.0525 0.06492537313432836
3 0.693 0.4097014925373134 0.026 0.0873134328358209
3 0.6435 0.40223880597014927 0.0155 0.04029850746268657
3 0.607 0.43507462686567167 0.0365 0.06343283582089553
2 0.6055 0.4701492537313433 0.046 0.07537313432835821
2 0.797 0.4955223880597015 0.0495 0.06865671641791045
3 0.796 0.4746268656716418 0.027 0.0955223880597015
3 0.811 0.46865671641791046 0.019 0.09402985074626866
2 0.7435 0.4880597014925373 0.055 0.07462686567164178
3 0.741 0.45149253731343286 0.026 0.08358208955223881
3 0.8265 0.4097014925373134 0.019 0.07835820895522388
3 0.813 0.39552238805970147 0.0155 0.05895522388059701
2 0.469 0.38731343283582087 0.0205 0.07164179104477612
3 0.4685 0.3455223880597015 0.018 0.06343283582089553
2 0.4225 0.3582089552238806 0.02 0.05223880597014925
3 0.422 0.3238805970149254 0.0095 0.03731343283582089