3 0.5515 0.8492537313432836 0.0565 0.11044776119402985
3 0.703 0.9850746268656716 0.086 0.029104477611940297
3 0.901 0.6276119402985074 0.0495 0.09850746268656717
3 0.7635 0.664179104477612 0.048 0.09850746268656717
3 0.7775 0.6425373134328358 0.0315 0.09402985074626866
3 0.8325 0.5164179104477612 0.0395 0.09402985074626866
3 0.7635 0.5701492537313433 0.0425 0.07164179104477612
3 0.6705 0.5634328358208955 0.0425 0.09701492537313433
3 0.5875 0.6246268656716418 0.046 0.09253731343283582
3 0.594 0.6104477611940299 0.0385 0.1
3 0.6725 0.8052238805970149 0.0605 0.12313432835820895
3 0.6815 0.7761194029850746 0.046 0.13656716417910447
2 0.6675 0.9149253731343283 0.078 0.1701492537313433
2 0.548 0.9552238805970149 0.082 0.08955223880597014
2 0.8815 0.8955223880597015 0.0685 0.19402985074626866
2 0.759 0.7701492537313432 0.0625 0.1291044776119403
2 0.668 0.6559701492537313 0.0445 0.11865671641791045
2 0.589 0.7164179104477612 0.0605 0.11492537313432835
2 0.828 0.6014925373134329 0.0455 0.10895522388059702
2 0.8935 0.7388059701492538 0.0615 0.12313432835820895
2 0.9335 0.4761194029850746 0.048 0.10149253731343283
2 0.7245 0.5664179104477612 0.0315 0.10298507462686567
2 0.617 0.48208955223880595 0.0215 0.0955223880597015
1 0.5215 0.5410447761194029 0.1065 0.22014925373134328
1 0.5005 0.31791044776119404 0.111 0.10597014925373134
1 0.2455 0.21940298507462686 0.071 0.07313432835820896
1 0.3485 0.9014925373134328 0.268 0.1962686567164179
0 0.2005 0.6828358208955224 0.401 0.6343283582089553
3 0.57 0.8291044776119403 0.04 0.14253731343283582
3 0.9665 0.8276119402985075 0.067 0.25223880597014925