1 0.341 0.5708955223880597 0.077 0.16044776119402984
2 0.129 0.682089552238806 0.05 0.08582089552238806
2 0.1835 0.4455223880597015 0.0375 0.07761194029850746
2 0.2315 0.3440298507462687 0.024 0.05447761194029851
2 0.6735 0.6462686567164179 0.0295 0.08208955223880597
2 0.964 0.8955223880597015 0.0655 0.1582089552238806
2 0.5905 0.49850746268656715 0.0235 0.03880597014925373
2 0.495 0.40746268656716417 0.035 0.04029850746268657
3 0.133 0.6186567164179104 0.0305 0.0873134328358209
3 0.183 0.39850746268656717 0.0195 0.07238805970149254
3 0.2315 0.3082089552238806 0.018 0.05298507462686567
3 0.5005 0.3783582089552239 0.0225 0.048507462686567165
3 0.5325 0.35 0.018 0.06119402985074627
3 0.592 0.46567164179104475 0.0205 0.056716417910447764
3 0.6725 0.5880597014925373 0.019 0.06791044776119402
3 0.684 0.6134328358208955 0.021 0.0791044776119403
3 0.8455 0.5313432835820896 0.0115 0.07611940298507462
3 0.8595 0.5425373134328358 0.019 0.09328358208955224
3 0.725 0.5029850746268657 0.028 0.09477611940298507
3 0.9705 0.826865671641791 0.036 0.08507462686567165
3 0.977 0.8597014925373134 0.046 0.08880597014925373
3 0.0325 0.9604477611940299 0.065 0.0791044776119403
1 0.366 0.28507462686567164 0.035 0.0626865671641791
1 0.326 0.2462686567164179 0.024 0.0626865671641791
1 0.3835 0.24104477611940298 0.036 0.04328358208955224
1 0.369 0.19925373134328359 0.0375 0.03731343283582089