1 0.6705 0.8835820895522388 0.337 0.23283582089552238
0 0.106 0.8634328358208955 0.2115 0.2708955223880597
2 0.249 0.7858208955223881 0.135 0.1253731343283582
2 0.047 0.5992537313432836 0.094 0.11343283582089553
2 0.2405 0.6649253731343283 0.1205 0.10820895522388059
2 0.512 0.7619402985074627 0.1365 0.1126865671641791
2 0.6 0.6783582089552239 0.117 0.13208955223880597
2 0.3065 0.6119402985074627 0.1085 0.12388059701492538
2 0.227 0.5343283582089552 0.049 0.10149253731343283
2 0.59 0.594776119402985 0.119 0.09701492537313433
2 0.819 0.685820895522388 0.136 0.09477611940298507
2 0.837 0.7783582089552239 0.1385 0.13208955223880597
2 0.811 0.5156716417910447 0.0985 0.15671641791044777
2 0.966 0.7380597014925373 0.068 0.1208955223880597
3 0.5215 0.7298507462686568 0.0445 0.1791044776119403
3 0.2505 0.7514925373134328 0.0585 0.16940298507462687
3 0.2315 0.6231343283582089 0.04 0.15671641791044777
3 0.265 0.6223880597014926 0.0345 0.1417910447761194
3 0.2825 0.49477611940298505 0.0225 0.1291044776119403
3 0.3015 0.585820895522388 0.039 0.16940298507462687
3 0.2585 0.5022388059701492 0.0345 0.11492537313432835
3 0.039 0.5701492537313433 0.044 0.14328358208955225
3 0.5925 0.5537313432835821 0.0365 0.11791044776119403
3 0.625 0.655223880597015 0.036 0.14029850746268657
3 0.602 0.65 0.029 0.13880597014925372
3 0.818 0.658955223880597 0.042 0.15970149253731344
3 0.878 0.7544776119402985 0.0485 0.18582089552238806
3 0.8455 0.7514925373134328 0.047 0.16940298507462687
3 0.814 0.4716417910447761 0.061 0.1208955223880597