1 0.2665 0.8537313432835821 0.36 0.2917910447761194
2 0.5485 0.664179104477612 0.1435 0.1044776119402985
3 0.5395 0.6320895522388059 0.0315 0.15074626865671642
2 0.591 0.917910447761194 0.1595 0.1373134328358209
2 0.5665 0.7888059701492537 0.1475 0.12462686567164179
2 0.7235 0.7731343283582089 0.1315 0.1373134328358209
2 0.1055 0.585820895522388 0.1045 0.1126865671641791
2 0.0195 0.691044776119403 0.039 0.09253731343283582
2 0.2145 0.5522388059701493 0.105 0.10671641791044777
2 0.2165 0.6320895522388059 0.1045 0.10597014925373134
2 0.2715 0.4708955223880597 0.046 0.08432835820895522
2 0.361 0.517910447761194 0.049 0.10149253731343283
2 0.4345 0.2574626865671642 0.036 0.09477611940298507
2 0.499 0.35447761194029853 0.0345 0.06865671641791045
2 0.5805 0.3761194029850746 0.052 0.07313432835820896
2 0.8025 0.6947761194029851 0.101 0.1208955223880597
2 0.861 0.5619402985074626 0.081 0.12462686567164179
2 0.76 0.5992537313432836 0.059 0.1044776119402985
2 0.6535 0.6014925373134329 0.059 0.09850746268656717
2 0.468 0.4843283582089552 0.0535 0.09850746268656717
2 0.396 0.6298507462686567 0.1105 0.12238805970149254
2 0.379 0.6813432835820895 0.1215 0.12686567164179105
2 0.915 0.7798507462686567 0.1295 0.12761194029850748
2 0.975 0.8402985074626865 0.0495 0.13805970149253732
2 0.9065 0.6514925373134328 0.0695 0.1126865671641791
2 0.9635 0.47686567164179106 0.06 0.15447761194029852
2 0.4785 0.17238805970149254 0.021 0.08358208955223881
3 0.099 0.5634328358208955 0.0365 0.16567164179104477
3 0.2885 0.664179104477612 0.0315 0.08880597014925373
3 0.25 0.6626865671641791 0.0455 0.09029850746268657
3 0.2145 0.6156716417910447 0.031 0.16119402985074627
3 0.2105 0.5007462686567165 0.0405 0.0873134328358209
3 0.231 0.45149253731343286 0.048 0.15298507462686567
3 0.2725 0.36268656716417913 0.034 0.07611940298507462
3 0.3365 0.4 0.0275 0.1619402985074627
3 0.389 0.4671641791044776 0.0455 0.08283582089552238
3 0.3975 0.5634328358208955 0.0475 0.07686567164179105
3 0.366 0.7037313432835821 0.0515 0.06940298507462686
3 0.3715 0.6305970149253731 0.052 0.09776119402985074
3 0.5675 0.7597014925373134 0.0465 0.1880597014925373
3 0.609 0.7223880597014926 0.0445 0.1126865671641791
3 0.601 0.8791044776119403 0.0645 0.18955223880597014
3 0.73 0.7432835820895523 0.0545 0.17313432835820897
3 0.6365 0.5388059701492537 0.0445 0.08656716417910448
3 0.8055 0.5649253731343283 0.0455 0.09029850746268657
3 0.8055 0.6380597014925373 0.0515 0.10373134328358209
3 0.927 0.753731343283582 0.0705 0.16343283582089552
3 0.973 0.7238805970149254 0.044 0.12164179104477611
3 0.8585 0.5335820895522388 0.0405 0.1417910447761194
3 0.9515 0.6253731343283582 0.0525 0.12164179104477611
3 0.989 0.6186567164179104 0.0215 0.09701492537313433
1 0.9545 0.9432835820895522 0.091 0.11343283582089553
3 0.3745 0.3074626865671642 0.0295 0.07388059701492537
3 0.502 0.2962686567164179 0.0385 0.0791044776119403
3 0.589 0.3074626865671642 0.0375 0.07761194029850746
1 0.6465 0.22611940298507463 0.076 0.18880597014925374
1 0.515 0.10223880597014925 0.075 0.11567164179104478