3 0.917 0.5522388059701493 0.036 0.1208955223880597
3 0.82 0.5932835820895522 0.047 0.08358208955223881
3 0.82 0.7507462686567165 0.0475 0.11567164179104478
3 0.8295 0.7156716417910448 0.032 0.10970149253731343
3 0.8385 0.47313432835820896 0.0345 0.07462686567164178
3 0.801 0.39477611940298507 0.022 0.08880597014925373
3 0.719 0.3641791044776119 0.027 0.04402985074626865
3 0.9415 0.40223880597014927 0.0245 0.05
3 0.7195 0.3611940298507463 0.0115 0.03656716417910448
1 0.5675 0.467910447761194 0.09 0.14925373134328357
1 0.373 0.5246268656716417 0.146 0.21194029850746268
1 0.0655 0.48507462686567165 0.131 0.16119402985074627
1 0.1465 0.3902985074626866 0.1125 0.1208955223880597
1 0.297 0.36343283582089553 0.0785 0.09477611940298507
1 0.4605 0.30970149253731344 0.086 0.07761194029850746
1 0.37 0.31492537313432833 0.0705 0.07611940298507462
1 0.3685 0.2798507462686567 0.054 0.04701492537313433
1 0.0705 0.32985074626865674 0.049 0.06865671641791045
1 0.015 0.3447761194029851 0.03 0.06343283582089553
1 0.125 0.31791044776119404 0.0765 0.04701492537313433
1 0.1495 0.2962686567164179 0.0485 0.04552238805970149
1 0.7655 0.25223880597014925 0.0305 0.041044776119402986
1 0.7335 0.24701492537313433 0.024 0.048507462686567165
1 0.691 0.22462686567164178 0.0335 0.03507462686567164
2 0.8195 0.8246268656716418 0.0525 0.14626865671641792
2 0.914 0.5783582089552238 0.083 0.06865671641791045
2 0.8175 0.6432835820895523 0.065 0.09328358208955224
2 0.832 0.5149253731343284 0.0515 0.07611940298507462
2 0.792 0.4134328358208955 0.0715 0.05149253731343283
2 0.715 0.39850746268656717 0.028 0.056716417910447764
2 0.743 0.3686567164179104 0.018 0.04402985074626865
2 0.703 0.3582089552238806 0.026 0.048507462686567165
2 0.436 0.3925373134328358 0.0285 0.04402985074626865
2 0.398 0.408955223880597 0.047 0.04253731343283582
2 0.366 0.4082089552238806 0.0375 0.05
2 0.948 0.4417910447761194 0.0305 0.06119402985074627