1 0.694 0.7977611940298508 0.2745 0.40373134328358207
1 0.738 0.558955223880597 0.238 0.2619402985074627
1 0.979 0.6313432835820896 0.042 0.21119402985074626
1 0.992 0.3888059701492537 0.016 0.17164179104477612
1 0.9075 0.18582089552238806 0.052 0.058208955223880594
3 0.8865 0.7604477611940299 0.0455 0.19402985074626866
2 0.871 0.8104477611940298 0.1135 0.19552238805970149
3 0.883 0.6686567164179105 0.0325 0.14776119402985075
1 0.2765 0.24776119402985075 0.1915 0.1708955223880597
0 0.677 0.19029850746268656 0.236 0.2126865671641791
1 0.0515 0.21417910447761193 0.073 0.11940298507462686
1 0.016 0.6231343283582089 0.0315 0.38731343283582087
2 0.489 0.3940298507462687 0.0945 0.10895522388059702
2 0.5585 0.34328358208955223 0.081 0.0962686567164179
3 0.6885 0.40746268656716417 0.033 0.11492537313432835
3 0.545 0.30074626865671644 0.027 0.09402985074626866
3 0.3995 0.26343283582089555 0.0245 0.0873134328358209
3 0.4895 0.3567164179104478 0.034 0.10671641791044777
3 0.371 0.31044776119402984 0.0345 0.11417910447761194
3 0.442 0.24029850746268658 0.0325 0.05223880597014925
3 0.043 0.3417910447761194 0.0415 0.08208955223880597
3 0.123 0.25223880597014925 0.0275 0.05970149253731343