1 0.752 0.835820895522388 0.3775 0.3276119402985075
1 0.496 0.07985074626865672 0.068 0.09477611940298507
1 0.0675 0.891044776119403 0.135 0.21791044776119403
2 0.4335 0.7992537313432836 0.1445 0.14328358208955225
2 0.8245 0.9656716417910448 0.1655 0.06865671641791045
2 0.955 0.641044776119403 0.09 0.10298507462686567
2 0.563 0.7179104477611941 0.121 0.12014925373134329
2 0.6485 0.5044776119402985 0.101 0.12313432835820895
2 0.741 0.5261194029850746 0.096 0.12014925373134329
2 0.8285 0.5753731343283582 0.112 0.1044776119402985
2 0.597 0.31343283582089554 0.0435 0.13208955223880597
2 0.4955 0.2828358208955224 0.0305 0.10149253731343283
2 0.2835 0.3074626865671642 0.0435 0.12761194029850748
2 0.562 0.20746268656716418 0.033 0.09776119402985074
2 0.553 0.6216417910447761 0.13 0.10597014925373134
2 0.2955 0.6231343283582089 0.135 0.1291044776119403
2 0.318 0.7171641791044776 0.133 0.11044776119402985
2 0.0865 0.7417910447761195 0.125 0.11865671641791045
2 0.221 0.8313432835820895 0.172 0.1373134328358209
2 0.049 0.6052238805970149 0.098 0.1373134328358209
3 0.4975 0.2126865671641791 0.034 0.07014925373134329
3 0.6025 0.2619402985074627 0.045 0.08880597014925373
3 0.5675 0.14850746268656717 0.03 0.07164179104477612
3 0.4975 0.24776119402985075 0.0305 0.034328358208955224
3 0.2795 0.26791044776119405 0.033 0.10298507462686567
3 0.0245 0.5582089552238806 0.049 0.18134328358208956
3 0.071 0.7044776119402985 0.0525 0.1537313432835821
3 0.043 0.7208955223880597 0.0695 0.16343283582089552
3 0.2225 0.7917910447761194 0.084 0.1791044776119403
3 0.426 0.7701492537313432 0.058 0.1791044776119403
3 0.3995 0.7656716417910447 0.054 0.1761194029850746
3 0.311 0.6902985074626866 0.046 0.15597014925373134
3 0.2895 0.582089552238806 0.05 0.16791044776119404
3 0.5115 0.5880597014925373 0.055 0.14776119402985075
3 0.544 0.5977611940298507 0.0395 0.14925373134328357
3 0.571 0.6723880597014925 0.0575 0.1708955223880597
3 0.7555 0.4917910447761194 0.0345 0.13880597014925372
3 0.722 0.49402985074626865 0.045 0.1373134328358209
3 0.8395 0.5447761194029851 0.0395 0.1291044776119403
3 0.804 0.5402985074626866 0.0315 0.12014925373134329
3 0.9705 0.6059701492537314 0.059 0.16716417910447762
3 0.8345 0.9343283582089552 0.0825 0.13059701492537312
2 0.05 0.46940298507462686 0.062 0.1537313432835821
2 0.2165 0.24925373134328357 0.039 0.11791044776119403
2 0.218 0.17537313432835822 0.043 0.06417910447761194
2 0.847 0.2626865671641791 0.0975 0.10746268656716418