1 0.6415 0.7828358208955224 0.1575 0.4343283582089552
1 0.7005 0.3656716417910448 0.073 0.11343283582089553
2 0.251 0.8671641791044776 0.119 0.2373134328358209
2 0.3465 0.8970149253731343 0.085 0.20373134328358208
2 0.4595 0.8186567164179105 0.063 0.22014925373134328
2 0.427 0.6432835820895523 0.0375 0.0962686567164179
2 0.4905 0.49776119402985075 0.0445 0.09253731343283582
3 0.442 0.6 0.056 0.12761194029850748
3 0.257 0.758955223880597 0.039 0.15522388059701492
3 0.348 0.8261194029850746 0.04 0.15149253731343285
3 0.462 0.7574626865671642 0.0635 0.1873134328358209
3 0.4915 0.4671641791044776 0.0185 0.07985074626865672