1 0.3625 0.48582089552238805 0.067 0.1335820895522388
1 0.092 0.8305970149253732 0.184 0.33880597014925373
1 0.312 0.8701492537313433 0.176 0.25970149253731345
1 0.2135 0.6231343283582089 0.1305 0.20671641791044776
1 0.2615 0.46492537313432836 0.1 0.14477611940298507
1 0.2695 0.3835820895522388 0.067 0.08059701492537313
1 0.3735 0.26044776119402985 0.036 0.0626865671641791
1 0.305 0.30522388059701494 0.0525 0.056716417910447764
1 0.3035 0.3619402985074627 0.0445 0.08208955223880597
1 0.318 0.26940298507462684 0.039 0.05
1 0.335 0.2298507462686567 0.031 0.05447761194029851
1 0.3775 0.2007462686567164 0.028 0.029104477611940297
1 0.371 0.1783582089552239 0.0265 0.03507462686567164
1 0.39 0.1455223880597015 0.022 0.022388059701492536
1 0.417 0.15522388059701492 0.022 0.029104477611940297
2 0.0595 0.6850746268656717 0.0545 0.1126865671641791
2 0.147 0.5537313432835821 0.039 0.0873134328358209
2 0.0925 0.5417910447761194 0.0365 0.08582089552238806
2 0.0125 0.6104477611940299 0.025 0.0873134328358209
2 0.186 0.4007462686567164 0.0295 0.06492537313432836
2 0.209 0.3582089552238806 0.018 0.05298507462686567
3 0.094 0.5104477611940299 0.0275 0.1044776119402985
3 0.1725 0.9641791044776119 0.055 0.0708955223880597
3 0.184 0.9432835820895522 0.048 0.11343283582089553
3 0.063 0.6350746268656716 0.043 0.10970149253731343
3 0.0125 0.5656716417910448 0.025 0.09029850746268657
3 0.1385 0.5216417910447761 0.035 0.0955223880597015
3 0.144 0.4388059701492537 0.024 0.058208955223880594
3 0.1855 0.3641791044776119 0.024 0.04701492537313433
3 0.209 0.3335820895522388 0.021 0.05
3 0.2525 0.32985074626865674 0.025 0.03731343283582089