1 0.308 0.2626865671641791 0.0275 0.034328358208955224
2 0.5625 0.4753731343283582 0.055 0.05970149253731343
2 0.2825 0.5402985074626866 0.029 0.07014925373134329
3 0.732 0.3701492537313433 0.039 0.05
2 0.0335 0.5626865671641791 0.033 0.07388059701492537
3 0.287 0.5097014925373134 0.036 0.10223880597014925
2 0.922 0.3783582089552239 0.038 0.04253731343283582
3 0.922 0.3641791044776119 0.0295 0.05447761194029851
1 0.292 0.32611940298507464 0.05 0.06343283582089553
3 0.5585 0.4462686567164179 0.035 0.07835820895522388
3 0.9375 0.34328358208955223 0.019 0.048507462686567165
2 0.3105 0.3723880597014925 0.0255 0.041791044776119404
1 0.487 0.3597014925373134 0.079 0.08656716417910448