1 0.5735 0.5671641791044776 0.1905 0.2828358208955224
1 0.2435 0.5216417910447761 0.2485 0.2955223880597015
2 0.757 0.8388059701492537 0.0715 0.20597014925373133
3 0.748 0.8201492537313433 0.0505 0.17388059701492536
3 0.761 0.8014925373134328 0.037 0.17164179104477612
2 0.4565 0.9029850746268657 0.115 0.1925373134328358
3 0.454 0.8567164179104477 0.0605 0.1708955223880597
2 0.2695 0.9126865671641791 0.1575 0.17388059701492536
3 0.2445 0.9097014925373135 0.0745 0.1664179104477612
3 0.2745 0.905223880597015 0.0525 0.15522388059701492
2 0.2595 0.7985074626865671 0.0635 0.08880597014925373
3 0.26 0.7343283582089553 0.0525 0.141044776119403
3 0.2745 0.7231343283582089 0.039 0.16567164179104477
2 0.3565 0.7261194029850746 0.07 0.16940298507462687
3 0.357 0.682089552238806 0.06 0.18059701492537314
3 0.3775 0.6455223880597015 0.0295 0.15895522388059702
3 0.2445 0.3686567164179104 0.0335 0.08059701492537313
2 0.226 0.4059701492537313 0.026 0.026865671641791045
2 0.397 0.3559701492537313 0.0415 0.10820895522388059
3 0.396 0.3156716417910448 0.028 0.12014925373134329
3 0.4015 0.2865671641791045 0.016 0.09925373134328358
2 0.4225 0.26865671641791045 0.032 0.10149253731343283
3 0.4205 0.22611940298507463 0.0205 0.10746268656716418
2 0.4415 0.1947761194029851 0.0245 0.0955223880597015
3 0.444 0.14701492537313432 0.02 0.058208955223880594
2 0.415 0.12761194029850748 0.024 0.08059701492537313
3 0.416 0.08283582089552238 0.0195 0.05522388059701493
3 0.4385 0.0955223880597015 0.0205 0.05373134328358209
2 0.4375 0.13507462686567165 0.0195 0.04402985074626865
1 0.5205 0.12014925373134329 0.074 0.1373134328358209
2 0.5995 0.12611940298507462 0.024 0.08432835820895522
3 0.6 0.10597014925373134 0.025 0.07611940298507462
3 0.5995 0.07686567164179105 0.009 0.020149253731343283
2 0.633 0.10895522388059702 0.028 0.07462686567164178
3 0.6335 0.08283582089552238 0.016 0.05149253731343283
2 0.453 0.09253731343283582 0.0205 0.055970149253731345
2 0.926 0.4425373134328358 0.066 0.12313432835820895
2 0.7095 0.6164179104477612 0.0455 0.17238805970149254
3 0.7085 0.5746268656716418 0.0375 0.14776119402985075