1 0.7445 0.5462686567164179 0.1185 0.1865671641791045
1 0.7805 0.2716417910447761 0.0415 0.058208955223880594
2 0.2225 0.7276119402985075 0.0805 0.14029850746268657
2 0.3755 0.5470149253731343 0.0495 0.08955223880597014
2 0.472 0.6067164179104477 0.049 0.10970149253731343
2 0.3835 0.9223880597014925 0.052 0.11567164179104478
2 0.342 0.45149253731343286 0.059 0.06044776119402985
2 0.178 0.4791044776119403 0.0545 0.06119402985074627
2 0.111 0.5067164179104477 0.0295 0.06791044776119402
2 0.052 0.5 0.0295 0.07686567164179105
3 0.3875 0.7955223880597015 0.059 0.1373134328358209
3 0.2295 0.6440298507462686 0.051 0.0873134328358209
3 0.3735 0.48955223880597015 0.0275 0.06119402985074627
3 0.4745 0.5261194029850746 0.032 0.0664179104477612
3 0.3405 0.40746268656716417 0.02 0.049253731343283584
3 0.172 0.4291044776119403 0.021 0.04253731343283582
3 0.0995 0.4507462686567164 0.027 0.05149253731343283
3 0.9 0.3582089552238806 0.0235 0.048507462686567165
3 0.8575 0.33432835820895523 0.019 0.041791044776119404