1 0.616 0.4082089552238806 0.135 0.1
1 0.565 0.33955223880597013 0.1045 0.05970149253731343
1 0.5305 0.28507462686567164 0.0485 0.04552238805970149
1 0.585 0.28432835820895525 0.0585 0.04552238805970149
1 0.2645 0.258955223880597 0.0335 0.04552238805970149
1 0.7055 0.2955223880597015 0.0765 0.09477611940298507
1 0.3765 0.25223880597014925 0.036 0.048507462686567165
1 0.4725 0.2738805970149254 0.04 0.03582089552238806
2 0.2535 0.3858208955223881 0.035 0.05
2 0.02 0.5477611940298508 0.0335 0.0791044776119403
2 0.088 0.4171641791044776 0.024 0.05149253731343283
2 0.324 0.33507462686567163 0.0235 0.04029850746268657
2 0.554 0.3888059701492537 0.044 0.04701492537313433
2 0.5275 0.3813432835820896 0.0335 0.04029850746268657
3 0.0325 0.45 0.0275 0.05522388059701493
3 0.0195 0.49850746268656715 0.0295 0.06119402985074627
3 0.2455 0.3649253731343284 0.024 0.05447761194029851
3 0.0865 0.3835820895522388 0.0205 0.03880597014925373