2 0.7335 0.905223880597015 0.059 0.18358208955223881
2 0.902 0.9611940298507463 0.073 0.07761194029850746
2 0.8275 0.5813432835820895 0.036 0.0955223880597015
2 0.7785 0.5365671641791044 0.0265 0.0880597014925373
2 0.876 0.5 0.031 0.07835820895522388
2 0.8435 0.4470149253731343 0.023 0.05970149253731343
2 0.1855 0.5410447761194029 0.084 0.07537313432835821
2 0.3115 0.4298507462686567 0.0605 0.06791044776119402
2 0.414 0.4253731343283582 0.052 0.05373134328358209
2 0.5575 0.42686567164179107 0.044 0.05970149253731343
1 0.758 0.42313432835820897 0.0775 0.10671641791044777
1 0.6805 0.36343283582089553 0.052 0.09104477611940298
1 0.6955 0.3335820895522388 0.041 0.05522388059701493
1 0.597 0.3753731343283582 0.096 0.09776119402985074
1 0.47 0.3932835820895522 0.103 0.10074626865671642
0 0.4735 0.3238805970149254 0.2915 0.18358208955223881
2 0.212 0.4597014925373134 0.068 0.048507462686567165
2 0.186 0.4380597014925373 0.0525 0.03955223880597015
2 0.3535 0.42388059701492536 0.041 0.048507462686567165
3 0.734 0.8097014925373134 0.057 0.18582089552238806
3 0.8925 0.9156716417910448 0.064 0.16791044776119404
3 0.83 0.5358208955223881 0.0345 0.07835820895522388
3 0.783 0.48880597014925375 0.024 0.07537313432835821
3 0.872 0.46865671641791046 0.0265 0.0955223880597015
3 0.1805 0.5328358208955224 0.029 0.13507462686567165
3 0.222 0.4291044776119403 0.0305 0.08656716417910448
3 0.192 0.41567164179104477 0.025 0.0880597014925373
3 0.5635 0.40746268656716417 0.019 0.0708955223880597
3 0.422 0.40746268656716417 0.032 0.08656716417910448
1 0.025 0.341044776119403 0.05 0.08656716417910448
1 0.32 0.41044776119402987 0.0265 0.08134328358208955
1 0.84 0.41194029850746267 0.0225 0.06940298507462686
1 0.971 0.4044776119402985 0.024 0.056716417910447764
1 0.9185 0.3723880597014925 0.0215 0.04402985074626865
1 0.868 0.37089552238805973 0.025 0.058208955223880594