1 0.131 0.7194029850746269 0.1955 0.2
1 0.283 0.5492537313432836 0.1485 0.1126865671641791
1 0.4685 0.5544776119402985 0.1135 0.1746268656716418
1 0.4505 0.4208955223880597 0.099 0.13059701492537312
1 0.536 0.35522388059701493 0.0705 0.08880597014925373
1 0.576 0.46567164179104475 0.0635 0.14850746268656717
1 0.61 0.3880597014925373 0.082 0.11492537313432835
1 0.6745 0.3253731343283582 0.0415 0.06791044776119402
1 0.5705 0.30970149253731344 0.0595 0.06417910447761194
1 0.017 0.8686567164179104 0.034 0.1701492537313433
1 0.1385 0.9194029850746268 0.267 0.15
1 0.349 0.7111940298507463 0.24 0.32238805970149254
0 0.638 0.24029850746268658 0.1135 0.1417910447761194
3 0.7925 0.5992537313432836 0.0385 0.0791044776119403
3 0.82 0.44328358208955226 0.035 0.06940298507462686
2 0.7885 0.6462686567164179 0.036 0.05447761194029851
2 0.815 0.48582089552238805 0.022 0.06119402985074627