3 0.4295 0.6425373134328358 0.0635 0.14328358208955225
3 0.288 0.6320895522388059 0.0555 0.13880597014925372
3 0.161 0.6664179104477612 0.056 0.21119402985074626
3 0.208 0.4783582089552239 0.0385 0.11791044776119403
3 0.316 0.5462686567164179 0.049 0.11492537313432835
3 0.6335 0.3805970149253731 0.0295 0.09477611940298507
3 0.4885 0.41044776119402987 0.0375 0.1126865671641791
3 0.5935 0.8694029850746269 0.074 0.25522388059701495
3 0.772 0.4597014925373134 0.0405 0.11417910447761194
3 0.9135 0.591044776119403 0.0595 0.1455223880597015
3 0.8595 0.4843283582089552 0.042 0.12611940298507462
3 0.1695 0.40298507462686567 0.0265 0.08582089552238806
2 0.131 0.7089552238805971 0.0485 0.17388059701492536
2 0.189 0.9477611940298507 0.05 0.1044776119402985
2 0.3015 0.7082089552238806 0.0705 0.16940298507462687
2 0.43 0.7141791044776119 0.079 0.17761194029850746
2 0.587 0.9223880597014925 0.106 0.15522388059701492
2 0.494 0.44477611940298506 0.071 0.10970149253731343
2 0.5345 0.4298507462686567 0.0515 0.07388059701492537
2 0.6965 0.49029850746268655 0.0365 0.11119402985074626
2 0.6365 0.43582089552238806 0.035 0.07462686567164178
2 0.7795 0.5097014925373134 0.0655 0.11417910447761194
2 0.854 0.5253731343283582 0.072 0.10820895522388059
1 0.857 0.817910447761194 0.286 0.3641791044776119