1 0.5975 0.3813432835820896 0.1555 0.14328358208955225
1 0.444 0.21343283582089553 0.1 0.08059701492537313
1 0.3255 0.2380597014925373 0.0715 0.08507462686567165
2 0.924 0.4246268656716418 0.037 0.09776119402985074
3 0.398 0.3246268656716418 0.0275 0.0962686567164179
3 0.357 0.3559701492537313 0.0255 0.11940298507462686
3 0.9255 0.3805970149253731 0.0325 0.11119402985074626
2 0.8635 0.25 0.026 0.05298507462686567
3 0.8675 0.2253731343283582 0.0235 0.07761194029850746
2 0.9585 0.30074626865671644 0.029 0.07313432835820896
3 0.9605 0.27313432835820894 0.0205 0.09029850746268657
2 0.9975 0.2962686567164179 0.005 0.05522388059701493
2 0.7685 0.9037313432835821 0.069 0.1925373134328358
3 0.7695 0.8641791044776119 0.065 0.24253731343283583
2 0.246 0.691044776119403 0.0945 0.1708955223880597
3 0.2485 0.6432835820895523 0.0415 0.16940298507462687
3 0.2315 0.6582089552238806 0.0485 0.15970149253731344
2 0.1475 0.3611940298507463 0.025 0.07985074626865672
3 0.141 0.3283582089552239 0.0235 0.08582089552238806
1 0.0165 0.3522388059701492 0.033 0.13134328358208955
2 0.2315 0.17238805970149254 0.0115 0.04701492537313433
3 0.2305 0.15671641791044777 0.006 0.03582089552238806
2 0.372 0.21194029850746268 0.0175 0.04701492537313433
3 0.371 0.191044776119403 0.0105 0.05373134328358209