1 0.4265 0.5634328358208955 0.0915 0.1373134328358209
2 0.86 0.8186567164179105 0.045 0.14850746268656717
2 0.981 0.7037313432835821 0.038 0.11492537313432835
2 0.8865 0.567910447761194 0.0285 0.09701492537313433
2 0.777 0.467910447761194 0.029 0.07537313432835821
2 0.6965 0.5171641791044777 0.031 0.09402985074626866
2 0.1885 0.9447761194029851 0.066 0.11044776119402985
2 0.18 0.8097014925373134 0.0535 0.13955223880597015
2 0.3355 0.6216417910447761 0.028 0.06417910447761194
3 0.854 0.7298507462686568 0.0485 0.07761194029850746
3 0.974 0.6208955223880597 0.041 0.07238805970149254
3 0.973 0.49029850746268655 0.022 0.10597014925373134
3 0.8805 0.5149253731343284 0.0295 0.0708955223880597
3 0.6955 0.4671641791044776 0.0225 0.04626865671641791
3 0.1745 0.9328358208955224 0.0515 0.09402985074626866