1 0.9355 0.932089552238806 0.1285 0.13582089552238805
1 0.969 0.746268656716418 0.062 0.20746268656716418
1 0.4705 0.2835820895522388 0.0455 0.09477611940298507
2 0.141 0.8067164179104478 0.0335 0.11716417910447761
3 0.1455 0.7291044776119403 0.0375 0.08059701492537313
2 0.2565 0.6529850746268657 0.0295 0.09701492537313433
3 0.26 0.5955223880597015 0.0385 0.05223880597014925
2 0.023 0.6955223880597015 0.0415 0.0955223880597015
3 0.0235 0.6261194029850746 0.0425 0.0664179104477612
2 0.35 0.5895522388059702 0.027 0.09253731343283582
3 0.3515 0.5268656716417911 0.0255 0.05
2 0.1105 0.6843283582089552 0.029 0.09477611940298507
3 0.1125 0.6208955223880597 0.033 0.05223880597014925
2 0.211 0.5761194029850746 0.0265 0.0791044776119403
3 0.2125 0.5246268656716417 0.0295 0.04776119402985075