1 0.461 0.755223880597015 0.1195 0.28955223880597014
1 0.342 0.5611940298507463 0.0975 0.2082089552238806
1 0.648 0.3783582089552239 0.057 0.1291044776119403
1 0.786 0.4388059701492537 0.119 0.15746268656716417
1 0.6705 0.27611940298507465 0.0665 0.09253731343283582
1 0.4545 0.29701492537313434 0.071 0.1664179104477612
2 0.09 0.5694029850746268 0.0595 0.06492537313432836
2 0.0835 0.4761194029850746 0.0315 0.05223880597014925
2 0.3485 0.3417910447761194 0.0415 0.06194029850746269
2 0.0165 0.49776119402985075 0.0315 0.06343283582089553
2 0.963 0.3932835820895522 0.0495 0.07835820895522388
2 0.217 0.3641791044776119 0.022 0.04477611940298507
2 0.2495 0.3522388059701492 0.0185 0.050746268656716415
3 0.087 0.5276119402985074 0.031 0.07686567164179105
3 0.083 0.44850746268656716 0.026 0.0664179104477612
3 0.01 0.4708955223880597 0.02 0.07014925373134329
3 0.344 0.30074626865671644 0.0185 0.049253731343283584
3 0.254 0.3283582089552239 0.023 0.06343283582089553
3 0.972 0.3537313432835821 0.0235 0.056716417910447764
1 0.5625 0.18059701492537314 0.039 0.07238805970149254
1 0.535 0.12835820895522387 0.027 0.04477611940298507
1 0.558 0.12014925373134329 0.012 0.049253731343283584
1 0.5825 0.12014925373134329 0.0205 0.04328358208955224