3 0.261 0.5917910447761194 0.048 0.11567164179104478
3 0.1105 0.3902985074626866 0.0175 0.03805970149253731
3 0.131 0.35 0.0255 0.05
3 0.205 0.38656716417910447 0.028 0.05447761194029851
3 0.2195 0.3455223880597015 0.0225 0.03955223880597015
1 0.4915 0.47238805970149256 0.1095 0.1791044776119403
1 0.3125 0.3753731343283582 0.0715 0.12313432835820895
1 0.1545 0.4417910447761194 0.1015 0.17761194029850746
1 0.2775 0.2962686567164179 0.043 0.07014925373134329
1 0.2535 0.25970149253731345 0.0395 0.05
1 0.3165 0.24776119402985075 0.032 0.041044776119402986
1 0.3585 0.2417910447761194 0.038 0.055970149253731345
1 0.8565 0.8649253731343284 0.287 0.2701492537313433
1 0.871 0.39104477611940297 0.1155 0.12761194029850748
1 0.9595 0.3798507462686567 0.081 0.14477611940298507
1 0.7345 0.34328358208955223 0.085 0.09402985074626866
1 0.474 0.3716417910447761 0.0715 0.08656716417910448
1 0.5645 0.28432835820895525 0.0625 0.07014925373134329
1 0.512 0.2507462686567164 0.029 0.05298507462686567
1 0.685 0.28059701492537314 0.061 0.06865671641791045
1 0.8115 0.3276119402985075 0.0835 0.08059701492537313
0 0.9895 0.3074626865671642 0.021 0.10820895522388059
2 0.2645 0.6917910447761194 0.061 0.11567164179104478
2 0.6375 0.42686567164179107 0.062 0.05895522388059701
2 0.567 0.39477611940298507 0.0445 0.05149253731343283
2 0.207 0.4082089552238806 0.032 0.05447761194029851
2 0.2265 0.37910447761194027 0.0295 0.03955223880597015
2 0.1145 0.4216417910447761 0.0315 0.05447761194029851
2 0.0445 0.42686567164179107 0.039 0.05