0 0.134 0.4335820895522388 0.268 0.30074626865671644
1 0.43 0.3201492537313433 0.118 0.09029850746268657
1 0.5515 0.2455223880597015 0.1275 0.11641791044776119
1 0.46 0.23208955223880598 0.058 0.06417910447761194
1 0.4845 0.18059701492537314 0.037 0.04402985074626865
1 0.5395 0.3574626865671642 0.0415 0.0664179104477612
3 0.5415 0.3358208955223881 0.0155 0.0791044776119403
2 0.5365 0.7067164179104478 0.0615 0.1626865671641791
3 0.538 0.676865671641791 0.0445 0.18059701492537314
3 0.611 0.6485074626865671 0.0425 0.15223880597014924
2 0.607 0.6955223880597015 0.05 0.16791044776119404