3 0.0915 0.5082089552238805 0.0345 0.07388059701492537
3 0.22 0.3932835820895522 0.0265 0.056716417910447764
3 0.3035 0.3940298507462687 0.027 0.05522388059701493
3 0.588 0.582089552238806 0.033 0.0626865671641791
3 0.687 0.5723880597014925 0.028 0.07985074626865672
3 0.6275 0.5447761194029851 0.035 0.08134328358208955
3 0.6755 0.7119402985074627 0.037 0.0962686567164179
3 0.721 0.6985074626865672 0.0335 0.09402985074626866
3 0.79 0.7664179104477612 0.0455 0.09776119402985074
3 0.937 0.8417910447761194 0.0665 0.12611940298507462
3 0.6935 0.8880597014925373 0.048 0.11343283582089553
3 0.791 0.9223880597014925 0.048 0.14626865671641792
3 0.906 0.9388059701492537 0.0525 0.12238805970149254
3 0.9295 0.9656716417910448 0.0615 0.06791044776119402
1 0.482 0.4783582089552239 0.067 0.1253731343283582
1 0.426 0.27313432835820894 0.0335 0.058208955223880594
2 0.3025 0.4305970149253731 0.023 0.06791044776119402
2 0.0885 0.5582089552238806 0.0305 0.08507462686567165
2 0.22 0.42835820895522386 0.025 0.06119402985074627
2 0.6715 0.7470149253731343 0.035 0.11641791044776119
2 0.719 0.744776119402985 0.047 0.11492537313432835
2 0.6905 0.9238805970149254 0.064 0.15223880597014924
2 0.7915 0.9350746268656717 0.0715 0.12985074626865672
2 0.9005 0.9567164179104478 0.0845 0.08656716417910448
2 0.928 0.8671641791044776 0.0525 0.15223880597014924
2 0.5845 0.6141791044776119 0.0345 0.10074626865671642
2 0.628 0.573134328358209 0.0345 0.08955223880597014
2 0.685 0.608955223880597 0.035 0.08955223880597014
3 0.657 0.4552238805970149 0.0225 0.08955223880597014