1 0.4855 0.5537313432835821 0.087 0.14850746268656717
1 0.6265 0.45149253731343286 0.068 0.14402985074626865
1 0.766 0.6350746268656716 0.123 0.2007462686567164
1 0.861 0.8686567164179104 0.2055 0.2626865671641791
1 0.5135 0.38283582089552237 0.0555 0.0880597014925373
2 0.947 0.7828358208955224 0.036 0.13134328358208955
2 0.8775 0.5962686567164179 0.0285 0.0962686567164179
2 0.9215 0.5611940298507463 0.0225 0.09029850746268657
3 0.0965 0.7626865671641792 0.034 0.13134328358208955
3 0.935 0.6962686567164179 0.036 0.08134328358208955
3 0.868 0.5380597014925373 0.0275 0.05149253731343283
3 0.9155 0.5007462686567165 0.032 0.05522388059701493