1 0.467 0.41865671641791047 0.072 0.1208955223880597
1 0.593 0.46492537313432836 0.078 0.12761194029850748
1 0.569 0.376865671641791 0.0585 0.08507462686567165
0 0.9645 0.5604477611940298 0.071 0.22611940298507463
2 0.128 0.45597014925373136 0.083 0.06791044776119402
2 0.7225 0.6708955223880597 0.0975 0.07761194029850746
2 0.6375 0.6261194029850746 0.028 0.06119402985074627
2 0.5595 0.5597014925373134 0.0265 0.08582089552238806
2 0.4505 0.514179104477612 0.0445 0.09179104477611941
2 0.8505 0.6014925373134329 0.0695 0.1
2 0.751 0.5686567164179105 0.0635 0.08208955223880597
2 0.6685 0.5074626865671642 0.024 0.06492537313432836
2 0.71 0.49776119402985075 0.051 0.08208955223880597
2 0.817 0.5440298507462686 0.0625 0.07611940298507462
2 0.887 0.5537313432835821 0.0665 0.08208955223880597
3 0.125 0.4246268656716418 0.0205 0.0791044776119403
3 0.1415 0.4216417910447761 0.017 0.0791044776119403
3 0.5625 0.508955223880597 0.0265 0.08208955223880597
3 0.6355 0.5783582089552238 0.0415 0.08208955223880597
3 0.7205 0.6529850746268657 0.035 0.13059701492537312
3 0.7635 0.5373134328358209 0.0365 0.13059701492537312
3 0.669 0.4746268656716418 0.021 0.10298507462686567
3 0.707 0.4619402985074627 0.033 0.09850746268656717
3 0.824 0.5350746268656716 0.021 0.10522388059701493
3 0.852 0.5753731343283582 0.0335 0.1126865671641791
3 0.903 0.4761194029850746 0.0015 0.0029850746268656717