1 0.578 0.4223880597014925 0.077 0.10373134328358209
1 0.601 0.3485074626865672 0.043 0.0708955223880597
1 0.7135 0.2791044776119403 0.0285 0.049253731343283584
1 0.6745 0.26417910447761195 0.032 0.04029850746268657
1 0.759 0.2671641791044776 0.0285 0.05223880597014925
1 0.623 0.3074626865671642 0.032 0.05373134328358209
0 0.543 0.22313432835820896 0.037 0.04776119402985075
2 0.8905 0.6455223880597015 0.038 0.10373134328358209
2 0.7235 0.3761194029850746 0.0285 0.03880597014925373
2 0.782 0.3805970149253731 0.037 0.03880597014925373
2 0.821 0.3694029850746269 0.015 0.034328358208955224
2 0.896 0.4044776119402985 0.0185 0.04776119402985075
2 0.8545 0.3716417910447761 0.0185 0.03880597014925373
2 0.922 0.3813432835820896 0.0185 0.03134328358208955
2 0.5445 0.35149253731343283 0.0285 0.03731343283582089
2 0.3045 0.33955223880597013 0.043 0.025373134328358207
2 0.3435 0.33507462686567163 0.044 0.028358208955223882
2 0.2405 0.3529850746268657 0.0285 0.022388059701492536
2 0.973 0.3843283582089552 0.0125 0.034328358208955224
3 0.895 0.5902985074626865 0.032 0.06791044776119402
3 0.731 0.3455223880597015 0.021 0.05223880597014925
3 0.7825 0.3440298507462687 0.026 0.049253731343283584
3 0.8225 0.3447761194029851 0.0205 0.04776119402985075
3 0.852 0.34328358208955223 0.0185 0.03582089552238806
3 0.8925 0.37089552238805973 0.022 0.03134328358208955
3 0.541 0.3253731343283582 0.0205 0.03880597014925373
3 0.3425 0.30671641791044774 0.0145 0.04328358208955224
3 0.3075 0.31716417910447764 0.017 0.04029850746268657
3 0.2465 0.33134328358208953 0.015 0.03880597014925373
3 0.202 0.3276119402985075 0.016 0.04626865671641791
3 0.951 0.46492537313432836 0.032 0.0664179104477612
3 0.973 0.3567164179104478 0.0125 0.03880597014925373