3 0.7395 0.7753731343283582 0.0435 0.10820895522388059
3 0.722 0.5283582089552239 0.0275 0.0873134328358209
3 0.8305 0.45223880597014926 0.0245 0.05373134328358209
3 0.9095 0.49850746268656715 0.034 0.06492537313432836
3 0.8135 0.39850746268656717 0.022 0.04328358208955224
3 0.136 0.3746268656716418 0.0205 0.06492537313432836
3 0.408 0.30895522388059704 0.0205 0.04776119402985075
3 0.506 0.3119402985074627 0.0135 0.033582089552238806
3 0.534 0.31865671641791044 0.0205 0.03955223880597015
3 0.5735 0.31865671641791044 0.0175 0.030597014925373135
3 0.6375 0.38656716417910447 0.0245 0.04253731343283582
2 0.736 0.8723880597014926 0.0635 0.15597014925373134
2 0.7225 0.5865671641791045 0.0315 0.08880597014925373
2 0.832 0.4992537313432836 0.0245 0.09179104477611941
2 0.9105 0.5365671641791044 0.038 0.07611940298507462
2 0.8935 0.45671641791044776 0.0275 0.055970149253731345
2 0.812 0.4343283582089552 0.0275 0.050746268656716415
2 0.635 0.4291044776119403 0.026 0.05522388059701493
2 0.6675 0.3970149253731343 0.042 0.04626865671641791
2 0.576 0.373134328358209 0.0255 0.041044776119402986
2 0.696 0.376865671641791 0.0285 0.03507462686567164
2 0.7185 0.3611940298507463 0.0245 0.030597014925373135
2 0.9565 0.41940298507462687 0.0175 0.049253731343283584
1 0.3075 0.37089552238805973 0.105 0.08134328358208955
1 0.2965 0.3037313432835821 0.072 0.05522388059701493
3 0.2585 0.3641791044776119 0.014 0.05223880597014925