1 0.1245 0.5604477611940298 0.196 0.2082089552238806
1 0.2255 0.6380597014925373 0.2235 0.24402985074626865
4 0.392 0.33507462686567163 0.1125 0.18358208955223881
1 0.8505 0.39925373134328357 0.099 0.14328358208955225
0 0.726 0.3074626865671642 0.0925 0.19328358208955224
1 0.4815 0.2291044776119403 0.0415 0.06194029850746269
3 0.889 0.2664179104477612 0.0155 0.05149253731343283
2 0.0555 0.3276119402985075 0.042 0.08880597014925373
1 0.5305 0.22686567164179106 0.035 0.06044776119402985
2 0.9725 0.46492537313432836 0.025 0.07238805970149254
4 0.928 0.7820895522388059 0.144 0.43582089552238806
4 0.6855 0.1947761194029851 0.0355 0.07014925373134329
1 0.719 0.18358208955223881 0.0255 0.03955223880597015
3 0.975 0.408955223880597 0.0305 0.049253731343283584