0 0.549 0.21641791044776118 0.1605 0.13656716417910447
1 0.2315 0.2082089552238806 0.029 0.04402985074626865
1 0.233 0.1791044776119403 0.0265 0.029850746268656716
1 0.926 0.21641791044776118 0.0715 0.06119402985074627
1 0.9625 0.19552238805970149 0.0475 0.04552238805970149
3 0.4005 0.2671641791044776 0.014 0.05895522388059701
3 0.412 0.2716417910447761 0.013 0.06119402985074627
2 0.3995 0.29776119402985074 0.0505 0.04776119402985075
2 0.4505 0.28582089552238804 0.0555 0.04701492537313433
2 0.603 0.2783582089552239 0.0455 0.05298507462686567
3 0.6035 0.24925373134328357 0.0205 0.08208955223880597
3 0.965 0.2291044776119403 0.012 0.06417910447761194
2 0.9625 0.2417910447761194 0.0325 0.041044776119402986