1 0.2475 0.858955223880597 0.3655 0.282089552238806
2 0.5335 0.6738805970149254 0.1455 0.10597014925373134
3 0.5245 0.6402985074626866 0.032 0.15223880597014924
2 0.576 0.9298507462686567 0.163 0.13955223880597015
2 0.552 0.8 0.1495 0.12611940298507462
2 0.7115 0.7843283582089552 0.1335 0.13880597014925372
2 0.084 0.5940298507462687 0.106 0.11417910447761194
2 0.0085 0.7007462686567164 0.017 0.09402985074626866
2 0.1945 0.5597014925373134 0.107 0.10820895522388059
2 0.197 0.6402985074626866 0.106 0.10746268656716418
2 0.2525 0.47686567164179106 0.0465 0.08582089552238806
2 0.343 0.5253731343283582 0.0495 0.10298507462686567
2 0.418 0.26119402985074625 0.0365 0.0955223880597015
2 0.4835 0.3597014925373134 0.035 0.07014925373134329
2 0.5665 0.3813432835820896 0.0525 0.07462686567164178
2 0.7915 0.7044776119402985 0.1025 0.12238805970149254
2 0.851 0.5701492537313433 0.0825 0.12686567164179105
2 0.7485 0.6074626865671642 0.0595 0.10597014925373134
2 0.64 0.6104477611940299 0.06 0.1
2 0.452 0.491044776119403 0.0545 0.1
2 0.379 0.6380597014925373 0.1125 0.12388059701492538
2 0.3615 0.691044776119403 0.1235 0.1291044776119403
2 0.906 0.7902985074626866 0.1315 0.1291044776119403
2 0.971 0.8522388059701492 0.058 0.13955223880597015
2 0.8975 0.6604477611940298 0.0705 0.11417910447761194
2 0.955 0.4835820895522388 0.061 0.15671641791044777
2 0.4625 0.17537313432835822 0.0215 0.08507462686567165
3 0.0775 0.5708955223880597 0.037 0.16791044776119404
3 0.2695 0.6738805970149254 0.032 0.08955223880597014
3 0.2305 0.6716417910447762 0.046 0.09179104477611941
3 0.1945 0.6238805970149254 0.0315 0.16343283582089552
3 0.1905 0.5074626865671642 0.041 0.0880597014925373
3 0.211 0.45746268656716416 0.049 0.15522388059701492
3 0.2535 0.367910447761194 0.0345 0.07686567164179105
3 0.3185 0.4052238805970149 0.028 0.16417910447761194
3 0.3715 0.47388059701492535 0.0465 0.08358208955223881
3 0.3805 0.5708955223880597 0.0485 0.07835820895522388
3 0.3485 0.7134328358208956 0.0525 0.07014925373134329
3 0.354 0.6395522388059701 0.053 0.09925373134328358
3 0.5535 0.7701492537313432 0.0475 0.191044776119403
3 0.5955 0.732089552238806 0.0455 0.11492537313432835
3 0.587 0.8917910447761194 0.0655 0.1917910447761194
3 0.718 0.753731343283582 0.0555 0.17537313432835822
3 0.623 0.5462686567164179 0.0455 0.0880597014925373
3 0.7945 0.573134328358209 0.0465 0.09104477611940298
3 0.795 0.6470149253731343 0.0525 0.10522388059701493
3 0.918 0.7634328358208955 0.0715 0.16567164179104477
3 0.965 0.7335820895522388 0.0445 0.12388059701492538
3 0.8485 0.5410447761194029 0.041 0.14402985074626865
3 0.943 0.6335820895522388 0.0535 0.12313432835820895
3 0.985 0.6276119402985074 0.0295 0.09850746268656717
1 0.95 0.9485074626865672 0.1 0.1
3 0.357 0.3111940298507463 0.03 0.07462686567164178
3 0.4865 0.30074626865671644 0.039 0.07985074626865672
3 0.575 0.3119402985074627 0.038 0.0791044776119403
1 0.633 0.2298507462686567 0.077 0.191044776119403
1 0.4995 0.10373134328358209 0.076 0.11716417910447761