1 0.7175 0.3373134328358209 0.078 0.15895522388059702
1 0.6735 0.20149253731343283 0.0425 0.09029850746268657
2 0.8905 0.758955223880597 0.0525 0.14850746268656717
2 0.987 0.6343283582089553 0.026 0.11865671641791045
2 0.9215 0.4962686567164179 0.0415 0.0955223880597015
2 0.758 0.5477611940298508 0.0425 0.11716417910447761
3 0.2865 0.6850746268656717 0.0345 0.17238805970149254
3 0.8795 0.6835820895522388 0.0445 0.1537313432835821
3 0.9835 0.6 0.0325 0.1664179104477612
3 0.9085 0.48880597014925375 0.0405 0.15
3 0.7565 0.517910447761194 0.022 0.1126865671641791
3 0.213 0.5776119402985075 0.024 0.12462686567164179
3 0.125 0.8835820895522388 0.0495 0.15074626865671642
2 0.1425 0.9059701492537313 0.084 0.1880597014925373