2 0.592 0.682089552238806 0.095 0.12985074626865672
2 0.6955 0.8477611940298507 0.054 0.11716417910447761
2 0.676 0.7067164179104478 0.096 0.12686567164179105
2 0.4675 0.5985074626865672 0.095 0.10970149253731343
2 0.5225 0.5261194029850746 0.0795 0.08208955223880597
2 0.9005 0.5656716417910448 0.064 0.0962686567164179
2 0.9755 0.6440298507462686 0.0485 0.12388059701492538
2 0.4325 0.48208955223880595 0.032 0.08880597014925373
2 0.7315 0.4783582089552239 0.049 0.07611940298507462
2 0.834 0.5097014925373134 0.0475 0.08358208955223881
1 0.9765 0.48507462686567165 0.047 0.10970149253731343
1 0.2655 0.3619402985074627 0.0625 0.08582089552238806
1 0.24 0.30895522388059704 0.05 0.07611940298507462
3 0.4755 0.5597014925373134 0.041 0.1373134328358209
3 0.6005 0.6447761194029851 0.04 0.1664179104477612
3 0.7095 0.7492537313432835 0.0535 0.15298507462686567
3 0.6835 0.6485074626865671 0.045 0.16492537313432837
3 0.737 0.45671641791044776 0.0285 0.08880597014925373
3 0.801 0.4544776119402985 0.032 0.08208955223880597
3 0.844 0.4798507462686567 0.0375 0.09925373134328358
3 0.9125 0.5402985074626866 0.0305 0.12985074626865672
3 0.981 0.594776119402985 0.038 0.11940298507462686
3 0.432 0.45 0.0245 0.09328358208955224
3 0.5315 0.5074626865671642 0.0255 0.13432835820895522
3 0.5125 0.4992537313432836 0.031 0.1126865671641791
3 0.613 0.5597014925373134 0.037 0.11417910447761194
3 0.639 0.48955223880597015 0.032 0.09328358208955224
3 0.675 0.417910447761194 0.031 0.05223880597014925
2 0.6735 0.46567164179104475 0.0255 0.07761194029850746
2 0.637 0.5194029850746269 0.059 0.07164179104477612