1 0.2235 0.25298507462686565 0.0875 0.050746268656716415
2 0.08 0.29776119402985074 0.0315 0.04253731343283582
2 0.756 0.45671641791044776 0.0605 0.09776119402985074
2 0.833 0.42835820895522386 0.061 0.09104477611940298
2 0.976 0.6067164179104477 0.048 0.1208955223880597
2 0.9565 0.4634328358208955 0.0535 0.08432835820895522
2 0.703 0.5626865671641791 0.0625 0.11865671641791045
1 0.4995 0.1798507462686567 0.043 0.07014925373134329
1 0.7065 0.19328358208955224 0.0315 0.06940298507462686
1 0.746 0.20223880597014926 0.0295 0.06567164179104477
1 0.668 0.1917910447761194 0.028 0.06194029850746269
3 0.7035 0.4925373134328358 0.0315 0.1044776119402985