2 0.7835 0.8402985074626865 0.1545 0.17238805970149254
2 0.433 0.7888059701492537 0.099 0.15522388059701492
2 0.498 0.673134328358209 0.096 0.12611940298507462
2 0.923 0.6634328358208955 0.124 0.1208955223880597
2 0.771 0.5955223880597015 0.0905 0.11940298507462686
2 0.675 0.6059701492537314 0.106 0.11791044776119403
2 0.226 0.6365671641791045 0.0705 0.1291044776119403
2 0.3025 0.5671641791044776 0.071 0.10671641791044777
2 0.1515 0.6343283582089553 0.061 0.11791044776119403
2 0.0865 0.585820895522388 0.0385 0.09477611940298507
2 0.1475 0.5447761194029851 0.05 0.08880597014925373
2 0.248 0.4701492537313433 0.051 0.08208955223880597
2 0.5525 0.43134328358208956 0.047 0.0708955223880597
2 0.6575 0.38656716417910447 0.021 0.05149253731343283
2 0.623 0.3888059701492537 0.0275 0.06940298507462686
2 0.5975 0.3753731343283582 0.029 0.05447761194029851
2 0.735 0.3 0.0225 0.030597014925373135
2 0.8345 0.41567164179104477 0.0455 0.06791044776119402
2 0.1575 0.47238805970149256 0.0415 0.058208955223880594
2 0.039 0.5477611940298508 0.039 0.0791044776119403
2 0.084 0.5149253731343284 0.032 0.03731343283582089
2 0.0975 0.44402985074626866 0.039 0.04029850746268657
2 0.314 0.514179104477612 0.069 0.06940298507462686
2 0.718 0.28507462686567164 0.0125 0.03507462686567164
2 0.688 0.7179104477611941 0.101 0.10298507462686567
2 0.449 0.5992537313432836 0.086 0.0873134328358209
3 0.687 0.5701492537313433 0.0335 0.11492537313432835
3 0.7695 0.558955223880597 0.0265 0.1455223880597015
3 0.925 0.6253731343283582 0.061 0.15447761194029852
3 0.826 0.3746268656716418 0.032 0.06417910447761194
3 0.6585 0.35074626865671643 0.0205 0.04552238805970149
3 0.629 0.3447761194029851 0.017 0.04701492537313433
3 0.604 0.3365671641791045 0.0155 0.05447761194029851
3 0.5515 0.3858208955223881 0.022 0.04701492537313433
3 0.782 0.8082089552238806 0.056 0.23880597014925373
3 0.6795 0.6574626865671642 0.039 0.11492537313432835
3 0.685 0.5574626865671641 0.0265 0.10970149253731343
3 0.425 0.7216417910447761 0.033 0.18507462686567164
3 0.464 0.5873134328358209 0.0265 0.11940298507462686
3 0.4875 0.6231343283582089 0.0295 0.15671641791044777
3 0.442 0.5447761194029851 0.0235 0.09850746268656717
3 0.2265 0.5701492537313433 0.025 0.09029850746268657
3 0.21 0.5723880597014925 0.0195 0.10522388059701493
3 0.296 0.5291044776119403 0.033 0.11417910447761194
3 0.317 0.467910447761194 0.025 0.08059701492537313
3 0.2515 0.44328358208955226 0.0235 0.07462686567164178
3 0.1615 0.43134328358208956 0.0275 0.0791044776119403
3 0.143 0.5783582089552238 0.0295 0.10970149253731343
3 0.2145 0.508955223880597 0.0275 0.07611940298507462
3 0.0745 0.5365671641791044 0.029 0.09029850746268657
3 0.03 0.491044776119403 0.024 0.07388059701492537
3 0.1075 0.45298507462686566 0.015 0.06940298507462686
3 0.0385 0.43582089552238806 0.0235 0.06940298507462686
3 0.7365 0.2746268656716418 0.011 0.03208955223880597
3 0.142 0.5022388059701492 0.022 0.08208955223880597