1 0.39 0.6141791044776119 0.147 0.13059701492537312
1 0.6795 0.6559701492537313 0.19 0.15671641791044777
1 0.1135 0.6880597014925374 0.196 0.14029850746268657
1 0.0305 0.6059701492537314 0.058 0.15149253731343285
1 0.9785 0.6455223880597015 0.043 0.13582089552238805
1 0.5735 0.3164179104477612 0.042 0.058208955223880594
1 0.5395 0.30074626865671644 0.04 0.06492537313432836
1 0.3005 0.5567164179104478 0.165 0.13059701492537312
2 0.1425 0.5194029850746269 0.057 0.05298507462686567
2 0.6305 0.5149253731343284 0.0595 0.05
2 0.8405 0.6298507462686567 0.0625 0.0708955223880597
2 0.9515 0.5492537313432836 0.053 0.05970149253731343
2 0.393 0.5261194029850746 0.0405 0.05522388059701493
3 0.3855 0.4992537313432836 0.0195 0.09029850746268657
3 0.1445 0.49477611940298505 0.022 0.0791044776119403
3 0.633 0.49701492537313435 0.0165 0.07761194029850746
3 0.646 0.49402985074626865 0.022 0.06791044776119402
3 0.8485 0.6111940298507462 0.0205 0.09701492537313433
3 0.9585 0.5231343283582089 0.0155 0.0708955223880597
3 0.78 0.4014925373134328 0.0225 0.07238805970149254