1 0.8345 0.8977611940298508 0.2555 0.20373134328358208
1 0.9565 0.46044776119402986 0.087 0.10522388059701493
1 0.589 0.6529850746268657 0.1475 0.19328358208955224
1 0.8225 0.6753731343283582 0.1955 0.19850746268656716
1 0.3675 0.36268656716417913 0.066 0.08432835820895522
1 0.537 0.4223880597014925 0.087 0.10074626865671642
1 0.456 0.45671641791044776 0.115 0.1708955223880597
1 0.398 0.3044776119402985 0.054 0.06417910447761194
1 0.2905 0.28134328358208954 0.046 0.06417910447761194
1 0.478 0.22388059701492538 0.0655 0.08955223880597014
1 0.281 0.2 0.031 0.041044776119402986
0 0.246 0.15522388059701492 0.033 0.056716417910447764