1 0.6965 0.42014925373134326 0.126 0.11940298507462686
3 0.2005 0.6111940298507462 0.0345 0.15597014925373134
3 0.119 0.505223880597015 0.027 0.141044776119403
3 0.19 0.46119402985074626 0.022 0.11716417910447761
3 0.2685 0.5231343283582089 0.023 0.13805970149253732
2 0.094 0.5067164179104477 0.0625 0.07537313432835821
2 0.192 0.4843283582089552 0.081 0.07462686567164178
2 0.2045 0.6835820895522388 0.084 0.11791044776119403
2 0.2755 0.5425373134328358 0.084 0.08656716417910448
2 0.661 0.45223880597014926 0.052 0.07985074626865672
2 0.7265 0.4783582089552239 0.059 0.08208955223880597
2 0.864 0.6111940298507462 0.078 0.13134328358208955