1 0.5365 0.6888059701492537 0.1075 0.18880597014925374
1 0.649 0.6738805970149254 0.1135 0.1746268656716418
2 0.9795 0.9261194029850747 0.041 0.14776119402985075
3 0.9875 0.905223880597015 0.025 0.15746268656716417
3 0.99 0.9037313432835821 0.02 0.11716417910447761
3 0.7465 0.5305970149253731 0.0125 0.07985074626865672
3 0.741 0.5149253731343284 0.0165 0.08880597014925373
3 0.885 0.5537313432835821 0.019 0.08358208955223881
3 0.874 0.55 0.0165 0.08208955223880597
2 0.0915 0.6544776119402985 0.046 0.10597014925373134
3 0.089 0.6119402985074627 0.0385 0.11791044776119403
3 0.102 0.6029850746268657 0.0285 0.11641791044776119
2 0.1495 0.47238805970149256 0.029 0.07761194029850746
3 0.152 0.45 0.023 0.09104477611940298
2 0.2075 0.4671641791044776 0.024 0.07686567164179105
3 0.21 0.44477611940298506 0.017 0.06343283582089553
3 0.2115 0.4343283582089552 0.017 0.06940298507462686
2 0.171 0.3940298507462687 0.017 0.056716417910447764
3 0.175 0.3649253731343284 0.014 0.058208955223880594
2 0.2445 0.3417910447761194 0.015 0.05447761194029851
3 0.2445 0.3164179104477612 0.0095 0.034328358208955224
1 0.346 0.4082089552238806 0.053 0.09477611940298507
1 0.4745 0.4171641791044776 0.056 0.09328358208955224
1 0.549 0.40746268656716417 0.0715 0.13507462686567165
2 0.6075 0.4246268656716418 0.016 0.058208955223880594
3 0.6085 0.40298507462686567 0.0115 0.04626865671641791
2 0.5865 0.43507462686567167 0.0085 0.03880597014925373
3 0.5875 0.3970149253731343 0.009 0.03805970149253731
0 0.4535 0.2798507462686567 0.0525 0.12686567164179105
2 0.5305 0.3291044776119403 0.0105 0.023134328358208955
3 0.53 0.30895522388059704 0.0135 0.041044776119402986
2 0.5465 0.3201492537313433 0.0115 0.027611940298507463
3 0.5475 0.30223880597014924 0.0095 0.03805970149253731
2 0.287 0.32238805970149254 0.0185 0.04776119402985075
3 0.287 0.3 0.014 0.03880597014925373
2 0.3175 0.3119402985074627 0.0125 0.041791044776119404
3 0.319 0.2865671641791045 0.0115 0.027611940298507463
1 0.364 0.26865671641791045 0.0315 0.06716417910447761
2 0.3105 0.26417910447761195 0.009 0.03134328358208955
3 0.3105 0.24701492537313433 0.0085 0.023134328358208955