1 0.588 0.5343283582089552 0.1715 0.2373134328358209
1 0.789 0.4955223880597015 0.128 0.2291044776119403
0 0.746 0.9492537313432836 0.405 0.10074626865671642
1 0.749 0.3335820895522388 0.0835 0.141044776119403
2 0.144 0.8656716417910447 0.123 0.17313432835820897
2 0.4235 0.9119402985074627 0.1135 0.1761194029850746
2 0.3765 0.7902985074626866 0.081 0.13656716417910447
2 0.2315 0.6567164179104478 0.0765 0.10970149253731343
2 0.3095 0.65 0.061 0.1291044776119403
2 0.365 0.7 0.0635 0.12313432835820895
2 0.479 0.5798507462686567 0.052 0.09104477611940298
2 0.4235 0.5716417910447761 0.052 0.08955223880597014
2 0.87 0.8619402985074627 0.0715 0.13656716417910447
2 0.9465 0.6902985074626866 0.039 0.08358208955223881
2 0.896 0.682089552238806 0.037 0.09402985074626866
2 0.029 0.8343283582089552 0.058 0.1664179104477612
2 0.072 0.49477611940298505 0.0445 0.08507462686567165
2 0.0265 0.514179104477612 0.042 0.08955223880597014
2 0.3435 0.46492537313432836 0.0835 0.05895522388059701
2 0.2965 0.9865671641791045 0.069 0.026865671641791045
2 0.3975 0.5313432835820896 0.027 0.0791044776119403
2 0.4825 0.4634328358208955 0.0455 0.07313432835820896
2 0.539 0.4097014925373134 0.0345 0.057462686567164176
2 0.918 0.5529850746268656 0.0245 0.07313432835820896
2 0.9525 0.503731343283582 0.033 0.06865671641791045
2 0.9875 0.5798507462686567 0.025 0.08432835820895522
3 0.2295 0.5895522388059702 0.0315 0.12014925373134329
3 0.254 0.5813432835820895 0.029 0.11567164179104478
3 0.1375 0.7992537313432836 0.0485 0.2171641791044776
3 0.2775 0.9589552238805971 0.07 0.08208955223880597
3 0.236 0.9671641791044776 0.045 0.06567164179104477
3 0.008 0.7723880597014925 0.016 0.15522388059701492
3 0.3855 0.8626865671641791 0.071 0.18507462686567164
3 0.4215 0.8470149253731343 0.0555 0.1925373134328358
3 0.3805 0.6992537313432836 0.051 0.15970149253731344
3 0.3645 0.6149253731343284 0.034 0.0791044776119403
3 0.3695 0.5634328358208955 0.0315 0.07611940298507462
3 0.3095 0.6067164179104477 0.038 0.14850746268656717
3 0.226 0.6141791044776119 0.039 0.17164179104477612
3 0.8695 0.7738805970149254 0.041 0.19776119402985073
3 0.9825 0.9843283582089553 0.035 0.03134328358208955
3 0.894 0.6134328358208955 0.0395 0.15
3 0.9545 0.6246268656716418 0.048 0.13955223880597015
3 0.9165 0.5119402985074627 0.038 0.09402985074626866
3 0.986 0.5261194029850746 0.0275 0.12238805970149254
3 0.021 0.45597014925373136 0.038 0.06716417910447761
3 0.4315 0.5059701492537313 0.0295 0.08507462686567165
3 0.476 0.5194029850746269 0.033 0.07313432835820896
3 0.416 0.4783582089552239 0.0315 0.07014925373134329
3 0.3435 0.4388059701492537 0.0265 0.09701492537313433