1 0.9005 0.35149253731343283 0.0965 0.057462686567164176
1 0.6825 0.28432835820895525 0.058 0.03805970149253731
1 0.303 0.2656716417910448 0.0255 0.03208955223880597
1 0.255 0.25298507462686565 0.0205 0.029104477611940297
2 0.632 0.38731343283582087 0.0435 0.03805970149253731
2 0.6955 0.40373134328358207 0.045 0.041044776119402986
2 0.3605 0.3895522388059702 0.0325 0.041044776119402986
2 0.4555 0.3805970149253731 0.0445 0.05970149253731343
2 0.106 0.4828358208955224 0.04 0.07686567164179105
2 0.1755 0.40671641791044777 0.018 0.07835820895522388
2 0.274 0.3567164179104478 0.048 0.056716417910447764
2 0.3265 0.3604477611940298 0.023 0.05
2 0.3935 0.367910447761194 0.026 0.05447761194029851
2 0.546 0.38283582089552237 0.0615 0.06940298507462686
2 0.5985 0.36716417910447763 0.0305 0.058208955223880594
2 0.73 0.3701492537313433 0.0345 0.06791044776119402
2 0.791 0.3701492537313433 0.027 0.048507462686567165
2 0.833 0.3761194029850746 0.0275 0.06044776119402985
2 0.052 0.4373134328358209 0.0315 0.05447761194029851
2 0.01 0.4544776119402985 0.02 0.06492537313432836