1 0.36 0.4253731343283582 0.075 0.12761194029850748
1 0.462 0.3895522388059702 0.097 0.10074626865671642
1 0.662 0.38656716417910447 0.159 0.1126865671641791
1 0.862 0.8626865671641791 0.2755 0.2738805970149254
1 0.97 0.40671641791044777 0.06 0.11194029850746269
1 0.864 0.3776119402985075 0.1075 0.11567164179104478
1 0.801 0.3194029850746269 0.082 0.07537313432835821
1 0.673 0.2798507462686567 0.0615 0.06791044776119402
1 0.7265 0.27313432835820894 0.0585 0.05373134328358209
1 0.3735 0.2835820895522388 0.05 0.04477611940298507
1 0.5875 0.26492537313432835 0.0575 0.04328358208955224
1 0.5755 0.23656716417910448 0.05 0.03283582089552239
1 0.4015 0.20970149253731343 0.037 0.05373134328358209