1 0.5825 0.5395522388059701 0.0355 0.050746268656716415
3 0.3525 0.7037313432835821 0.026 0.06865671641791045
1 0.4135 0.5134328358208955 0.0345 0.041044776119402986
2 0.353 0.7261194029850746 0.023 0.03507462686567164
1 0.3465 0.5485074626865671 0.0515 0.049253731343283584
2 0.1905 0.9328358208955224 0.0765 0.11567164179104478
2 0.17 0.8559701492537314 0.065 0.12388059701492538
3 0.171 0.8171641791044776 0.0145 0.10298507462686567
3 0.188 0.8947761194029851 0.0215 0.09253731343283582
1 0.596 0.49776119402985075 0.033 0.05
4 0.6415 0.45298507462686566 0.0345 0.08358208955223881
4 0.616 0.42313432835820897 0.0325 0.0708955223880597