3 0.6145 0.7597014925373134 0.0765 0.19029850746268656
3 0.551 0.9425373134328359 0.073 0.11417910447761194
3 0.4895 0.9298507462686567 0.087 0.14029850746268657
3 0.7195 0.6723880597014925 0.0815 0.18880597014925374
3 0.6945 0.6492537313432836 0.0575 0.17686567164179104
3 0.9335 0.6850746268656717 0.0715 0.21044776119402986
3 0.4895 0.46865671641791046 0.0465 0.11716417910447761
3 0.3155 0.46492537313432836 0.0525 0.12462686567164179
3 0.856 0.3246268656716418 0.048 0.07164179104477612
2 0.9255 0.7082089552238806 0.1265 0.1783582089552239
2 0.602 0.8380597014925373 0.1255 0.2007462686567164
2 0.694 0.6865671641791045 0.111 0.16716417910447762
2 0.484 0.5067164179104477 0.067 0.10522388059701493
2 0.493 0.9552238805970149 0.173 0.08955223880597014
2 0.3165 0.5059701492537313 0.0455 0.07761194029850746
2 0.043 0.8216417910447761 0.086 0.11791044776119403
2 0.0355 0.5895522388059702 0.071 0.1044776119402985
1 0.508 0.2126865671641791 0.0575 0.07014925373134329
2 0.86 0.367910447761194 0.0595 0.06343283582089553
2 0.71 0.2992537313432836 0.0335 0.058208955223880594
3 0.713 0.2701492537313433 0.015 0.05