3 0.566 0.5686567164179105 0.0635 0.15074626865671642
3 0.6945 0.5007462686567165 0.061 0.11194029850746269
3 0.867 0.5529850746268656 0.0625 0.1291044776119403
3 0.8915 0.7141791044776119 0.0675 0.14925373134328357
3 0.37 0.664179104477612 0.046 0.15597014925373134
3 0.3375 0.6507462686567164 0.0495 0.14477611940298507
3 0.1235 0.7149253731343284 0.037 0.1537313432835821
3 0.01 0.6156716417910447 0.02 0.1537313432835821
3 0.0325 0.7022388059701492 0.0355 0.2007462686567164
3 0.1975 0.5940298507462687 0.047 0.09925373134328358
3 0.416 0.7216417910447761 0.066 0.11492537313432835
3 0.8105 0.6298507462686567 0.074 0.13059701492537312
1 0.33 0.8850746268656716 0.5735 0.2298507462686567
4 0.498 0.1865671641791045 0.0775 0.14029850746268657
4 0.761 0.8388059701492537 0.2445 0.32238805970149254
4 0.248 0.25522388059701495 0.0915 0.13880597014925372
2 0.5675 0.6246268656716418 0.1275 0.10746268656716418
2 0.707 0.5395522388059701 0.131 0.09029850746268657
2 0.381 0.7067164179104478 0.154 0.09179104477611941
2 0.249 0.6343283582089553 0.0635 0.0962686567164179
2 0.0475 0.7261194029850746 0.095 0.12462686567164179
2 0.0325 0.6798507462686567 0.065 0.12164179104477611
2 0.9695 0.8544776119402985 0.0605 0.10597014925373134
2 0.871 0.7634328358208955 0.177 0.15223880597014924
2 0.985 0.7335820895522388 0.03 0.10298507462686567
2 0.9775 0.5776119402985075 0.045 0.08656716417910448
2 0.864 0.5813432835820895 0.15 0.09328358208955224
2 0.384 0.582089552238806 0.117 0.08880597014925373
2 0.582 0.3358208955223881 0.0445 0.07462686567164178
2 0.5395 0.34626865671641793 0.0355 0.06567164179104477
2 0.471 0.3447761194029851 0.0345 0.06865671641791045
2 0.7545 0.33432835820895523 0.051 0.06194029850746269
2 0.6955 0.2947761194029851 0.0295 0.07313432835820896
3 0.5415 0.2992537313432836 0.0265 0.041791044776119404
3 0.4745 0.29850746268656714 0.0205 0.04701492537313433
3 0.5125 0.282089552238806 0.0305 0.06417910447761194