1 0.755 0.30149253731343284 0.12 0.12761194029850748
1 0.707 0.5417910447761194 0.202 0.1962686567164179
1 0.512 0.22462686567164178 0.055 0.08134328358208955
4 0.5965 0.8940298507462686 0.807 0.21194029850746268
2 0.1065 0.7253731343283583 0.1485 0.15
2 0.108 0.9917910447761195 0.158 0.016417910447761194
2 0.498 0.7485074626865672 0.113 0.14701492537313432
2 0.373 0.7291044776119403 0.1545 0.15447761194029852
2 0.728 0.7164179104477612 0.169 0.12611940298507462
2 0.9055 0.6865671641791045 0.146 0.11716417910447761
2 0.3365 0.6276119402985074 0.131 0.13059701492537312
2 0.535 0.6201492537313433 0.0995 0.10970149253731343
2 0.384 0.43134328358208956 0.0635 0.09029850746268657
2 0.03 0.42686567164179107 0.06 0.05970149253731343
2 0.438 0.3843283582089552 0.0415 0.07686567164179105
2 0.932 0.4455223880597015 0.043 0.058208955223880594
2 0.71 0.3783582089552239 0.0245 0.058208955223880594
2 0.573 0.3850746268656716 0.0405 0.07238805970149254
2 0.5065 0.3962686567164179 0.044 0.0708955223880597
3 0.1075 0.6791044776119403 0.07 0.16492537313432837
3 0.3225 0.5753731343283582 0.0685 0.10820895522388059
3 0.364 0.6925373134328359 0.0685 0.13507462686567165
3 0.391 0.6708955223880597 0.054 0.14850746268656717
3 0.5015 0.7014925373134329 0.0635 0.13208955223880597
3 0.7325 0.6962686567164179 0.043 0.19029850746268656
3 0.918 0.6440298507462686 0.032 0.14850746268656717
3 0.941 0.6305970149253731 0.0405 0.10970149253731343
3 0.983 0.5835820895522388 0.034 0.10149253731343283
3 0.9305 0.39477611940298507 0.0295 0.05522388059701493
3 0.7115 0.3335820895522388 0.038 0.06417910447761194
3 0.5375 0.5656716417910448 0.0405 0.10671641791044777
3 0.5065 0.5656716417910448 0.0415 0.09477611940298507
3 0.4645 0.5171641791044777 0.037 0.11119402985074626
3 0.488 0.5171641791044777 0.0345 0.10223880597014925
3 0.376 0.3723880597014925 0.0405 0.07388059701492537
3 0.0145 0.37910447761194027 0.029 0.05895522388059701
3 0.0625 0.9656716417910448 0.1 0.06865671641791045
3 0.0175 0.9619402985074627 0.035 0.07313432835820896
3 0.249 0.30074626865671644 0.0415 0.03880597014925373
3 0.3175 0.28507462686567164 0.037 0.04626865671641791