1 0.5405 0.2 0.055 0.06791044776119402
1 0.5095 0.18208955223880596 0.033 0.03955223880597015
2 0.949 0.676865671641791 0.0755 0.09253731343283582
2 0.247 0.29402985074626864 0.028 0.03955223880597015
3 0.7395 0.6029850746268657 0.1075 0.18208955223880596
3 0.8565 0.9 0.1505 0.19925373134328359
3 0.7525 0.7761194029850746 0.097 0.19776119402985073
3 0.5865 0.6559701492537313 0.092 0.21865671641791046
3 0.4715 0.7820895522388059 0.093 0.2291044776119403
3 0.602 0.891044776119403 0.1015 0.19552238805970149
3 0.2555 0.4597014925373134 0.1155 0.1708955223880597
3 0.04 0.3917910447761194 0.0365 0.14253731343283582
3 0.1395 0.3276119402985075 0.0465 0.10373134328358209
2 0.473 0.7843283582089552 0.1785 0.14029850746268657
2 0.759 0.7910447761194029 0.2615 0.1537313432835821
2 0.7535 0.6276119402985074 0.1955 0.14626865671641792
2 0.581 0.667910447761194 0.2265 0.16791044776119404
2 0.8515 0.9111940298507463 0.229 0.17761194029850746
2 0.5925 0.9059701492537313 0.237 0.1880597014925373
1 0.174 0.735820895522388 0.348 0.4925373134328358