3 0.88 0.35149253731343283 0.039 0.09477611940298507
3 0.6275 0.31343283582089554 0.034 0.06492537313432836
3 0.918 0.7276119402985075 0.062 0.2
3 0.816 0.7820895522388059 0.063 0.18134328358208956
3 0.9785 0.8470149253731343 0.043 0.16343283582089552
3 0.895 0.9761194029850746 0.0685 0.04701492537313433
3 0.256 0.9022388059701493 0.09 0.19552238805970149
3 0.983 0.5186567164179104 0.034 0.1417910447761194
3 0.2115 0.3723880597014925 0.028 0.07761194029850746
3 0.142 0.3761194029850746 0.0455 0.08507462686567165
1 0.564 0.8574626865671642 0.508 0.28507462686567164
1 0.529 0.20746268656716418 0.052 0.0791044776119403
0 0.027 0.5238805970149254 0.0535 0.33134328358208953
2 0.9605 0.5611940298507463 0.079 0.08656716417910448
2 0.873 0.4007462686567164 0.091 0.09253731343283582
2 0.613 0.36716417910447763 0.0755 0.08208955223880597
2 0.812 0.8246268656716418 0.1805 0.1798507462686567
2 0.9515 0.9037313432835821 0.0965 0.16044776119402984
2 0.2695 0.9276119402985075 0.1395 0.14477611940298507
2 0.5525 0.3597014925373134 0.038 0.08208955223880597
2 0.4985 0.3559701492537313 0.039 0.0880597014925373
2 0.2135 0.4164179104477612 0.072 0.0880597014925373
2 0.1505 0.41567164179104477 0.0545 0.08358208955223881
2 0.986 0.45149253731343286 0.028 0.10820895522388059
2 0.727 0.30522388059701494 0.0595 0.05447761194029851
2 0.919 0.7716417910447761 0.1175 0.15149253731343285
2 0.987 0.7171641791044776 0.026 0.1865671641791045