3 0.2385 0.6335820895522388 0.0655 0.15746268656716417
3 0.4595 0.6798507462686567 0.0485 0.15447761194029852
3 0.7045 0.7656716417910447 0.062 0.15223880597014924
3 0.8875 0.7388059701492538 0.047 0.21641791044776118
3 0.805 0.6738805970149254 0.0515 0.13805970149253732
3 0.9245 0.5761194029850746 0.04 0.13656716417910447
3 0.9065 0.4992537313432836 0.039 0.0955223880597015
3 0.7215 0.5447761194029851 0.0435 0.141044776119403
3 0.749 0.5380597014925373 0.0435 0.1253731343283582
3 0.663 0.44104477611940296 0.0435 0.10820895522388059
3 0.75 0.30522388059701494 0.032 0.03656716417910448
3 0.562 0.39477611940298507 0.0435 0.07164179104477612
3 0.541 0.5447761194029851 0.0575 0.12388059701492538
3 0.46 0.5940298507462687 0.04 0.09253731343283582
3 0.452 0.39477611940298507 0.04 0.06343283582089553
3 0.2885 0.2835820895522388 0.0485 0.0664179104477612
3 0.406 0.2708955223880597 0.031 0.04626865671641791
3 0.4445 0.28582089552238804 0.0275 0.04477611940298507
3 0.499 0.29701492537313434 0.0335 0.03955223880597015
3 0.478 0.26865671641791045 0.023 0.04477611940298507
1 0.486 0.21865671641791046 0.055 0.05522388059701493
3 0.615 0.2708955223880597 0.0335 0.049253731343283584
3 0.6735 0.6164179104477612 0.046 0.15447761194029852
3 0.5875 0.48208955223880595 0.031 0.10298507462686567
3 0.6095 0.5791044776119403 0.0655 0.13059701492537312
1 0.649 0.25597014925373135 0.085 0.07611940298507462
1 0.4015 0.21641791044776118 0.04 0.05895522388059701
1 0.4615 0.20223880597014926 0.0335 0.041044776119402986
2 0.432 0.15522388059701492 0.0435 0.03805970149253731
2 0.243 0.6783582089552239 0.162 0.14626865671641792
2 0.4585 0.7179104477611941 0.154 0.1126865671641791
2 0.687 0.8052238805970149 0.131 0.16044776119402984
2 0.8695 0.7604477611940299 0.1355 0.1417910447761194
2 0.7895 0.6992537313432836 0.156 0.1126865671641791
2 0.914 0.6119402985074627 0.125 0.10970149253731343
2 0.5295 0.5723880597014925 0.122 0.09701492537313433
2 0.595 0.6074626865671642 0.1285 0.09402985074626866
2 0.455 0.6477611940298508 0.156 0.1
2 0.449 0.4417910447761194 0.0575 0.09850746268656717
2 0.288 0.32238805970149254 0.045 0.05895522388059701
2 0.348 0.25970149253731345 0.016 0.04328358208955224
2 0.5025 0.3440298507462687 0.0265 0.0664179104477612
2 0.747 0.3335820895522388 0.03 0.055970149253731345
2 0.423 0.376865671641791 0.0485 0.06791044776119402
2 0.4085 0.30522388059701494 0.022 0.050746268656716415
2 0.736 0.576865671641791 0.1045 0.09850746268656717
2 0.6625 0.47761194029850745 0.054 0.10298507462686567
2 0.5635 0.4417910447761194 0.068 0.07313432835820896