1 0.482 0.2126865671641791 0.0485 0.06791044776119402
3 0.6945 0.7470149253731343 0.057 0.15895522388059702
3 0.0975 0.7082089552238806 0.0755 0.1582089552238806
1 0.413 0.21119402985074626 0.0535 0.0708955223880597
2 0.489 0.5559701492537313 0.1275 0.08880597014925373
3 0.4975 0.5268656716417911 0.0465 0.11716417910447761
3 0.41 0.7649253731343284 0.0585 0.16940298507462687
3 0.3645 0.7656716417910447 0.061 0.16567164179104477
3 0.8585 0.817910447761194 0.064 0.1791044776119403
3 0.8935 0.8194029850746268 0.0695 0.18880597014925374
3 0.9075 0.6888059701492537 0.041 0.15671641791044777
3 0.9305 0.6723880597014925 0.0345 0.10746268656716418
3 0.976 0.6074626865671642 0.045 0.09477611940298507
3 0.7775 0.6067164179104477 0.06 0.1328358208955224
3 0.895 0.5261194029850746 0.0335 0.11865671641791045
3 0.6515 0.741044776119403 0.0685 0.1619402985074627
3 0.236 0.8455223880597015 0.069 0.20223880597014926
3 0.0285 0.6402985074626866 0.053 0.16044776119402984
3 0.116 0.5432835820895522 0.049 0.13955223880597015
3 0.3085 0.591044776119403 0.0565 0.16791044776119404
3 0.4035 0.6455223880597015 0.0475 0.1208955223880597
2 0.643 0.7813432835820896 0.1715 0.11417910447761194
2 0.8305 0.8604477611940299 0.1775 0.13805970149253732
2 0.7695 0.6402985074626866 0.1355 0.10074626865671642
2 0.365 0.8044776119402985 0.1735 0.14029850746268657
2 0.2415 0.9074626865671642 0.1895 0.1253731343283582
2 0.297 0.6082089552238806 0.134 0.10970149253731343
2 0.1 0.7529850746268657 0.1595 0.1044776119402985
2 0.117 0.576865671641791 0.125 0.09701492537313433
2 0.4825 0.6432835820895523 0.057 0.09402985074626866
2 0.883 0.7246268656716418 0.134 0.11343283582089553
2 0.8905 0.5567164179104478 0.1165 0.08880597014925373