3 0.4135 0.5723880597014925 0.0595 0.14925373134328357
3 0.352 0.6746268656716418 0.0955 0.1537313432835821
3 0.719 0.5626865671641791 0.0505 0.12686567164179105
3 0.6525 0.4126865671641791 0.055 0.09179104477611941
3 0.7755 0.4425373134328358 0.039 0.09179104477611941
3 0.7485 0.35895522388059703 0.038 0.07014925373134329
3 0.6765 0.34253731343283583 0.0345 0.07985074626865672
3 0.481 0.3283582089552239 0.054 0.08880597014925373
3 0.422 0.3358208955223881 0.0355 0.05223880597014925
3 0.419 0.2992537313432836 0.0355 0.04626865671641791
3 0.2635 0.3029850746268657 0.0335 0.06865671641791045
3 0.15 0.33432835820895523 0.031 0.06044776119402985
2 0.372 0.7402985074626866 0.147 0.12388059701492538
2 0.4135 0.6268656716417911 0.1515 0.08582089552238806
2 0.724 0.6343283582089553 0.108 0.13059701492537312
2 0.7715 0.49402985074626865 0.0515 0.0955223880597015
2 0.63 0.48134328358208955 0.063 0.0873134328358209
2 0.678 0.3783582089552239 0.037 0.03955223880597015
2 0.4795 0.3686567164179104 0.0585 0.08134328358208955
3 0.421 0.3373134328358209 0.047 0.09179104477611941
2 0.255 0.3276119402985075 0.085 0.050746268656716415
2 0.157 0.3604477611940298 0.061 0.03656716417910448
1 0.503 0.24402985074626865 0.092 0.07985074626865672
4 0.4285 0.2126865671641791 0.0645 0.10970149253731343
3 0.826 0.3328358208955224 0.0345 0.06343283582089553
3 0.8825 0.35074626865671643 0.0345 0.07014925373134329