1 0.9735 0.4835820895522388 0.05 0.09925373134328358
1 0.4225 0.2082089552238806 0.0455 0.05
1 0.4875 0.19402985074626866 0.0335 0.03134328358208955
1 0.035 0.7798507462686567 0.0675 0.2462686567164179
4 0.418 0.7723880597014925 0.7185 0.4380597014925373
2 0.843 0.6253731343283582 0.147 0.1208955223880597
2 0.354 0.5059701492537313 0.0835 0.0791044776119403
3 0.39 0.4761194029850746 0.0495 0.12462686567164179
3 0.4555 0.5171641791044777 0.067 0.10597014925373134
3 0.189 0.5753731343283582 0.085 0.07388059701492537
3 0.52 0.5477611940298508 0.0475 0.06194029850746269
3 0.866 0.591044776119403 0.0295 0.13955223880597015