2 0.6775 0.6940298507462687 0.1745 0.15597014925373134
2 0.9435 0.8701492537313433 0.1125 0.1865671641791045
2 0.9455 0.6611940298507463 0.1085 0.12388059701492538
2 0.865 0.585820895522388 0.144 0.1373134328358209
2 0.911 0.3843283582089552 0.083 0.08880597014925373
2 0.791 0.34253731343283583 0.074 0.08358208955223881
2 0.6105 0.30522388059701494 0.032 0.056716417910447764
2 0.5825 0.3440298507462687 0.0445 0.08134328358208955
2 0.4455 0.4014925373134328 0.065 0.09477611940298507
2 0.4905 0.8716417910447761 0.173 0.19402985074626866
2 0.0555 0.732089552238806 0.1105 0.12388059701492538
2 0.153 0.7104477611940299 0.069 0.11044776119402985
2 0.4565 0.7343283582089553 0.178 0.11343283582089553
2 0.3925 0.6141791044776119 0.1515 0.11567164179104478
2 0.276 0.6805970149253732 0.1095 0.12313432835820895
2 0.1835 0.3701492537313433 0.0595 0.09477611940298507
1 0.3345 0.3798507462686567 0.109 0.1328358208955224
1 0.54 0.2007462686567164 0.051 0.0708955223880597
1 0.5325 0.16119402985074627 0.0455 0.04552238805970149
2 0.5255 0.34253731343283583 0.044 0.07835820895522388
2 0.6915 0.29253731343283584 0.044 0.08059701492537313
2 0.5775 0.2738805970149254 0.0345 0.05223880597014925
2 0.0415 0.38283582089552237 0.0375 0.08582089552238806
4 0.4165 0.17686567164179104 0.06 0.12014925373134329
3 0.9725 0.6305970149253731 0.047 0.16343283582089552
3 0.87 0.5664179104477612 0.0505 0.14253731343283582
3 0.6785 0.6649253731343283 0.0575 0.16940298507462687
3 0.483 0.8238805970149253 0.089 0.1917910447761194
3 0.374 0.585820895522388 0.074 0.14776119402985075
3 0.299 0.758955223880597 0.0745 0.17388059701492536
3 0.277 0.6440298507462686 0.059 0.12313432835820895
3 0.1445 0.6417910447761194 0.0705 0.15223880597014924
3 0.022 0.6992537313432836 0.044 0.1537313432835821
3 0.046 0.3649253731343284 0.026 0.0880597014925373
3 0.9 0.34776119402985073 0.0225 0.07985074626865672
3 0.9155 0.367910447761194 0.0265 0.11044776119402985
3 0.7855 0.3156716417910448 0.0295 0.08358208955223881
3 0.692 0.2708955223880597 0.021 0.08059701492537313
3 0.4445 0.3686567164179104 0.04 0.09179104477611941
3 0.529 0.28582089552238804 0.022 0.0664179104477612
3 0.984 0.9029850746268657 0.0315 0.07761194029850746