3 0.2355 0.3074626865671642 0.04 0.09104477611940298
1 0.4175 0.1925373134328358 0.0425 0.057462686567164176
4 0.497 0.1328358208955224 0.0445 0.048507462686567165
1 0.836 0.8007462686567164 0.3235 0.39850746268656717
1 0.169 0.9350746268656717 0.338 0.1291044776119403
2 0.137 0.6828358208955224 0.154 0.12164179104477611
3 0.142 0.5940298507462687 0.0765 0.17313432835820897
3 0.9595 0.5522388059701493 0.0345 0.15
2 0.2355 0.32238805970149254 0.069 0.055970149253731345
2 0.438 0.3037313432835821 0.0835 0.07014925373134329
2 0.7685 0.2955223880597015 0.072 0.05223880597014925
3 0.7685 0.27238805970149255 0.031 0.07686567164179105
2 0.947 0.591044776119403 0.106 0.08656716417910448
1 0.4865 0.1962686567164179 0.0515 0.06791044776119402
3 0.9185 0.3761194029850746 0.0275 0.09328358208955224
1 0.559 0.15522388059701492 0.043 0.08283582089552238