1 0.4925 0.6350746268656716 0.3595 0.3044776119402985
2 0.333 0.8194029850746268 0.198 0.13134328358208955
2 0.1885 0.744776119402985 0.156 0.10298507462686567
2 0.146 0.6283582089552239 0.151 0.10895522388059702
2 0.067 0.8798507462686567 0.134 0.13208955223880597
2 0.7475 0.8514925373134329 0.125 0.2
2 0.923 0.8582089552238806 0.154 0.1865671641791045
2 0.854 0.7104477611940299 0.069 0.11417910447761194
2 0.7355 0.6194029850746269 0.1265 0.14029850746268657
3 0.134 0.5664179104477612 0.0615 0.10746268656716418
3 0.02 0.5134328358208955 0.04 0.0708955223880597
3 0.17 0.6746268656716418 0.0535 0.10895522388059702
3 0.318 0.7559701492537313 0.08 0.12462686567164179
3 0.7615 0.7723880597014925 0.091 0.14477611940298507
3 0.913 0.6798507462686567 0.0825 0.12014925373134329
3 0.94 0.7865671641791044 0.0785 0.13208955223880597
3 0.986 0.7940298507462686 0.028 0.11791044776119403
3 0.02 0.8134328358208955 0.04 0.11791044776119403