3 0.404 0.6022388059701492 0.0635 0.1582089552238806
3 0.339 0.7104477611940299 0.1015 0.1626865671641791
3 0.7285 0.5917910447761194 0.0535 0.13432835820895522
3 0.658 0.43283582089552236 0.0585 0.09701492537313433
3 0.7885 0.46417910447761196 0.0415 0.09701492537313433
3 0.76 0.3753731343283582 0.0405 0.07462686567164178
3 0.6835 0.3582089552238806 0.0365 0.08507462686567165
3 0.4755 0.34328358208955223 0.0575 0.09402985074626866
3 0.413 0.35074626865671643 0.038 0.05522388059701493
3 0.4095 0.3119402985074627 0.038 0.049253731343283584
3 0.245 0.3164179104477612 0.0355 0.07313432835820896
3 0.124 0.3492537313432836 0.033 0.06417910447761194
2 0.36 0.7805970149253731 0.156 0.13134328358208955
2 0.404 0.6597014925373135 0.161 0.09104477611940298
2 0.7335 0.6671641791044776 0.1145 0.13880597014925372
2 0.784 0.5186567164179104 0.055 0.10149253731343283
2 0.634 0.505223880597015 0.067 0.09253731343283582
2 0.685 0.3962686567164179 0.039 0.041791044776119404
2 0.4745 0.3858208955223881 0.062 0.08656716417910448
3 0.412 0.3522388059701492 0.05 0.09701492537313433
2 0.2355 0.34253731343283583 0.0905 0.05373134328358209
2 0.1315 0.376865671641791 0.0645 0.03880597014925373
1 0.4995 0.2537313432835821 0.0975 0.08507462686567165
4 0.42 0.22014925373134328 0.0685 0.11641791044776119
3 0.842 0.34776119402985073 0.0365 0.06716417910447761
3 0.902 0.3664179104477612 0.0365 0.07462686567164178