1 0.1175 0.4343283582089552 0.235 0.19925373134328359
1 0.397 0.3358208955223881 0.116 0.11865671641791045
1 0.3345 0.291044776119403 0.0975 0.10298507462686567
2 0.392 0.8619402985074627 0.158 0.1828358208955224
2 0.6565 0.7522388059701492 0.1065 0.17164179104477612
2 0.7225 0.9014925373134328 0.1245 0.1962686567164179
2 0.5755 0.6708955223880597 0.0965 0.15447761194029852
2 0.835 0.5634328358208955 0.1125 0.11791044776119403
2 0.615 0.5432835820895522 0.037 0.08059701492537313
3 0.386 0.7873134328358209 0.096 0.11865671641791045
3 0.6645 0.6880597014925374 0.064 0.11343283582089553
3 0.7285 0.8373134328358209 0.0805 0.14253731343283582
3 0.566 0.6067164179104477 0.0715 0.11343283582089553