3 0.164 0.9388059701492537 0.082 0.12164179104477611
3 0.3645 0.7313432835820896 0.0565 0.1828358208955224
3 0.326 0.7432835820895523 0.0545 0.16940298507462687
3 0.19 0.6111940298507462 0.049 0.1417910447761194
3 0.5695 0.6485074626865671 0.0415 0.15223880597014924
3 0.5365 0.6522388059701493 0.057 0.14925373134328357
3 0.6645 0.7089552238805971 0.066 0.18208955223880596
3 0.8855 0.673134328358209 0.052 0.15671641791044777
3 0.809 0.5835820895522388 0.0445 0.14328358208955225
3 0.576 0.4208955223880597 0.036 0.10223880597014925
3 0.0735 0.6716417910447762 0.056 0.1619402985074627
3 0.0195 0.5432835820895522 0.039 0.07686567164179105
3 0.034 0.39552238805970147 0.023 0.09029850746268657
2 0.972 0.8119402985074626 0.056 0.08582089552238806
2 0.8655 0.7104477611940299 0.154 0.11343283582089553
2 0.655 0.7388059701492538 0.177 0.13059701492537312
2 0.5255 0.6843283582089552 0.159 0.10671641791044777
2 0.326 0.7746268656716417 0.1825 0.1335820895522388
2 0.0755 0.7082089552238806 0.1505 0.12611940298507462
2 0.1885 0.6373134328358209 0.136 0.10970149253731343
2 0.0405 0.5970149253731343 0.081 0.06865671641791045
2 0.037 0.4253731343283582 0.074 0.07164179104477612
2 0.8005 0.6164179104477612 0.129 0.09328358208955224
2 0.6945 0.45149253731343286 0.041 0.08880597014925373