4 0.616 0.4298507462686567 0.126 0.17686567164179104
1 0.702 0.33507462686567163 0.1235 0.17686567164179104
2 0.1515 0.8694029850746269 0.183 0.1582089552238806
2 0.431 0.8723880597014926 0.2145 0.16865671641791044
2 0.4365 0.7104477611940299 0.1595 0.12164179104477611
2 0.7205 0.6485074626865671 0.147 0.13656716417910447
2 0.3835 0.6201492537313433 0.0815 0.12462686567164179
2 0.005 0.7164179104477612 0.01 0.10373134328358209
2 0.0445 0.40223880597014927 0.07 0.07835820895522388
2 0.2125 0.32985074626865674 0.0475 0.06791044776119402
2 0.401 0.46417910447761196 0.0265 0.09253731343283582
2 0.4705 0.39104477611940297 0.033 0.0873134328358209
2 0.523 0.4141791044776119 0.036 0.08582089552238806
2 0.6755 0.5283582089552239 0.0605 0.10522388059701493
2 0.281 0.3611940298507463 0.0325 0.07462686567164178
2 0.3475 0.3664179104477612 0.032 0.07537313432835821
2 0.8455 0.3597014925373134 0.0395 0.0962686567164179
2 0.76 0.2626865671641791 0.026 0.07164179104477612
3 0.0435 0.36716417910447763 0.0265 0.0873134328358209
3 0.2145 0.30223880597014924 0.0215 0.08358208955223881
3 0.3985 0.41567164179104477 0.0385 0.09477611940298507
3 0.3865 0.5761194029850746 0.04 0.1373134328358209
3 0.365 0.5671641791044776 0.035 0.14776119402985075
3 0.4445 0.6723880597014925 0.0565 0.14925373134328357
3 0.4235 0.8455223880597015 0.059 0.2
3 0.722 0.6186567164179104 0.043 0.141044776119403
3 0.7605 0.6149253731343284 0.0515 0.14477611940298507
3 0.674 0.48955223880597015 0.048 0.11194029850746269
3 0.1505 0.8291044776119403 0.067 0.1843283582089552
3 0.2825 0.33432835820895523 0.0265 0.08432835820895522