3 0.277 0.5805970149253732 0.0525 0.10671641791044777
2 0.2795 0.6440298507462686 0.0495 0.08656716417910448
2 0.5565 0.27686567164179104 0.026 0.07835820895522388
2 0.2445 0.3373134328358209 0.0275 0.03955223880597015
3 0.1985 0.3119402985074627 0.0275 0.07462686567164178
3 0.2475 0.3201492537313433 0.0345 0.0791044776119403
3 0.9565 0.9686567164179104 0.087 0.0626865671641791
3 0.0205 0.20522388059701493 0.0405 0.06194029850746269
2 0.912 0.38731343283582087 0.095 0.0708955223880597
3 0.5525 0.2507462686567164 0.035 0.03805970149253731
3 0.6125 0.21865671641791046 0.0245 0.041791044776119404
3 0.5915 0.1664179104477612 0.0165 0.020895522388059702
3 0.3335 0.4828358208955224 0.0365 0.11716417910447761
3 0.9155 0.3641791044776119 0.0465 0.09850746268656717
2 0.616 0.25522388059701495 0.0385 0.05223880597014925
2 0.3445 0.5470149253731343 0.053 0.07388059701492537
2 0.3495 0.19029850746268656 0.021 0.058208955223880594
1 0.5435 0.11492537313432835 0.032 0.03656716417910448
2 0.5605 0.14402985074626865 0.0185 0.048507462686567165