1 0.1425 0.8261194029850746 0.285 0.34776119402985073
1 0.5785 0.1708955223880597 0.0405 0.06194029850746269
1 0.436 0.1746268656716418 0.0525 0.05895522388059701
2 0.274 0.6320895522388059 0.1565 0.11194029850746269
2 0.0515 0.3880597014925373 0.0695 0.08208955223880597
2 0.2385 0.4044776119402985 0.057 0.13059701492537312
1 0.438 0.12761194029850748 0.0385 0.03731343283582089
1 0.5105 0.1208955223880597 0.037 0.04477611940298507
1 0.7705 0.7917910447761194 0.459 0.4164179104477612
2 0.4475 0.6917910447761194 0.2415 0.15298507462686567
1 0.3705 0.1791044776119403 0.061 0.11044776119402985
3 0.4555 0.6604477611940298 0.091 0.23507462686567165
3 0.277 0.5835820895522388 0.08 0.1783582089552239
3 0.085 0.5522388059701493 0.082 0.19029850746268656
3 0.0305 0.5358208955223881 0.061 0.191044776119403
3 0.048 0.3604477611940298 0.048 0.12985074626865672
3 0.7185 0.582089552238806 0.108 0.16343283582089552
3 0.956 0.5320895522388059 0.0875 0.15074626865671642