1 0.217 0.3962686567164179 0.201 0.1761194029850746
1 0.7335 0.29850746268656714 0.091 0.09328358208955224
1 0.391 0.30895522388059704 0.0975 0.09402985074626866
1 0.446 0.24850746268656718 0.064 0.08432835820895522
1 0.432 0.17164179104477612 0.0395 0.048507462686567165
1 0.533 0.11865671641791045 0.026 0.03283582089552239
4 0.4895 0.15895522388059702 0.0395 0.07164179104477612
2 0.621 0.47238805970149256 0.055 0.09104477611940298
2 0.694 0.9194029850746268 0.114 0.16044776119402984
2 0.877 0.7223880597014926 0.144 0.141044776119403
2 0.9555 0.5791044776119403 0.0885 0.11119402985074626
2 0.9655 0.4164179104477612 0.0635 0.07611940298507462
2 0.7925 0.5305970149253731 0.0455 0.12238805970149254
3 0.624 0.4298507462686567 0.0445 0.09925373134328358
3 0.791 0.48955223880597015 0.04 0.10746268656716418
3 0.8805 0.6753731343283582 0.0535 0.15970149253731344
3 0.6935 0.8962686567164179 0.093 0.17761194029850746
3 0.9645 0.5410447761194029 0.0455 0.13432835820895522
3 0.958 0.3932835820895522 0.0345 0.08134328358208955
2 0.9665 0.42014925373134326 0.0625 0.07835820895522388