1 0.742 0.7917910447761194 0.4665 0.25298507462686565
2 0.082 0.9261194029850747 0.1635 0.14253731343283582
2 0.119 0.6417910447761194 0.1355 0.1044776119402985
2 0.256 0.6216417910447761 0.139 0.11865671641791045
2 0.102 0.5514925373134328 0.118 0.09776119402985074
2 0.456 0.6380597014925373 0.1445 0.10298507462686567
2 0.6475 0.6320895522388059 0.141 0.09701492537313433
2 0.2695 0.941044776119403 0.203 0.11716417910447761
2 0.7455 0.9350746268656717 0.15 0.12985074626865672
2 0.5135 0.5798507462686567 0.1065 0.10149253731343283
2 0.8675 0.6261194029850746 0.143 0.09850746268656717
2 0.59 0.5402985074626866 0.05 0.09253731343283582
3 0.2575 0.9082089552238806 0.0815 0.1328358208955224
3 0.0545 0.8746268656716418 0.073 0.11716417910447761
3 0.1205 0.594776119402985 0.0645 0.10149253731343283
3 0.256 0.5664179104477612 0.068 0.0962686567164179
3 0.1025 0.5014925373134328 0.051 0.07611940298507462
3 0.4615 0.5805970149253732 0.0505 0.08582089552238806
3 0.5075 0.5276119402985074 0.0405 0.08358208955223881
3 0.7615 0.8917910447761194 0.088 0.13432835820895522
3 0.437 0.9686567164179104 0.067 0.06194029850746269