1 0.6595 0.3940298507462687 0.1525 0.1962686567164179
2 0.195 0.6514925373134328 0.154 0.13582089552238805
2 0.1255 0.9194029850746268 0.209 0.16044776119402984
2 0.4875 0.9417910447761194 0.249 0.11641791044776119
2 0.8955 0.9507462686567164 0.2005 0.09850746268656717
2 0.887 0.8529850746268657 0.205 0.1373134328358209
2 0.965 0.7873134328358209 0.0695 0.13955223880597015
2 0.692 0.7828358208955224 0.19 0.14626865671641792
2 0.873 0.6634328358208955 0.1525 0.12985074626865672
2 0.949 0.5365671641791044 0.102 0.12985074626865672
2 0.571 0.6746268656716418 0.1835 0.12164179104477611
2 0.3915 0.741044776119403 0.1975 0.1417910447761194
2 0.4535 0.8380597014925373 0.2095 0.13134328358208955
2 0.462 0.5955223880597015 0.164 0.12835820895522387
2 0.0925 0.7253731343283583 0.1825 0.13432835820895522
2 0.039 0.8201492537313433 0.078 0.11119402985074626
2 0.2465 0.32164179104477614 0.0705 0.06417910447761194
2 0.1335 0.34253731343283583 0.0705 0.07313432835820896
1 0.677 0.2619402985074627 0.1005 0.09776119402985074
1 0.6225 0.16716417910447762 0.066 0.07014925373134329
1 0.4945 0.18059701492537314 0.061 0.08358208955223881
1 0.4185 0.17686567164179104 0.057 0.07611940298507462
1 0.471 0.5723880597014925 0.0485 0.14776119402985075
1 0.1895 0.6186567164179104 0.068 0.1708955223880597
1 0.395 0.6985074626865672 0.0645 0.1843283582089552
1 0.451 0.8 0.068 0.17388059701492536
1 0.5025 0.7888059701492537 0.0595 0.19029850746268656
1 0.111 0.8783582089552239 0.0705 0.20298507462686566
1 0.1675 0.8813432835820896 0.0945 0.21194029850746268
1 0.015 0.7626865671641792 0.0295 0.19925373134328359
1 0.0965 0.691044776119403 0.0635 0.1873134328358209
1 0.496 0.9067164179104478 0.076 0.1865671641791045
1 0.9075 0.923134328358209 0.087 0.1537313432835821
1 0.9105 0.8186567164179105 0.0755 0.1962686567164179
1 0.986 0.7582089552238805 0.028 0.18208955223880596
1 0.8925 0.6320895522388059 0.067 0.1708955223880597
1 0.979 0.5208955223880597 0.042 0.15
1 0.783 0.5805970149253732 0.0545 0.1708955223880597
1 0.7325 0.5365671641791044 0.0595 0.1582089552238806
1 0.64 0.5828358208955224 0.0755 0.1417910447761194
1 0.581 0.6462686567164179 0.067 0.18582089552238806
1 0.706 0.741044776119403 0.062 0.1843283582089552
1 0.2445 0.29701492537313434 0.0445 0.10373134328358209