1 0.7685 0.7977611940298508 0.3695 0.4044776119402985
4 0.4955 0.18507462686567164 0.0845 0.15970149253731344
0 0.081 0.5186567164179104 0.1615 0.3962686567164179
3 0.2025 0.491044776119403 0.0375 0.14029850746268657
3 0.084 0.9522388059701492 0.063 0.0955223880597015
3 0.247 0.8947761194029851 0.107 0.21044776119402986
3 0.2175 0.7365671641791045 0.072 0.14328358208955225
3 0.4625 0.6373134328358209 0.0455 0.12686567164179105
3 0.494 0.753731343283582 0.063 0.20597014925373133
3 0.318 0.5447761194029851 0.05 0.15149253731343285
3 0.3435 0.4783582089552239 0.0505 0.0955223880597015
3 0.3955 0.4425373134328358 0.0485 0.11417910447761194
3 0.443 0.49477611940298505 0.0785 0.12388059701492538
3 0.589 0.5291044776119403 0.061 0.13507462686567165
3 0.6245 0.46417910447761196 0.0415 0.09104477611940298
3 0.7055 0.5582089552238806 0.056 0.10223880597014925
3 0.8335 0.5268656716417911 0.065 0.12985074626865672
3 0.8655 0.45671641791044776 0.032 0.09925373134328358
2 0.216 0.7902985074626866 0.2135 0.12611940298507462
2 0.2465 0.9238805970149254 0.271 0.14925373134328357
2 0.3285 0.5873134328358209 0.1805 0.11194029850746269
2 0.209 0.5164179104477612 0.1325 0.0955223880597015
2 0.572 0.5611940298507463 0.152 0.10820895522388059
2 0.467 0.6276119402985074 0.1765 0.11641791044776119
2 0.4625 0.7977611940298508 0.226 0.13134328358208955
2 0.689 0.6059701492537314 0.0855 0.08656716417910448
2 0.8155 0.5611940298507463 0.1305 0.12238805970149254
2 0.9705 0.5067164179104477 0.0585 0.12835820895522387