1 0.8345 0.7828358208955224 0.331 0.3164179104477612
1 0.6905 0.3335820895522388 0.152 0.16716417910447762
1 0.6515 0.2335820895522388 0.0695 0.07985074626865672
1 0.4985 0.18059701492537314 0.0715 0.09104477611940298
1 0.435 0.1947761194029851 0.0785 0.09402985074626866
2 0.2025 0.7716417910447761 0.188 0.1455223880597015
2 0.352 0.9 0.2415 0.1626865671641791
2 0.5365 0.7082089552238806 0.2275 0.141044776119403
2 0.501 0.6014925373134329 0.1225 0.12686567164179105
2 0.452 0.5097014925373134 0.0745 0.10522388059701493
2 0.112 0.6261194029850746 0.149 0.1291044776119403
2 0.85 0.6141791044776119 0.0875 0.1253731343283582
3 0.547 0.9208955223880597 0.069 0.1582089552238806
3 0.332 0.8626865671641791 0.0555 0.20522388059701493
3 0.717 0.9447761194029851 0.094 0.11044776119402985
3 0.5785 0.6865671641791045 0.1235 0.22462686567164178
3 0.5275 0.5686567164179105 0.0765 0.15298507462686567
3 0.32 0.6201492537313433 0.086 0.16940298507462687
3 0.215 0.4962686567164179 0.084 0.12611940298507462
3 0.1515 0.5186567164179104 0.0695 0.10895522388059702
3 0.096 0.5865671641791045 0.08 0.17761194029850746
3 0.9855 0.5634328358208955 0.029 0.17313432835820897
3 0.9235 0.567910447761194 0.064 0.15074626865671642