1 0.81 0.7305970149253731 0.254 0.35447761194029853
4 0.0775 0.8679104477611941 0.155 0.26417910447761195
1 0.4665 0.22313432835820896 0.0505 0.13208955223880597
1 0.4165 0.18955223880597014 0.054 0.09925373134328358
2 0.5685 0.658955223880597 0.145 0.14850746268656717
2 0.426 0.4746268656716418 0.1395 0.1
2 0.4975 0.7850746268656716 0.2235 0.16417910447761194
2 0.0935 0.3895522388059702 0.096 0.08358208955223881
2 0.2085 0.3597014925373134 0.0825 0.10597014925373134
2 0.265 0.30970149253731344 0.0805 0.06343283582089553
2 0.7705 0.5029850746268657 0.143 0.09253731343283582
2 0.6185 0.5134328358208955 0.1385 0.08955223880597014