3 0.55 0.9223880597014925 0.125 0.15522388059701492
3 0.891 0.6149253731343284 0.055 0.11865671641791045
2 0.886 0.6805970149253732 0.0475 0.09253731343283582
2 0.223 0.3850746268656716 0.049 0.06492537313432836
2 0.488 0.3694029850746269 0.0335 0.06492537313432836
2 0.753 0.5895522388059702 0.046 0.10820895522388059
2 0.3195 0.3604477611940298 0.036 0.06716417910447761
2 0.786 0.3798507462686567 0.0185 0.041044776119402986
1 0.4335 0.18880597014925374 0.043 0.06119402985074627
2 0.573 0.9447761194029851 0.097 0.10373134328358209
4 0.489 0.20223880597014926 0.0675 0.1455223880597015