1 0.625 0.7932835820895522 0.529 0.3335820895522388
1 0.54 0.17686567164179104 0.054 0.0664179104477612
4 0.532 0.1253731343283582 0.047 0.09029850746268657
2 0.2885 0.7097014925373134 0.154 0.11343283582089553
2 0.0605 0.746268656716418 0.121 0.1208955223880597
2 0.1125 0.6470149253731343 0.131 0.09850746268656717
2 0.304 0.6291044776119403 0.1425 0.10671641791044777
2 0.3635 0.505223880597015 0.1235 0.09925373134328358
2 0.7875 0.5828358208955224 0.115 0.14328358208955225
2 0.771 0.6701492537313433 0.148 0.08059701492537313
2 0.129 0.5992537313432836 0.114 0.09104477611940298
2 0.0455 0.558955223880597 0.047 0.07313432835820896
2 0.9125 0.34328358208955223 0.0705 0.07388059701492537
3 0.768 0.6111940298507462 0.066 0.11940298507462686
3 0.291 0.5611940298507463 0.059 0.08507462686567165
3 0.5125 0.4097014925373134 0.0495 0.06343283582089553
3 0.5695 0.5656716417910448 0.065 0.0962686567164179
3 0.3505 0.45149253731343286 0.0485 0.07761194029850746
3 0.063 0.48507462686567165 0.051 0.0708955223880597