3 0.423 0.5358208955223881 0.0575 0.13656716417910447
3 0.307 0.4746268656716418 0.055 0.10149253731343283
3 0.151 0.5216417910447761 0.0565 0.11716417910447761
3 0.1295 0.6671641791044776 0.061 0.13507462686567165
3 0.016 0.5 0.032 0.11716417910447761
3 0.5995 0.6216417910447761 0.0415 0.141044776119403
3 0.629 0.6097014925373134 0.045 0.13059701492537312
3 0.822 0.667910447761194 0.0335 0.13955223880597015
3 0.936 0.5798507462686567 0.038 0.13805970149253732
3 0.904 0.6567164179104478 0.032 0.18134328358208956
3 0.7555 0.558955223880597 0.0425 0.09029850746268657
3 0.5585 0.6738805970149254 0.0595 0.1044776119402985
3 0.202 0.591044776119403 0.0665 0.11791044776119403
1 0.6365 0.8514925373134329 0.517 0.2671641791044776
1 0.9795 0.8328358208955224 0.0405 0.19701492537313434
4 0.4845 0.19029850746268656 0.07 0.12686567164179105
4 0.248 0.7850746268656716 0.2205 0.30149253731343284
4 0.71 0.25223880597014925 0.0825 0.1253731343283582
2 0.4215 0.585820895522388 0.115 0.09701492537313433
2 0.296 0.5097014925373134 0.1185 0.08134328358208955
2 0.59 0.6604477611940298 0.139 0.08283582089552238
2 0.709 0.5955223880597015 0.0575 0.0873134328358209
2 0.8955 0.6798507462686567 0.093 0.1126865671641791
2 0.932 0.6373134328358209 0.1125 0.10970149253731343
2 0.043 0.7940298507462686 0.086 0.0955223880597015
2 0.1475 0.7119402985074627 0.1595 0.13805970149253732
2 0.0295 0.685820895522388 0.0585 0.09402985074626866
2 0.036 0.5440298507462686 0.072 0.0791044776119403
2 0.154 0.5477611940298508 0.1355 0.08432835820895522
2 0.587 0.5477611940298508 0.1055 0.07985074626865672
2 0.4085 0.3253731343283582 0.04 0.06791044776119402
2 0.447 0.33507462686567163 0.032 0.05895522388059701
2 0.5085 0.3335820895522388 0.031 0.06194029850746269
2 0.253 0.3238805970149254 0.046 0.055970149253731345
2 0.306 0.2880597014925373 0.0265 0.0664179104477612
3 0.445 0.2917910447761194 0.024 0.03805970149253731
3 0.5055 0.291044776119403 0.0185 0.04253731343283582
3 0.471 0.27686567164179104 0.0275 0.057462686567164176