2 0.946 0.40373134328358207 0.084 0.08358208955223881
2 0.8405 0.3485074626865672 0.059 0.0708955223880597
1 0.522 0.19701492537313434 0.0485 0.06791044776119402
2 0.584 0.5835820895522388 0.139 0.10820895522388059
2 0.911 0.6723880597014925 0.154 0.13582089552238805
2 0.986 0.6067164179104477 0.028 0.09925373134328358
2 0.0995 0.6447761194029851 0.135 0.11641791044776119
2 0.0255 0.6925373134328359 0.051 0.14328358208955225
2 0.3795 0.6328358208955224 0.12 0.11343283582089553
2 0.5505 0.39850746268656717 0.0525 0.12462686567164179
2 0.492 0.3962686567164179 0.04 0.12388059701492538
2 0.4225 0.39850746268656717 0.062 0.11865671641791045
2 0.486 0.28432835820895525 0.0325 0.06865671641791045
2 0.76 0.3126865671641791 0.0445 0.06567164179104477
3 0.5755 0.5216417910447761 0.051 0.08507462686567165
3 0.9255 0.6298507462686567 0.0315 0.15074626865671642
3 0.882 0.6305970149253731 0.0425 0.21194029850746268
3 0.9435 0.5597014925373134 0.0365 0.15
3 0.978 0.5761194029850746 0.032 0.1619402985074627
3 0.9485 0.382089552238806 0.0305 0.10597014925373134
3 0.8385 0.32313432835820893 0.029 0.10149253731343283
3 0.7615 0.2791044776119403 0.0175 0.07238805970149254
3 0.548 0.36343283582089553 0.0375 0.05373134328358209
3 0.4975 0.3604477611940298 0.0335 0.06716417910447761
3 0.4255 0.3753731343283582 0.0285 0.06865671641791045
3 0.3795 0.5649253731343283 0.0655 0.08059701492537313
3 0.065 0.5917910447761194 0.0675 0.14850746268656717
1 0.5795 0.7350746268656716 0.466 0.27238805970149255
1 0.65 0.8850746268656716 0.6995 0.2298507462686567
4 0.5305 0.1335820895522388 0.0565 0.10373134328358209
1 0.596 0.20970149253731343 0.05 0.0626865671641791
1 0.38 0.1880597014925373 0.0705 0.0791044776119403