1 0.2805 0.8529850746268657 0.397 0.29402985074626864
1 0.125 0.5485074626865671 0.25 0.23283582089552238
1 0.556 0.3283582089552239 0.1005 0.13880597014925372
4 0.6965 0.24477611940298508 0.195 0.22611940298507463
4 0.5205 0.22835820895522388 0.0715 0.13208955223880597
4 0.539 0.14477611940298507 0.074 0.11567164179104478
2 0.4215 0.7074626865671642 0.0955 0.16940298507462687
2 0.2715 0.5977611940298507 0.1345 0.1291044776119403
2 0.508 0.4388059701492537 0.092 0.1126865671641791
2 0.015 0.7365671641791045 0.03 0.1126865671641791
3 0.4125 0.6664179104477612 0.054 0.16492537313432837
3 0.2835 0.55 0.073 0.16343283582089552
3 0.525 0.40298507462686567 0.04 0.11865671641791045