3 0.5525 0.5074626865671642 0.062 0.11119402985074626
3 0.7595 0.6052238805970149 0.0665 0.13805970149253732
3 0.509 0.6783582089552239 0.062 0.1208955223880597
3 0.5455 0.664179104477612 0.053 0.12686567164179105
3 0.2575 0.30223880597014924 0.032 0.07014925373134329
3 0.103 0.3858208955223881 0.038 0.1044776119402985
2 0.532 0.7044776119402985 0.1105 0.15597014925373134
2 0.759 0.658955223880597 0.054 0.14925373134328357
2 0.5545 0.5485074626865671 0.07 0.1126865671641791
2 0.986 0.6634328358208955 0.028 0.11119402985074626
2 0.013 0.9597014925373134 0.026 0.07462686567164178
2 0.261 0.33880597014925373 0.037 0.06492537313432836
2 0.314 0.28955223880597014 0.0285 0.049253731343283584
2 0.123 0.3940298507462687 0.053 0.05895522388059701
1 0.0555 0.4208955223880597 0.111 0.20597014925373133
1 0.4905 0.24029850746268658 0.0575 0.08880597014925373
4 0.429 0.20298507462686566 0.0565 0.10970149253731343