1 0.808 0.7283582089552239 0.252 0.35074626865671643
4 0.0795 0.8664179104477612 0.159 0.26417910447761195
1 0.4665 0.2253731343283582 0.0505 0.13059701492537312
1 0.4175 0.1925373134328358 0.0535 0.09850746268656717
2 0.568 0.6574626865671642 0.144 0.14776119402985075
2 0.4265 0.4753731343283582 0.1385 0.09850746268656717
2 0.4975 0.7820895522388059 0.222 0.1626865671641791
2 0.0965 0.39104477611940297 0.0955 0.08283582089552238
2 0.211 0.3611940298507463 0.082 0.10522388059701493
2 0.2665 0.3111940298507463 0.08 0.06343283582089553
2 0.768 0.5029850746268657 0.142 0.09179104477611941
2 0.6175 0.5134328358208955 0.1375 0.08880597014925373