1 0.82 0.7716417910447761 0.36 0.29850746268656714
1 0.661 0.3485074626865672 0.1425 0.15671641791044777
1 0.6245 0.25522388059701495 0.065 0.07537313432835821
1 0.481 0.20522388059701493 0.067 0.08582089552238806
1 0.4215 0.21865671641791046 0.0735 0.0880597014925373
2 0.2035 0.7597014925373134 0.176 0.13656716417910447
2 0.3435 0.8798507462686567 0.2265 0.15298507462686567
2 0.517 0.7 0.2135 0.13208955223880597
2 0.483 0.6 0.1145 0.11865671641791045
2 0.437 0.5134328358208955 0.07 0.09925373134328358
2 0.1185 0.6231343283582089 0.1395 0.1208955223880597
2 0.8105 0.6111940298507462 0.082 0.11791044776119403
3 0.5275 0.9126865671641791 0.0665 0.1746268656716418
3 0.325 0.844776119402985 0.052 0.1925373134328358
3 0.6875 0.9350746268656717 0.0895 0.1291044776119403
3 0.556 0.6798507462686567 0.1155 0.21044776119402986
3 0.5085 0.5694029850746268 0.0715 0.14328358208955225
3 0.314 0.6179104477611941 0.0805 0.15895522388059702
3 0.2155 0.5014925373134328 0.079 0.11791044776119403
3 0.1555 0.5223880597014925 0.0655 0.10223880597014925
3 0.104 0.585820895522388 0.075 0.1664179104477612
3 0.952 0.5649253731343283 0.0525 0.16343283582089552
3 0.8795 0.567910447761194 0.06 0.141044776119403