2 0.958 0.8156716417910448 0.078 0.10149253731343283
3 0.757 0.7910447761194029 0.077 0.17388059701492536
1 0.414 0.22611940298507463 0.0555 0.06044776119402985
2 0.726 0.8462686567164179 0.0655 0.12238805970149254
4 0.5715 0.16940298507462687 0.056 0.10746268656716418
2 0.358 0.8343283582089552 0.208 0.1328358208955224
2 0.0755 0.8888059701492538 0.0655 0.12164179104477611
2 0.053 0.7820895522388059 0.0745 0.08134328358208955
2 0.1245 0.7343283582089553 0.1555 0.1044776119402985
2 0.2415 0.6813432835820895 0.1745 0.11865671641791045
2 0.037 0.6559701492537313 0.074 0.09701492537313433
2 0.111 0.5850746268656717 0.1165 0.11716417910447761
2 0.3615 0.6328358208955224 0.0935 0.07462686567164178
2 0.4375 0.6940298507462687 0.168 0.10597014925373134
2 0.5075 0.573134328358209 0.05 0.10820895522388059
2 0.5505 0.6283582089552239 0.1165 0.0791044776119403
2 0.7245 0.6052238805970149 0.1055 0.11044776119402985
2 0.5145 0.458955223880597 0.0875 0.06567164179104477
2 0.445 0.41119402985074627 0.0735 0.06194029850746269
2 0.735 0.3970149253731343 0.036 0.07611940298507462
2 0.855 0.7425373134328358 0.0845 0.13507462686567165
2 0.9635 0.814179104477612 0.0635 0.19776119402985073
2 0.933 0.5097014925373134 0.046 0.10149253731343283
2 0.665 0.42761194029850746 0.049 0.07014925373134329
2 0.499 0.3365671641791045 0.037 0.0708955223880597
2 0.4565 0.3373134328358209 0.046 0.06194029850746269
2 0.858 0.42686567164179107 0.052 0.12686567164179105
3 0.853 0.667910447761194 0.058 0.13432835820895522
3 0.7365 0.5776119402985075 0.063 0.1746268656716418
3 0.355 0.7977611940298508 0.085 0.21343283582089553
3 0.103 0.5656716417910448 0.046 0.15
3 0.1225 0.7022388059701492 0.0575 0.1746268656716418
3 0.2525 0.6470149253731343 0.071 0.19850746268656716
3 0.3485 0.6074626865671642 0.053 0.18208955223880596
3 0.339 0.5022388059701492 0.0455 0.0708955223880597
3 0.4395 0.5097014925373134 0.0355 0.13432835820895522
3 0.444 0.38731343283582087 0.0485 0.09029850746268657
3 0.5035 0.41940298507462687 0.05 0.11119402985074626
3 0.6515 0.5097014925373134 0.0335 0.10597014925373134
3 0.452 0.6582089552238806 0.0445 0.16343283582089552
3 0.562 0.6007462686567164 0.0385 0.14850746268656717
1 0.498 0.2082089552238806 0.023 0.06791044776119402
1 0.475 0.15522388059701492 0.0355 0.05149253731343283
1 0.472 0.11343283582089553 0.03 0.050746268656716415
2 0.527 0.11567164179104478 0.0145 0.04477611940298507
2 0.662 0.7261194029850746 0.144 0.12164179104477611
3 0.687 0.6947761194029851 0.054 0.16940298507462687
3 0.9455 0.4552238805970149 0.0355 0.07313432835820896
3 0.765 0.2902985074626866 0.022 0.05895522388059701