2 0.015 0.4059701492537313 0.0295 0.06791044776119402
1 0.711 0.8485074626865672 0.4675 0.3029850746268657
1 0.1595 0.6537313432835821 0.319 0.2582089552238806
1 0.0325 0.8201492537313433 0.065 0.26343283582089555
1 0.41 0.22164179104477613 0.048 0.07014925373134329
2 0.9625 0.7365671641791045 0.075 0.13059701492537312
2 0.445 0.6201492537313433 0.139 0.10820895522388059
2 0.355 0.558955223880597 0.1025 0.10820895522388059
2 0.171 0.3529850746268657 0.0555 0.07164179104477612
2 0.0975 0.5417910447761194 0.0815 0.04402985074626865
2 0.399 0.44104477611940296 0.0715 0.08582089552238806
2 0.512 0.6664179104477612 0.156 0.11044776119402985
2 0.3245 0.6156716417910447 0.0575 0.10223880597014925
2 0.625 0.5738805970149253 0.133 0.09253731343283582
2 0.639 0.6850746268656717 0.1365 0.11119402985074626
2 0.71 0.6223880597014926 0.1305 0.11492537313432835
2 0.6475 0.4753731343283582 0.094 0.08656716417910448
2 0.6685 0.5335820895522388 0.103 0.10149253731343283
2 0.9595 0.39104477611940297 0.0505 0.07313432835820896
2 0.8885 0.3597014925373134 0.045 0.07014925373134329
2 0.801 0.658955223880597 0.132 0.09104477611940298
2 0.5265 0.39477611940298507 0.0625 0.09029850746268657
2 0.4645 0.18208955223880596 0.0345 0.06194029850746269
2 0.408 0.373134328358209 0.049 0.07686567164179105
2 0.4795 0.3291044776119403 0.027 0.06940298507462686
2 0.4425 0.3238805970149254 0.031 0.06194029850746269
2 0.4075 0.31865671641791044 0.039 0.06492537313432836
2 0.689 0.32313432835820893 0.034 0.0791044776119403
2 0.8345 0.3208955223880597 0.032 0.06194029850746269
3 0.008 0.34626865671641793 0.0155 0.09925373134328358
3 0.1705 0.32985074626865674 0.0345 0.0880597014925373
3 0.152 0.45597014925373136 0.0425 0.13507462686567165
3 0.3405 0.5328358208955224 0.037 0.12313432835820895
3 0.1 0.514179104477612 0.027 0.06119402985074627
3 0.119 0.5119402985074627 0.031 0.05970149253731343
3 0.3655 0.5320895522388059 0.0335 0.1291044776119403
3 0.448 0.5888059701492537 0.06 0.1335820895522388
3 0.5155 0.6313432835820896 0.051 0.14253731343283582
3 0.5465 0.6238805970149254 0.045 0.15895522388059702
3 0.653 0.44402985074626866 0.045 0.10671641791044777
3 0.3995 0.41044776119402987 0.035 0.11641791044776119
3 0.9625 0.3649253731343284 0.0305 0.06940298507462686
3 0.89 0.3417910447761194 0.022 0.06417910447761194
3 0.8095 0.6313432835820896 0.064 0.12238805970149254
3 0.982 0.7134328358208956 0.036 0.15223880597014924
3 0.7115 0.5955223880597015 0.053 0.14701492537313432
3 0.531 0.3723880597014925 0.0275 0.09701492537313433
3 0.6425 0.5492537313432836 0.0405 0.12388059701492538
3 0.825 0.9783582089552239 0.0695 0.041791044776119404
3 0.69 0.3029850746268657 0.0215 0.0626865671641791
3 0.837 0.29776119402985074 0.0155 0.05223880597014925
3 0.404 0.28880597014925374 0.0245 0.06044776119402985