3 0.581 0.7201492537313433 0.064 0.1843283582089552
3 0.457 0.808955223880597 0.0715 0.15522388059701492
3 0.2655 0.9104477611940298 0.087 0.1791044776119403
3 0.5675 0.9119402985074627 0.1045 0.17537313432835822
3 0.4895 0.9156716417910448 0.087 0.16865671641791044
3 0.2805 0.417910447761194 0.051 0.10820895522388059
3 0.129 0.4552238805970149 0.0475 0.11716417910447761
3 0.0075 0.4305970149253731 0.015 0.11716417910447761
3 0.9935 0.7873134328358209 0.013 0.17537313432835822
3 0.8395 0.3082089552238806 0.0485 0.11119402985074626
3 0.939 0.3291044776119403 0.036 0.1
3 0.693 0.30597014925373134 0.027 0.0873134328358209
3 0.609 0.33059701492537313 0.028 0.0873134328358209
3 0.524 0.31865671641791044 0.0345 0.07388059701492537
2 0.501 0.9559701492537314 0.2675 0.0880597014925373
2 0.2545 0.9559701492537314 0.135 0.0880597014925373
2 0.6 0.7626865671641792 0.184 0.12835820895522387
2 0.459 0.8611940298507462 0.1905 0.10970149253731343
2 0.9445 0.8567164179104477 0.111 0.12761194029850748
2 0.129 0.5216417910447761 0.0295 0.0873134328358209
2 0.0075 0.4708955223880597 0.015 0.09029850746268657
2 0.2735 0.47761194029850745 0.0475 0.0873134328358209
2 0.5265 0.37089552238805973 0.0705 0.09253731343283582
2 0.6045 0.376865671641791 0.0525 0.07985074626865672
2 0.6915 0.3559701492537313 0.0345 0.08432835820895522
2 0.843 0.3455223880597015 0.064 0.07985074626865672
2 0.9375 0.3716417910447761 0.0715 0.0873134328358209
2 0.468 0.30895522388059704 0.0345 0.05970149253731343
2 0.0655 0.382089552238806 0.051 0.06865671641791045
2 0.2055 0.3335820895522388 0.0395 0.04701492537313433
2 0.2875 0.3029850746268657 0.027 0.048507462686567165