3 0.1975 0.8044776119402985 0.088 0.19850746268656716
3 0.3855 0.7149253731343284 0.1095 0.1962686567164179
3 0.6105 0.6813432835820895 0.0595 0.1746268656716418
3 0.6375 0.5925373134328358 0.0615 0.1455223880597015
3 0.731 0.4992537313432836 0.043 0.15671641791044777
3 0.821 0.5835820895522388 0.0535 0.14701492537313432
3 0.7435 0.6 0.0515 0.13059701492537312
3 0.1675 0.9417910447761194 0.0605 0.11641791044776119
2 0.2115 0.8544776119402985 0.2535 0.13432835820895522
2 0.391 0.7253731343283583 0.2415 0.12388059701492538
2 0.625 0.7582089552238805 0.1575 0.1701492537313433
2 0.7295 0.6783582089552239 0.1125 0.12462686567164179
2 0.7345 0.4925373134328358 0.1345 0.08432835820895522
2 0.925 0.6246268656716418 0.132 0.13059701492537312
2 0.9385 0.8007462686567164 0.123 0.16567164179104477