2 0.6705 0.6970149253731344 0.1795 0.15970149253731344
2 0.943 0.8768656716417911 0.114 0.1917910447761194
2 0.945 0.6626865671641791 0.11 0.12686567164179105
2 0.863 0.5850746268656717 0.148 0.14029850746268657
2 0.9105 0.37910447761194027 0.0855 0.09104477611940298
2 0.787 0.3365671641791045 0.076 0.08582089552238806
2 0.6015 0.29776119402985074 0.033 0.058208955223880594
2 0.5725 0.3373134328358209 0.046 0.08283582089552238
2 0.432 0.3970149253731343 0.067 0.09701492537313433
2 0.478 0.8783582089552239 0.178 0.19925373134328359
2 0.044 0.7350746268656716 0.088 0.12686567164179105
2 0.131 0.7134328358208956 0.071 0.11343283582089553
2 0.443 0.7373134328358208 0.183 0.11641791044776119
2 0.3775 0.6141791044776119 0.1555 0.11865671641791045
2 0.2575 0.682089552238806 0.113 0.12611940298507462
2 0.1625 0.3641791044776119 0.061 0.09701492537313433
1 0.318 0.3738805970149254 0.1125 0.13656716417910447
1 0.5285 0.19029850746268656 0.0525 0.07238805970149254
1 0.521 0.15 0.047 0.04701492537313433
2 0.514 0.3358208955223881 0.0455 0.07985074626865672
2 0.6845 0.28507462686567164 0.0455 0.08283582089552238
2 0.5675 0.2656716417910448 0.0355 0.05373134328358209
2 0.0185 0.3753731343283582 0.0365 0.08955223880597014
4 0.402 0.16567164179104477 0.0615 0.12313432835820895
3 0.9735 0.6313432835820896 0.0485 0.16791044776119404
3 0.8685 0.5656716417910448 0.052 0.14626865671641792
3 0.6715 0.6664179104477612 0.0595 0.17313432835820897
3 0.4705 0.8291044776119403 0.0915 0.1962686567164179
3 0.358 0.585820895522388 0.0765 0.15149253731343285
3 0.281 0.7626865671641792 0.0765 0.17761194029850746
3 0.2585 0.6455223880597015 0.0605 0.12611940298507462
3 0.1225 0.6425373134328358 0.0725 0.15597014925373134
3 0.0095 0.7022388059701492 0.019 0.15671641791044777
3 0.021 0.35895522388059703 0.027 0.09029850746268657
3 0.899 0.3417910447761194 0.023 0.08134328358208955
3 0.9155 0.36268656716417913 0.027 0.1126865671641791
3 0.7815 0.30895522388059704 0.0305 0.08507462686567165
3 0.685 0.2626865671641791 0.0215 0.08283582089552238
3 0.4305 0.36268656716417913 0.041 0.09402985074626866
3 0.5175 0.27761194029850744 0.0225 0.06791044776119402
3 0.985 0.9097014925373135 0.03 0.0791044776119403