2 0.0925 0.8164179104477612 0.185 0.19701492537313434
3 0.0875 0.7955223880597015 0.0845 0.2380597014925373
2 0.4155 0.6380597014925373 0.133 0.15522388059701492
3 0.4265 0.5962686567164179 0.0765 0.15671641791044777
2 0.6265 0.6141791044776119 0.1115 0.13507462686567165
3 0.631 0.5611940298507463 0.06 0.1417910447761194
2 0.6595 0.4761194029850746 0.081 0.08358208955223881
3 0.658 0.44104477611940296 0.0525 0.11567164179104478
1 0.075 0.4962686567164179 0.15 0.2208955223880597
1 0.0415 0.39104477611940297 0.0825 0.13805970149253732
2 0.424 0.3611940298507463 0.058 0.09104477611940298
2 0.7595 0.41194029850746267 0.039 0.07611940298507462
2 0.164 0.32611940298507464 0.057 0.07611940298507462
2 0.1 0.3335820895522388 0.058 0.07388059701492537
3 0.1025 0.29776119402985074 0.032 0.08059701492537313
3 0.1605 0.2947761194029851 0.033 0.10074626865671642
2 0.2445 0.3037313432835821 0.055 0.08059701492537313
3 0.245 0.2746268656716418 0.0225 0.08059701492537313
2 0.289 0.2507462686567164 0.0325 0.06940298507462686
3 0.291 0.2291044776119403 0.0185 0.07238805970149254
2 0.585 0.36716417910447763 0.0515 0.09776119402985074
2 0.5245 0.3783582089552239 0.052 0.10522388059701493
3 0.527 0.34328358208955223 0.0385 0.11417910447761194
3 0.5825 0.3447761194029851 0.038 0.11641791044776119
3 0.758 0.3694029850746269 0.038 0.0962686567164179
2 0.988 0.3485074626865672 0.024 0.07462686567164178
2 0.456 0.2626865671641791 0.0285 0.06940298507462686
2 0.489 0.24776119402985075 0.0345 0.06492537313432836
3 0.4555 0.23059701492537313 0.025 0.07014925373134329
3 0.4845 0.2253731343283582 0.018 0.0708955223880597
1 0.4975 0.16791044776119404 0.0535 0.08880597014925373
1 0.42 0.16567164179104477 0.0545 0.07462686567164178
4 0.4875 0.09104477611940298 0.064 0.08208955223880597