3 0.802 0.5022388059701492 0.051 0.14253731343283582
3 0.322 0.5373134328358209 0.0535 0.15149253731343285
3 0.0855 0.5104477611940299 0.05 0.12313432835820895
3 0.9775 0.926865671641791 0.045 0.14626865671641792
3 0.621 0.9305970149253732 0.0805 0.13880597014925372
3 0.5795 0.9126865671641791 0.0805 0.17388059701492536
3 0.7375 0.9022388059701493 0.099 0.19552238805970149
3 0.4345 0.9514925373134329 0.095 0.09701492537313433
3 0.9905 0.5343283582089552 0.0185 0.1335820895522388
3 0.173 0.8761194029850746 0.1055 0.16940298507462687
3 0.079 0.9149253731343283 0.074 0.1701492537313433
3 0.3295 0.3328358208955224 0.04 0.10671641791044777
3 0.2325 0.9582089552238806 0.0845 0.08358208955223881
3 0.18 0.9634328358208956 0.0745 0.07313432835820896
2 0.8045 0.5261194029850746 0.1315 0.10223880597014925
2 0.3375 0.5634328358208955 0.153 0.10820895522388059
2 0.9855 0.6805970149253732 0.029 0.1291044776119403
2 0.9795 0.5761194029850746 0.041 0.09253731343283582
2 0.933 0.9477611940298507 0.134 0.1044776119402985
2 0.5325 0.9291044776119403 0.1035 0.12313432835820895
2 0.3305 0.9119402985074627 0.17 0.15447761194029852
2 0.893 0.3574626865671642 0.0705 0.07611940298507462
2 0.751 0.2917910447761194 0.051 0.06417910447761194
1 0.5155 0.7820895522388059 0.468 0.29253731343283584
1 0.29 0.2783582089552239 0.112 0.09328358208955224
1 0.5535 0.1843283582089552 0.067 0.06865671641791045
3 0.8965 0.3246268656716418 0.0365 0.08134328358208955
3 0.7525 0.26492537313432835 0.0305 0.07014925373134329