3 0.774 0.5067164179104477 0.0485 0.13656716417910447
3 0.3165 0.5410447761194029 0.051 0.14477611940298507
3 0.091 0.514179104477612 0.0475 0.11791044776119403
3 0.9595 0.9216417910447762 0.0805 0.15671641791044777
3 0.6015 0.9246268656716418 0.077 0.15074626865671642
3 0.562 0.9082089552238806 0.077 0.18358208955223881
3 0.7125 0.8985074626865671 0.0945 0.20298507462686566
3 0.423 0.9455223880597015 0.0905 0.10895522388059702
3 0.969 0.5388059701492537 0.052 0.12611940298507462
3 0.1745 0.8649253731343284 0.1005 0.1619402985074627
3 0.0845 0.9104477611940298 0.071 0.1791044776119403
3 0.324 0.3447761194029851 0.038 0.10223880597014925
3 0.2315 0.9514925373134329 0.0805 0.0962686567164179
3 0.1815 0.9559701492537314 0.071 0.0880597014925373
2 0.776 0.5298507462686567 0.125 0.09776119402985074
2 0.3315 0.5656716417910448 0.146 0.10373134328358209
2 0.9675 0.6776119402985075 0.065 0.12313432835820895
2 0.9615 0.5783582089552238 0.077 0.08955223880597014
2 0.9175 0.941044776119403 0.165 0.11492537313432835
2 0.5175 0.9149253731343283 0.0985 0.11791044776119403
2 0.3245 0.8985074626865671 0.162 0.14776119402985075
2 0.8605 0.367910447761194 0.067 0.07238805970149254
2 0.725 0.30597014925373134 0.0485 0.06119402985074627
1 0.501 0.7746268656716417 0.446 0.2798507462686567
1 0.2865 0.29253731343283584 0.1065 0.08955223880597014
1 0.537 0.20223880597014926 0.0635 0.06567164179104477
3 0.864 0.3365671641791045 0.0345 0.07835820895522388
3 0.727 0.2798507462686567 0.029 0.0664179104477612