3 0.394 0.7149253731343284 0.0575 0.1664179104477612
3 0.5055 0.7940298507462686 0.0645 0.13955223880597015
3 0.6785 0.9037313432835821 0.077 0.1925373134328358
3 0.408 0.905223880597015 0.094 0.18955223880597014
3 0.477 0.9059701492537313 0.078 0.17761194029850746
3 0.664 0.4425373134328358 0.046 0.09701492537313433
3 0.8 0.4761194029850746 0.0425 0.10522388059701493
3 0.919 0.4552238805970149 0.032 0.10522388059701493
3 0.016 0.7761194029850746 0.0275 0.15597014925373134
3 0.162 0.3440298507462687 0.0435 0.1
3 0.0725 0.36343283582089553 0.032 0.09029850746268657
3 0.2935 0.3417910447761194 0.024 0.0791044776119403
3 0.369 0.3641791044776119 0.0255 0.0791044776119403
3 0.445 0.3537313432835821 0.031 0.0664179104477612
2 0.467 0.9440298507462687 0.24 0.11194029850746269
2 0.689 0.9440298507462687 0.1205 0.11194029850746269
2 0.377 0.7529850746268657 0.1655 0.11567164179104478
2 0.504 0.8417910447761194 0.171 0.09850746268656717
2 0.0585 0.8373134328358209 0.117 0.11492537313432835
2 0.99 0.6671641791044776 0.0195 0.06716417910447761
2 0.8 0.5358208955223881 0.0265 0.0791044776119403
2 0.9205 0.4917910447761194 0.0345 0.08283582089552238
2 0.6705 0.49701492537313435 0.0425 0.0791044776119403
2 0.443 0.4 0.063 0.08283582089552238
2 0.373 0.4059701492537313 0.047 0.07164179104477612
2 0.2945 0.38731343283582087 0.031 0.07611940298507462
2 0.1585 0.3776119402985075 0.0575 0.07164179104477612
2 0.0735 0.4007462686567164 0.0645 0.0791044776119403
2 0.4955 0.3447761194029851 0.031 0.05373134328358209
2 0.857 0.41119402985074627 0.046 0.06194029850746269
2 0.7315 0.36716417910447763 0.0355 0.04253731343283582
2 0.6575 0.33955223880597013 0.024 0.04328358208955224