3 0.61 0.5044776119402985 0.063 0.14925373134328357
3 0.737 0.4380597014925373 0.0605 0.11119402985074626
3 0.9075 0.48955223880597015 0.0615 0.12761194029850748
3 0.931 0.6485074626865671 0.0665 0.14776119402985075
3 0.4165 0.5992537313432836 0.0455 0.1537313432835821
3 0.3845 0.5865671641791045 0.049 0.14328358208955225
3 0.1735 0.6492537313432836 0.0365 0.15223880597014924
3 0.049 0.5529850746268656 0.0415 0.15074626865671642
3 0.0835 0.6373134328358209 0.035 0.19850746268656716
3 0.246 0.5298507462686567 0.0465 0.09850746268656717
3 0.462 0.6567164179104478 0.0655 0.11417910447761194
3 0.8515 0.5656716417910448 0.073 0.1291044776119403
1 0.3765 0.8507462686567164 0.5655 0.29253731343283584
1 0.012 0.8298507462686567 0.0235 0.21492537313432836
4 0.543 0.12686567164179105 0.0765 0.13880597014925372
4 0.801 0.7783582089552239 0.2415 0.32985074626865674
4 0.296 0.19552238805970149 0.0905 0.1373134328358209
2 0.6115 0.5604477611940298 0.1255 0.10597014925373134
2 0.749 0.4761194029850746 0.1295 0.08955223880597014
2 0.427 0.6417910447761194 0.152 0.09104477611940298
2 0.297 0.5701492537313433 0.063 0.0955223880597015
2 0.093 0.6626865671641791 0.102 0.12313432835820895
2 0.058 0.6141791044776119 0.116 0.1208955223880597
2 0.9895 0.7880597014925373 0.021 0.1044776119402985
2 0.911 0.6977611940298507 0.1745 0.15074626865671642
2 0.904 0.517910447761194 0.1485 0.09253731343283582
2 0.4305 0.5186567164179104 0.1155 0.0880597014925373
2 0.626 0.2746268656716418 0.044 0.07388059701492537
2 0.5835 0.28507462686567164 0.035 0.06492537313432836
2 0.5165 0.2835820895522388 0.034 0.06791044776119402
2 0.796 0.27313432835820894 0.0505 0.06194029850746269
2 0.7375 0.2335820895522388 0.029 0.07238805970149254
3 0.5855 0.2380597014925373 0.0265 0.041791044776119404
3 0.5195 0.2373134328358209 0.02 0.04626865671641791
3 0.5575 0.22164179104477613 0.03 0.06343283582089553