3 0.1605 0.6611940298507463 0.06 0.14850746268656717
3 0.3495 0.6619402985074627 0.0765 0.1626865671641791
3 0.5015 0.7783582089552239 0.0765 0.2208955223880597
3 0.0195 0.6985074626865672 0.039 0.1783582089552239
3 0.1375 0.767910447761194 0.106 0.16567164179104477
3 0.2295 0.8813432835820896 0.0675 0.23656716417910448
3 0.5485 0.9104477611940298 0.107 0.1791044776119403
3 0.909 0.7970149253731343 0.073 0.2082089552238806
3 0.9605 0.6305970149253731 0.0565 0.18134328358208956
3 0.9925 0.641044776119403 0.015 0.1701492537313433
3 0.7725 0.5962686567164179 0.0565 0.15
3 0.811 0.6037313432835821 0.0535 0.191044776119403
3 0.8025 0.4455223880597015 0.055 0.11567164179104478
1 0.5745 0.5328358208955224 0.2455 0.21417910447761193
1 0.6725 0.32238805970149254 0.1035 0.10970149253731343
1 0.4665 0.2626865671641791 0.068 0.07537313432835821
4 0.5675 0.15895522388059702 0.065 0.09253731343283582
2 0.2415 0.9283582089552239 0.2175 0.14328358208955225
2 0.54 0.9402985074626866 0.237 0.11940298507462686
2 0.8745 0.8388059701492537 0.1675 0.1328358208955224
2 0.9435 0.682089552238806 0.113 0.10373134328358209
2 0.7105 0.8052238805970149 0.1855 0.13432835820895522
2 0.1525 0.817910447761194 0.115 0.18134328358208956
2 0.363 0.6925373134328359 0.1315 0.16567164179104477
2 0.182 0.685820895522388 0.1485 0.11716417910447761
2 0.048 0.7246268656716418 0.0955 0.13059701492537312
2 0.01 0.8261194029850746 0.0195 0.11417910447761194
2 0.4915 0.8238805970149253 0.1865 0.12985074626865672