1 0.4475 0.19402985074626866 0.0555 0.06791044776119402
1 0.478 0.17537313432835822 0.033 0.04029850746268657
2 0.0375 0.6708955223880597 0.0745 0.09402985074626866
2 0.742 0.2880597014925373 0.028 0.03955223880597015
3 0.2475 0.5985074626865672 0.108 0.1828358208955224
3 0.1305 0.8985074626865671 0.1525 0.20223880597014926
3 0.2345 0.7723880597014925 0.0975 0.19850746268656716
3 0.401 0.6522388059701493 0.0925 0.22014925373134328
3 0.5165 0.7783582089552239 0.0935 0.2298507462686567
3 0.3855 0.8880597014925373 0.102 0.19701492537313434
3 0.7335 0.4544776119402985 0.116 0.17164179104477612
3 0.95 0.3858208955223881 0.0365 0.14328358208955225
3 0.85 0.32238805970149254 0.0465 0.1044776119402985
2 0.515 0.7813432835820896 0.1795 0.141044776119403
2 0.228 0.7880597014925373 0.2625 0.15447761194029852
2 0.233 0.6231343283582089 0.1965 0.14701492537313432
2 0.4065 0.6634328358208955 0.2275 0.16865671641791044
2 0.135 0.9097014925373135 0.23 0.18059701492537314
2 0.395 0.9044776119402985 0.238 0.19029850746268656
1 0.8205 0.7328358208955223 0.359 0.49477611940298505