0 0.225 0.5 0.45 0.3529850746268657
1 0.926 0.9582089552238806 0.148 0.08358208955223881
1 0.6815 0.7402985074626866 0.339 0.24850746268656718
1 0.123 0.8283582089552238 0.246 0.3037313432835821
1 0.577 0.21940298507462686 0.048 0.07313432835820896
2 0.956 0.5761194029850746 0.088 0.09328358208955224
2 0.2625 0.7171641791044776 0.161 0.10820895522388059
2 0.5595 0.3522388059701492 0.0305 0.07313432835820896
2 0.73 0.30970149253731344 0.022 0.057462686567164176
2 0.804 0.34776119402985073 0.054 0.05970149253731343
3 0.249 0.6843283582089552 0.0555 0.16343283582089552