4 0.702 0.21417910447761193 0.1045 0.13582089552238805
2 0.078 0.908955223880597 0.139 0.18134328358208956
3 0.0785 0.8805970149253731 0.0985 0.22313432835820896
3 0.2045 0.7843283582089552 0.0915 0.17761194029850746
2 0.213 0.8365671641791045 0.126 0.19552238805970149
2 0.0955 0.7134328358208956 0.0885 0.16940298507462687
3 0.092 0.6694029850746268 0.061 0.15671641791044777
3 0.32 0.7089552238805971 0.064 0.17388059701492536
3 0.286 0.7037313432835821 0.0465 0.17686567164179104
2 0.2925 0.7529850746268657 0.14 0.16343283582089552
2 0.981 0.373134328358209 0.038 0.08283582089552238
2 0.915 0.32611940298507464 0.055 0.06716417910447761
3 0.9935 0.3485074626865672 0.0125 0.10597014925373134
3 0.9145 0.2962686567164179 0.025 0.09402985074626866