1 0.4455 0.6417910447761194 0.352 0.20149253731343283
1 0.645 0.8559701492537314 0.548 0.2880597014925373
2 0.3 0.905223880597015 0.209 0.1746268656716418
2 0.116 0.8134328358208955 0.1655 0.17313432835820897
2 0.2805 0.7805970149253731 0.1395 0.0962686567164179
2 0.776 0.5828358208955224 0.15 0.08880597014925373
3 0.802 0.5805970149253732 0.069 0.1761194029850746
3 0.817 0.6850746268656717 0.0555 0.20223880597014926
3 0.332 0.826865671641791 0.109 0.21865671641791046
3 0.282 0.7395522388059701 0.0715 0.13955223880597015
3 0.118 0.7492537313432835 0.064 0.16865671641791044
3 0.0515 0.5492537313432836 0.0485 0.15970149253731344
2 0.072 0.5753731343283582 0.14 0.10298507462686567
3 0.4475 0.43208955223880596 0.0285 0.1328358208955224
2 0.4685 0.4597014925373134 0.1375 0.12462686567164179
1 0.4465 0.21417910447761193 0.0685 0.10820895522388059
4 0.478 0.15149253731343285 0.054 0.09776119402985074