2 0.632 0.808955223880597 0.1905 0.12985074626865672
3 0.522 0.8776119402985074 0.1 0.21119402985074626
2 0.9055 0.8955223880597015 0.188 0.19925373134328359
2 0.735 0.6761194029850747 0.116 0.12611940298507462
3 0.6275 0.7611940298507462 0.061 0.16567164179104477
3 0.401 0.7880597014925373 0.0975 0.17537313432835822
2 0.35 0.8388059701492537 0.11 0.11044776119402985
2 0.6395 0.5238805970149254 0.0865 0.08955223880597014
3 0.6305 0.4798507462686567 0.06 0.1208955223880597
1 0.513 0.1925373134328358 0.0365 0.056716417910447764
3 0.7305 0.6201492537313433 0.103 0.1417910447761194
3 0.8955 0.8723880597014926 0.081 0.2
3 0.06 0.6895522388059702 0.0415 0.1664179104477612
3 0.558 0.48656716417910445 0.0365 0.10895522388059702
3 0.5135 0.4298507462686567 0.0475 0.09253731343283582
3 0.329 0.6388059701492538 0.061 0.15597014925373134
3 0.3925 0.4828358208955224 0.198 0.1925373134328358
3 0.546 0.21044776119402986 0.0485 0.07164179104477612
3 0.2635 0.5686567164179105 0.0435 0.11716417910447761
2 0.254 0.6082089552238806 0.1155 0.11567164179104478
2 0.5695 0.5380597014925373 0.088 0.08582089552238806
2 0.1015 0.75 0.165 0.12611940298507462