3 0.609 0.7574626865671642 0.076 0.1537313432835821
3 0.7015 0.5686567164179105 0.061 0.16044776119402984
3 0.7625 0.7104477611940299 0.07 0.14328358208955225
3 0.932 0.8059701492537313 0.062 0.17313432835820897
3 0.9535 0.7805970149253731 0.0595 0.1791044776119403
3 0.6725 0.9567164179104478 0.0885 0.08656716417910448
3 0.8925 0.9783582089552239 0.053 0.04328358208955224
3 0.3205 0.30149253731343284 0.03 0.04776119402985075
3 0.361 0.30149253731343284 0.03 0.04776119402985075
3 0.432 0.29402985074626864 0.0275 0.04776119402985075
3 0.475 0.29850746268656714 0.0285 0.03955223880597015
3 0.1915 0.31417910447761194 0.038 0.07611940298507462
2 0.1865 0.3522388059701492 0.054 0.07761194029850746
2 0.319 0.34701492537313433 0.0335 0.06865671641791045
2 0.365 0.33880597014925373 0.0285 0.07164179104477612
2 0.613 0.8186567164179105 0.086 0.20970149253731343
2 0.761 0.7597014925373134 0.0725 0.1828358208955224
2 0.7115 0.9731343283582089 0.057 0.05373134328358209
2 0.9335 0.8335820895522388 0.0975 0.20671641791044776
2 0.8215 0.6082089552238806 0.0595 0.1126865671641791
2 0.705 0.6253731343283582 0.045 0.10820895522388059
2 0.8865 0.5626865671641791 0.068 0.1291044776119403
2 0.929 0.5559701492537313 0.0495 0.10149253731343283
2 0.4345 0.3328358208955224 0.037 0.07462686567164178
2 0.475 0.3402985074626866 0.0355 0.07611940298507462
2 0.5235 0.3440298507462687 0.0495 0.08880597014925373
3 0.831 0.5604477611940298 0.0515 0.11417910447761194
3 0.8845 0.5238805970149254 0.0435 0.10298507462686567
3 0.9335 0.49850746268656715 0.038 0.1044776119402985
1 0.1385 0.6955223880597015 0.277 0.29402985074626864
1 0.1845 0.9134328358208955 0.369 0.17313432835820897
1 0.402 0.22835820895522388 0.0665 0.09701492537313433
0 0.4785 0.15447761194029852 0.054 0.10149253731343283