1 0.4635 0.3358208955223881 0.085 0.11417910447761194
1 0.4715 0.21417910447761193 0.0595 0.07238805970149254
3 0.701 0.48582089552238805 0.0505 0.11567164179104478
2 0.1205 0.9298507462686567 0.197 0.14029850746268657
2 0.5195 0.4791044776119403 0.0575 0.1335820895522388
2 0.7345 0.594776119402985 0.047 0.07611940298507462
2 0.694 0.5343283582089552 0.0375 0.0791044776119403
2 0.199 0.34701492537313433 0.0555 0.05970149253731343
3 0.0955 0.8925373134328358 0.0505 0.11940298507462686
3 0.523 0.4208955223880597 0.03 0.0626865671641791
3 0.741 0.5208955223880597 0.0405 0.09104477611940298
3 0.404 0.3649253731343284 0.025 0.05970149253731343
3 0.365 0.31343283582089554 0.031 0.055970149253731345
3 0.196 0.30671641791044774 0.0265 0.041044776119402986
3 0.285 0.2574626865671642 0.0235 0.05149253731343283
3 0.336 0.25 0.018 0.05149253731343283
3 0.3975 0.2544776119402985 0.0195 0.050746268656716415
2 0.403 0.41567164179104477 0.047 0.06791044776119402
2 0.3615 0.3574626865671642 0.032 0.06417910447761194