1 0.433 0.7716417910447761 0.527 0.373134328358209
4 0.62 0.5298507462686567 0.2375 0.24477611940298508
1 0.296 0.3328358208955224 0.1025 0.18880597014925374
1 0.5945 0.15671641791044777 0.0455 0.07238805970149254
2 0.0295 0.7186567164179104 0.059 0.11194029850746269
2 0.095 0.6634328358208955 0.1235 0.10373134328358209
2 0.2195 0.582089552238806 0.105 0.09328358208955224
2 0.3805 0.5388059701492537 0.058 0.08208955223880597
2 0.112 0.6074626865671642 0.109 0.1
3 0.245 0.408955223880597 0.039 0.0791044776119403
3 0.1 0.5477611940298508 0.047 0.0880597014925373
3 0.078 0.5962686567164179 0.049 0.09328358208955224
3 0.374 0.46567164179104475 0.0495 0.07985074626865672