1 0.2905 0.5291044776119403 0.2625 0.25970149253731345
1 0.6675 0.3291044776119403 0.1605 0.15671641791044777
2 0.8885 0.9746268656716418 0.1995 0.050746268656716415
2 0.904 0.42835820895522386 0.087 0.08432835820895522
2 0.799 0.8261194029850746 0.1685 0.1828358208955224
2 0.768 0.33955223880597013 0.0615 0.05149253731343283
2 0.2785 0.341044776119403 0.036 0.04402985074626865
3 0.797 0.7649253731343284 0.087 0.18880597014925374
3 0.9735 0.9552238805970149 0.0375 0.08955223880597014
3 0.922 0.9455223880597015 0.0615 0.10895522388059702
3 0.908 0.38656716417910447 0.042 0.08582089552238806
3 0.7725 0.30597014925373134 0.0385 0.058208955223880594
3 0.274 0.30223880597014924 0.0265 0.0626865671641791