2 0.399 0.8962686567164179 0.1805 0.17761194029850746
2 0.665 0.9552238805970149 0.101 0.08955223880597014
2 0.803 0.7917910447761194 0.071 0.09402985074626866
2 0.5435 0.5880597014925373 0.1125 0.13805970149253732
2 0.687 0.6067164179104477 0.0735 0.15447761194029852
2 0.46 0.732089552238806 0.1435 0.15746268656716417
2 0.4035 0.3880597014925373 0.0345 0.08134328358208955
2 0.5045 0.42686567164179107 0.046 0.1
2 0.7395 0.491044776119403 0.04 0.06791044776119402
2 0.769 0.658955223880597 0.045 0.09179104477611941
2 0.2515 0.3485074626865672 0.062 0.0664179104477612
2 0.2035 0.34701492537313433 0.0485 0.057462686567164176
3 0.401 0.841044776119403 0.0965 0.20373134328358208
3 0.4515 0.7067164179104478 0.078 0.17164179104477612
3 0.6275 0.9313432835820895 0.108 0.1373134328358209
3 0.801 0.7208955223880597 0.053 0.1701492537313433
3 0.8225 0.7029850746268657 0.046 0.15895522388059702
3 0.683 0.5626865671641791 0.0425 0.12686567164179105
3 0.5435 0.558955223880597 0.053 0.13805970149253732
3 0.7395 0.4298507462686567 0.047 0.09402985074626866
3 0.7935 0.49402985074626865 0.031 0.11791044776119403
3 0.652 0.4246268656716418 0.0585 0.10522388059701493
3 0.501 0.3723880597014925 0.0415 0.06865671641791045
3 0.4015 0.33880597014925373 0.045 0.07761194029850746
4 0.485 0.2902985074626866 0.0825 0.1925373134328358
1 0.0795 0.4305970149253731 0.1585 0.16865671641791044
1 0.5965 0.20970149253731343 0.0575 0.06492537313432836
1 0.448 0.1828358208955224 0.032 0.05373134328358209