1 0.5395 0.3402985074626866 0.0825 0.11119402985074626
1 0.5315 0.22238805970149253 0.058 0.07014925373134329
3 0.3085 0.48656716417910445 0.049 0.11194029850746269
2 0.872 0.9246268656716418 0.191 0.15
2 0.485 0.4798507462686567 0.056 0.12985074626865672
2 0.2755 0.5917910447761194 0.046 0.07388059701492537
2 0.3155 0.5335820895522388 0.0365 0.07611940298507462
2 0.7965 0.35149253731343283 0.054 0.057462686567164176
3 0.8975 0.8813432835820896 0.049 0.11567164179104478
3 0.4815 0.42313432835820897 0.0295 0.06119402985074627
3 0.2695 0.5201492537313432 0.0395 0.08880597014925373
3 0.5975 0.3686567164179104 0.024 0.057462686567164176
3 0.6355 0.31865671641791044 0.03 0.05447761194029851
3 0.7995 0.3119402985074627 0.0255 0.04029850746268657
3 0.713 0.26417910447761195 0.023 0.05
3 0.663 0.2574626865671642 0.0175 0.05
3 0.604 0.26119402985074625 0.019 0.049253731343283584
2 0.598 0.417910447761194 0.046 0.06567164179104477
2 0.639 0.3611940298507463 0.031 0.0626865671641791