3 0.831 0.817910447761194 0.119 0.18880597014925374
3 0.553 0.7350746268656716 0.082 0.1783582089552239
3 0.5205 0.7194029850746269 0.062 0.1828358208955224
3 0.499 0.8746268656716418 0.093 0.20746268656716418
3 0.281 0.8432835820895522 0.0945 0.1962686567164179
3 0.2655 0.823134328358209 0.0705 0.19776119402985073
3 0.3035 0.6380597014925373 0.062 0.15223880597014924
3 0.1695 0.5447761194029851 0.0495 0.12014925373134329
3 0.1025 0.48208955223880595 0.0395 0.14477611940298507
3 0.908 0.3604477611940298 0.047 0.11119402985074626
2 0.8265 0.8753731343283582 0.175 0.19328358208955224
2 0.498 0.9194029850746268 0.169 0.16044776119402984
2 0.2745 0.8805970149253731 0.1205 0.18880597014925374
2 0.524 0.7761194029850746 0.1005 0.1783582089552239
2 0.2955 0.6865671641791045 0.061 0.1664179104477612
4 0.1695 0.6156716417910447 0.1215 0.2044776119402985
2 0.908 0.38283582089552237 0.077 0.07462686567164178
2 0.098 0.5305970149253731 0.056 0.0962686567164179
1 0.543 0.25223880597014925 0.0595 0.09328358208955224
4 0.6095 0.2126865671641791 0.068 0.12611940298507462