1 0.1015 0.5246268656716417 0.203 0.25597014925373135
1 0.3885 0.2291044776119403 0.0585 0.10149253731343283
1 0.209 0.3529850746268657 0.1615 0.1328358208955224
3 0.273 0.9283582089552239 0.1445 0.14253731343283582
1 0.011 0.43134328358208956 0.022 0.0791044776119403
2 0.358 0.367910447761194 0.038 0.06940298507462686
3 0.1155 0.8044776119402985 0.0835 0.191044776119403
3 0.85 0.40298507462686567 0.0335 0.08059701492537313
2 0.8245 0.8298507462686567 0.1475 0.24925373134328357
3 0.076 0.8194029850746268 0.0775 0.18358208955223881
2 0.6455 0.24253731343283583 0.021 0.04029850746268657
3 0.823 0.7977611940298508 0.059 0.18208955223880596
2 0.67 0.5544776119402985 0.0895 0.11865671641791045
3 0.6735 0.49477611940298505 0.0455 0.12313432835820895
2 0.764 0.4761194029850746 0.0295 0.06567164179104477
3 0.76 0.4126865671641791 0.0375 0.07686567164179105
3 0.233 0.3888059701492537 0.036 0.05447761194029851
2 0.2225 0.44104477611940296 0.086 0.07388059701492537