3 0.3005 0.932089552238806 0.137 0.13582089552238805
1 0.542 0.2126865671641791 0.052 0.07014925373134329
1 0.229 0.40223880597014927 0.081 0.10597014925373134
2 0.8615 0.9373134328358209 0.207 0.1253731343283582
3 0.866 0.9156716417910448 0.0865 0.16865671641791044
3 0.7435 0.7104477611940299 0.0445 0.12014925373134329
3 0.7 0.7044776119402985 0.064 0.16492537313432837
3 0.359 0.7 0.0455 0.08955223880597014
3 0.3215 0.9365671641791045 0.0485 0.12686567164179105
3 0.2805 0.9208955223880597 0.0595 0.14253731343283582
3 0.1055 0.7865671641791044 0.0635 0.1798507462686567
3 0.1645 0.6268656716417911 0.0125 0.026119402985074626
3 0.154 0.6626865671641791 0.0645 0.11194029850746269
3 0.246 0.6365671641791045 0.069 0.10223880597014925
3 0.3995 0.6 0.0445 0.11716417910447761
3 0.3585 0.5380597014925373 0.034 0.06492537313432836
3 0.429 0.3895522388059702 0.0535 0.08507462686567165
3 0.364 0.48507462686567165 0.0315 0.0791044776119403
3 0.319 0.4582089552238806 0.0375 0.0664179104477612
3 0.342 0.41567164179104477 0.0335 0.04477611940298507
3 0.27 0.42686567164179107 0.0335 0.056716417910447764
3 0.2405 0.5074626865671642 0.0335 0.07761194029850746
3 0.1575 0.3365671641791045 0.0225 0.06194029850746269
3 0.306 0.2462686567164179 0.0255 0.04701492537313433
3 0.504 0.28432835820895525 0.038 0.041044776119402986
3 0.5405 0.2656716417910448 0.0285 0.029104477611940297
3 0.6185 0.2708955223880597 0.02 0.03955223880597015
3 0.647 0.2753731343283582 0.0305 0.03283582089552239
3 0.5915 0.26119402985074625 0.024 0.025373134328358207
3 0.617 0.29328358208955224 0.023 0.017164179104477612
3 0.567 0.29701492537313434 0.0305 0.034328358208955224
3 0.798 0.29328358208955224 0.024 0.03656716417910448
3 0.7325 0.2656716417910448 0.0285 0.03955223880597015
2 0.6845 0.767910447761194 0.167 0.17388059701492536
2 0.286 0.9522388059701492 0.15 0.0955223880597015
2 0.384 0.7947761194029851 0.0965 0.19029850746268656
2 0.2515 0.7298507462686568 0.079 0.1746268656716418
2 0.1655 0.7559701492537313 0.0615 0.10820895522388059
2 0.123 0.8708955223880597 0.0825 0.09477611940298507
2 0.298 0.5410447761194029 0.062 0.11343283582089553
2 0.42 0.47388059701492535 0.067 0.07238805970149254
2 0.565 0.3641791044776119 0.0385 0.08582089552238806
2 0.6205 0.3455223880597015 0.0375 0.058208955223880594
2 0.6575 0.3126865671641791 0.0355 0.05
2 0.7345 0.3074626865671642 0.0375 0.06044776119402985
2 0.806 0.3358208955223881 0.0335 0.05970149253731343
2 0.161 0.38656716417910447 0.0495 0.10970149253731343
2 0.4705 0.17686567164179104 0.021 0.06865671641791045
2 0.311 0.2873134328358209 0.0485 0.07761194029850746
1 0.6215 0.22462686567164178 0.0435 0.06119402985074627
4 0.553 0.13432835820895522 0.063 0.0873134328358209
1 0.4055 0.20223880597014926 0.0585 0.08358208955223881
2 0.5165 0.3208955223880597 0.034 0.050746268656716415
1 0.093 0.5716417910447761 0.1345 0.18955223880597014