1 0.228 0.7955223880597015 0.3795 0.408955223880597
4 0.509 0.16865671641791044 0.087 0.16492537313432837
0 0.9265 0.5111940298507462 0.1465 0.40671641791044777
3 0.81 0.4835820895522388 0.0385 0.14477611940298507
3 0.9315 0.9544776119402985 0.0645 0.09104477611940298
3 0.7655 0.8947761194029851 0.109 0.21044776119402986
3 0.7945 0.7365671641791045 0.074 0.14701492537313432
3 0.543 0.6343283582089553 0.047 0.13059701492537312
3 0.5105 0.753731343283582 0.065 0.21194029850746268
3 0.691 0.5388059701492537 0.0515 0.15597014925373134
3 0.665 0.4701492537313433 0.052 0.09850746268656717
3 0.6115 0.4335820895522388 0.0495 0.11791044776119403
3 0.5625 0.4873134328358209 0.0805 0.12761194029850748
3 0.4125 0.5223880597014925 0.0625 0.13880597014925372
3 0.376 0.45597014925373136 0.043 0.09402985074626866
3 0.2925 0.5522388059701493 0.0575 0.10522388059701493
3 0.1615 0.5201492537313432 0.067 0.1335820895522388
3 0.128 0.44776119402985076 0.033 0.10223880597014925
2 0.796 0.7910447761194029 0.2195 0.12985074626865672
2 0.765 0.9261194029850747 0.277 0.14776119402985075
2 0.6805 0.582089552238806 0.1855 0.11492537313432835
2 0.8035 0.5097014925373134 0.136 0.09850746268656717
2 0.43 0.5559701492537313 0.156 0.11119402985074626
2 0.538 0.6238805970149254 0.1815 0.12014925373134329
2 0.5425 0.7992537313432836 0.232 0.13507462686567165
2 0.3095 0.6014925373134329 0.088 0.08955223880597014
2 0.18 0.5559701492537313 0.1345 0.12611940298507462
2 0.025 0.49776119402985075 0.05 0.1328358208955224