1 0.1805 0.8380597014925373 0.3605 0.3238805970149254
1 0.241 0.3208955223880597 0.1535 0.13955223880597015
4 0.38 0.19552238805970149 0.0965 0.13432835820895522
2 0.952 0.6432835820895523 0.096 0.1253731343283582
3 0.691 0.5455223880597015 0.069 0.23134328358208955
3 0.422 0.5828358208955224 0.0825 0.1701492537313433
3 0.321 0.5164179104477612 0.067 0.1291044776119403
3 0.274 0.6298507462686567 0.089 0.14402985074626865
3 0.2325 0.4634328358208955 0.055 0.13208955223880597
3 0.1755 0.5156716417910447 0.0345 0.1208955223880597
3 0.1015 0.42686567164179107 0.0345 0.07985074626865672
3 0.0355 0.44776119402985076 0.0105 0.0962686567164179
1 0.5675 0.20970149253731343 0.082 0.10223880597014925
4 0.5225 0.16865671641791044 0.0575 0.15671641791044777