1 0.804 0.7888059701492537 0.392 0.4216417910447761
1 0.071 0.8149253731343283 0.142 0.3597014925373134
1 0.148 0.3858208955223881 0.1445 0.21940298507462686
2 0.4865 0.8395522388059702 0.1205 0.21567164179104478
3 0.489 0.7768656716417911 0.077 0.2208955223880597
3 0.285 0.6522388059701493 0.0695 0.1798507462686567
2 0.311 0.7283582089552239 0.141 0.22761194029850745
2 0.6905 0.5880597014925373 0.127 0.1335820895522388
3 0.688 0.5417910447761194 0.0435 0.17686567164179104
3 0.4185 0.4626865671641791 0.0565 0.11791044776119403
3 0.3555 0.44029850746268656 0.022 0.10970149253731343
1 0.5235 0.2 0.0675 0.11791044776119403