3 0.5315 0.5955223880597015 0.068 0.16044776119402984
3 0.718 0.5365671641791044 0.0255 0.10522388059701493
3 0.7635 0.6216417910447761 0.031 0.12388059701492538
3 0.7945 0.5985074626865672 0.0265 0.11716417910447761
3 0.7135 0.9067164179104478 0.0825 0.1865671641791045
3 0.248 0.65 0.0595 0.16865671641791044
3 0.1905 0.5462686567164179 0.03 0.13507462686567165
3 0.2215 0.5432835820895522 0.039 0.1291044776119403
3 0.0705 0.5253731343283582 0.0355 0.15074626865671642
3 0.193 0.3858208955223881 0.037 0.1208955223880597
3 0.117 0.3664179104477612 0.039 0.07985074626865672
3 0.6185 0.32313432835820893 0.0265 0.08582089552238806
2 0.2515 0.6917910447761194 0.186 0.1
2 0.5135 0.641044776119403 0.14 0.13059701492537312
2 0.7525 0.6432835820895523 0.1265 0.10970149253731343
2 0.717 0.5902985074626865 0.1035 0.1
2 0.7295 0.9529850746268657 0.2285 0.09328358208955224
2 0.9515 0.9462686567164179 0.095 0.10746268656716418
2 0.035 0.7328358208955223 0.07 0.09701492537313433
2 0.0515 0.9492537313432836 0.0895 0.10074626865671642
2 0.0745 0.5552238805970149 0.1285 0.09402985074626866
2 0.122 0.4 0.0895 0.06492537313432836
2 0.043 0.44402985074626866 0.086 0.08358208955223881
1 0.8235 0.7544776119402985 0.353 0.28134328358208954
2 0.6245 0.3656716417910448 0.084 0.050746268656716415
2 0.5235 0.35447761194029853 0.0335 0.055970149253731345
3 0.5165 0.3074626865671642 0.031 0.04328358208955224