1 0.8285 0.7955223880597015 0.3425 0.4082089552238806
3 0.149 0.758955223880597 0.066 0.19850746268656716
2 0.154 0.7917910447761194 0.198 0.16865671641791044
2 0.0465 0.7111940298507463 0.0925 0.14701492537313432
3 0.1165 0.6611940298507463 0.094 0.1917910447761194
3 0.4015 0.4962686567164179 0.0555 0.17164179104477612
3 0.468 0.5320895522388059 0.042 0.16044776119402984
3 0.657 0.5955223880597015 0.0345 0.15671641791044777
3 0.7515 0.5440298507462686 0.0225 0.1708955223880597
3 0.829 0.4052238805970149 0.0555 0.17761194029850746
3 0.8865 0.5835820895522388 0.037 0.1373134328358209
3 0.949 0.5350746268656716 0.067 0.15671641791044777
2 0.7485 0.5619402985074626 0.135 0.1
2 0.647 0.6425373134328358 0.1605 0.1791044776119403
2 0.474 0.5791044776119403 0.109 0.14776119402985075
2 0.378 0.4992537313432836 0.11 0.1