1 0.273 0.8455223880597015 0.391 0.30895522388059704
1 0.122 0.5350746268656716 0.2435 0.2291044776119403
1 0.5445 0.31865671641791044 0.099 0.13656716417910447
4 0.6825 0.23582089552238805 0.1915 0.22313432835820896
4 0.5095 0.22014925373134328 0.0705 0.13059701492537312
4 0.528 0.1373134328358209 0.073 0.11343283582089553
2 0.4125 0.691044776119403 0.094 0.1664179104477612
2 0.9865 0.4164179104477612 0.027 0.08656716417910448
2 0.265 0.5835820895522388 0.132 0.12761194029850748
2 0.497 0.42686567164179107 0.09 0.11044776119402985
2 0.014 0.7194029850746269 0.028 0.11044776119402985
3 0.403 0.6514925373134328 0.053 0.1619402985074627
3 0.2765 0.5365671641791044 0.0715 0.16044776119402984
3 0.514 0.3917910447761194 0.0395 0.11641791044776119