1 0.502 0.1761194029850746 0.05 0.04701492537313433
3 0.1 0.5119402985074627 0.0465 0.13134328358208955
2 0.8865 0.35522388059701493 0.0735 0.07611940298507462
4 0.5755 0.13955223880597015 0.0495 0.06492537313432836
1 0.576 0.191044776119403 0.047 0.05895522388059701
3 0.275 0.5514925373134328 0.056 0.14029850746268657
3 0.0315 0.5477611940298508 0.0505 0.13134328358208955
2 0.418 0.4246268656716418 0.118 0.0791044776119403
2 0.5815 0.4417910447761194 0.136 0.1328358208955224
2 0.276 0.6059701492537314 0.0535 0.1044776119402985
2 0.583 0.4619402985074627 0.1115 0.11194029850746269
2 0.938 0.5313432835820896 0.124 0.11343283582089553
2 0.69 0.48656716417910445 0.1055 0.048507462686567165
2 0.0145 0.43283582089552236 0.029 0.08358208955223881
3 0.88 0.32611940298507464 0.041 0.10298507462686567
3 0.994 0.3716417910447761 0.012 0.11940298507462686
3 0.943 0.505223880597015 0.0685 0.19328358208955224
3 0.6715 0.4507462686567164 0.043 0.09477611940298507
3 0.587 0.41865671641791047 0.038 0.1626865671641791
3 0.448 0.5014925373134328 0.059 0.14477611940298507
3 0.3235 0.4798507462686567 0.05 0.15223880597014924
3 0.4055 0.39477611940298507 0.0395 0.1455223880597015
3 0.6865 0.25149253731343285 0.0335 0.07686567164179105
3 0.058 0.40298507462686567 0.071 0.07985074626865672
1 0.3565 0.21641791044776118 0.0995 0.10671641791044777
1 0.503 0.13208955223880597 0.0395 0.05
1 0.679 0.7507462686567165 0.568 0.49850746268656715
2 0.2105 0.5626865671641791 0.048 0.1253731343283582
3 0.206 0.46044776119402986 0.0365 0.10895522388059702
2 0.102 0.5477611940298508 0.049 0.10149253731343283
2 0.039 0.6067164179104477 0.034 0.10746268656716418