1 0.502 0.6268656716417911 0.2815 0.25671641791044775
1 0.16 0.7171641791044776 0.32 0.25970149253731345
3 0.6915 0.9305970149253732 0.1265 0.13805970149253732
1 0.513 0.21567164179104478 0.052 0.057462686567164176
2 0.5525 0.8216417910447761 0.1695 0.2044776119402985
2 0.6985 0.37910447761194027 0.036 0.06791044776119402
3 0.271 0.8126865671641791 0.095 0.1947761194029851
3 0.245 0.43656716417910446 0.0395 0.10298507462686567
2 0.9285 0.41865671641791047 0.028 0.04029850746268657
3 0.8465 0.8582089552238806 0.0815 0.2791044776119403
3 0.548 0.8014925373134328 0.0615 0.20522388059701493
3 0.6435 0.5231343283582089 0.093 0.14402985074626865
1 0.3175 0.32238805970149254 0.096 0.14029850746268657
2 0.858 0.8753731343283582 0.2205 0.1873134328358209
2 0.5445 0.8649253731343284 0.2345 0.20522388059701493
2 0.2745 0.8626865671641791 0.23 0.17238805970149254