1 0.181 0.7985074626865671 0.362 0.40298507462686567
4 0.4595 0.14402985074626865 0.0935 0.17686567164179104
0 0.9155 0.5119402985074627 0.169 0.43656716417910446
3 0.7845 0.4828358208955224 0.0415 0.15522388059701492
3 0.9155 0.9694029850746269 0.0695 0.06119402985074627
3 0.736 0.9059701492537313 0.117 0.1880597014925373
3 0.7675 0.753731343283582 0.0795 0.1582089552238806
3 0.4965 0.6440298507462686 0.0505 0.14029850746268657
3 0.4615 0.7723880597014925 0.07 0.22761194029850745
3 0.656 0.5417910447761194 0.0555 0.16791044776119404
3 0.628 0.46865671641791046 0.056 0.10597014925373134
3 0.5705 0.42835820895522386 0.0535 0.12611940298507462
3 0.5175 0.48656716417910445 0.087 0.1373134328358209
3 0.356 0.5238805970149254 0.0675 0.14925373134328357
3 0.317 0.45223880597014926 0.046 0.10074626865671642
3 0.2265 0.5567164179104478 0.062 0.1126865671641791
3 0.085 0.5216417910447761 0.072 0.14402985074626865
3 0.049 0.44402985074626866 0.0355 0.10970149253731343
2 0.769 0.8126865671641791 0.2365 0.13880597014925372
2 0.736 0.9388059701492537 0.2985 0.12164179104477611
2 0.6445 0.5880597014925373 0.2 0.12388059701492538
2 0.7775 0.5104477611940299 0.147 0.10597014925373134
2 0.3745 0.5597014925373134 0.1685 0.11940298507462686
2 0.491 0.6335820895522388 0.1955 0.1291044776119403
2 0.496 0.8208955223880597 0.2505 0.14477611940298507
2 0.245 0.608955223880597 0.0945 0.0962686567164179
2 0.105 0.5597014925373134 0.1445 0.13582089552238805