1 0.2415 0.3694029850746269 0.1985 0.17313432835820897
1 0.7515 0.27313432835820894 0.09 0.09179104477611941
1 0.413 0.2835820895522388 0.096 0.09253731343283582
1 0.4675 0.22388059701492538 0.063 0.08283582089552238
1 0.4535 0.14850746268656717 0.039 0.04776119402985075
1 0.5535 0.0962686567164179 0.026 0.03208955223880597
4 0.51 0.13656716417910447 0.039 0.0708955223880597
2 0.6405 0.44477611940298506 0.0545 0.08955223880597014
2 0.7125 0.9029850746268657 0.1125 0.19402985074626866
2 0.893 0.6902985074626866 0.142 0.13880597014925372
2 0.9635 0.55 0.073 0.10970149253731343
2 0.974 0.3888059701492537 0.052 0.07388059701492537
2 0.8095 0.5022388059701492 0.045 0.1208955223880597
3 0.6435 0.40298507462686567 0.044 0.09776119402985074
3 0.8085 0.4619402985074627 0.0395 0.10597014925373134
3 0.8965 0.6447761194029851 0.053 0.15746268656716417
3 0.712 0.8619402985074627 0.092 0.1746268656716418
3 0.978 0.5104477611940299 0.044 0.1328358208955224
3 0.973 0.3664179104477612 0.034 0.08059701492537313
2 0.975 0.3917910447761194 0.05 0.0791044776119403