3 0.214 0.9716417910447761 0.058 0.056716417910447764
1 0.519 0.8574626865671642 0.54 0.28507462686567164
1 0.509 0.6029850746268657 0.5135 0.32313432835820893
4 0.5145 0.17761194029850746 0.062 0.14402985074626865
2 0.49 0.3238805970149254 0.033 0.08059701492537313
3 0.491 0.28955223880597014 0.0235 0.058208955223880594
3 0.9895 0.7067164179104478 0.0205 0.15970149253731344
2 0.974 0.7477611940298508 0.052 0.10373134328358209
2 0.9615 0.6268656716417911 0.077 0.09104477611940298
3 0.9815 0.585820895522388 0.037 0.1328358208955224
2 0.776 0.5597014925373134 0.116 0.0955223880597015
3 0.78 0.5253731343283582 0.05 0.14477611940298507
2 0.9155 0.5343283582089552 0.119 0.10298507462686567
2 0.8795 0.5895522388059702 0.128 0.10522388059701493
3 0.915 0.503731343283582 0.039 0.13208955223880597
3 0.882 0.5597014925373134 0.042 0.13656716417910447
3 0.855 0.5582089552238806 0.0305 0.13805970149253732
2 0.7065 0.514179104477612 0.1035 0.09776119402985074
3 0.707 0.4880597014925373 0.048 0.12164179104477611
2 0.1125 0.5738805970149253 0.1215 0.11119402985074626
3 0.1035 0.5470149253731343 0.051 0.13880597014925372
3 0.086 0.5477611940298508 0.0555 0.1328358208955224
2 0.0085 0.5522388059701493 0.0165 0.08880597014925373
3 0.206 0.4701492537313433 0.0435 0.08208955223880597
2 0.207 0.5156716417910447 0.106 0.09029850746268657
2 0.2185 0.6111940298507462 0.0835 0.0880597014925373
3 0.2295 0.5738805970149253 0.0415 0.14477611940298507
2 0.7245 0.3156716417910448 0.0345 0.06492537313432836
3 0.7225 0.28134328358208954 0.0215 0.05895522388059701
2 0.596 0.31865671641791044 0.031 0.07462686567164178
2 0.56 0.33059701492537313 0.025 0.07313432835820896
3 0.559 0.29253731343283584 0.0215 0.05447761194029851
3 0.593 0.28880597014925374 0.0175 0.05373134328358209
2 0.526 0.3037313432835821 0.0315 0.0708955223880597
3 0.529 0.2865671641791045 0.023 0.09328358208955224
2 0.6855 0.26417910447761195 0.0185 0.05
3 0.6855 0.2335820895522388 0.016 0.04402985074626865
2 0.6635 0.24104477611940298 0.021 0.04626865671641791
3 0.662 0.21567164179104478 0.0175 0.034328358208955224
2 0.6305 0.23582089552238805 0.024 0.04701492537313433
3 0.6305 0.21343283582089553 0.0195 0.03880597014925373
2 0.3145 0.25671641791044775 0.0215 0.041791044776119404
3 0.3125 0.23582089552238805 0.0155 0.05298507462686567
3 0.316 0.22835820895522388 0.032 0.050746268656716415
2 0.3645 0.22388059701492538 0.019 0.04402985074626865
3 0.364 0.20298507462686566 0.017 0.03955223880597015