1 0.569 0.7768656716417911 0.5105 0.3604477611940298
4 0.3875 0.5432835820895522 0.23 0.23656716417910448
1 0.7015 0.3522388059701492 0.0995 0.18208955223880596
1 0.4125 0.18208955223880596 0.044 0.07014925373134329
2 0.9665 0.7276119402985075 0.067 0.10671641791044777
2 0.896 0.6723880597014925 0.12 0.10074626865671642
2 0.776 0.5932835820895522 0.102 0.09029850746268657
2 0.62 0.5522388059701493 0.056 0.07985074626865672
2 0.8795 0.6186567164179104 0.1055 0.0962686567164179
3 0.751 0.4261194029850746 0.038 0.07686567164179105
3 0.8915 0.5604477611940298 0.0455 0.08507462686567165
3 0.9125 0.6074626865671642 0.047 0.08955223880597014
3 0.626 0.48134328358208955 0.048 0.07761194029850746