2 0.2785 0.8111940298507463 0.1675 0.18134328358208956
3 0.2235 0.7507462686567165 0.07 0.13059701492537312
3 0.2665 0.7402985074626866 0.078 0.11791044776119403
3 0.1295 0.5671641791044776 0.054 0.09402985074626866
3 0.312 0.517910447761194 0.0585 0.0955223880597015
3 0.666 0.5044776119402985 0.0505 0.08134328358208955
3 0.576 0.6208955223880597 0.0645 0.09776119402985074
3 0.69 0.6626865671641791 0.055 0.11194029850746269
3 0.8775 0.573134328358209 0.029 0.08880597014925373
2 0.6995 0.7604477611940299 0.081 0.09776119402985074
2 0.31 0.5716417910447761 0.137 0.10597014925373134
2 0.1305 0.6231343283582089 0.141 0.11119402985074626
2 0.651 0.5619402985074626 0.1195 0.09029850746268657