2 0.42 0.8955223880597015 0.1915 0.1880597014925373
2 0.701 0.9544776119402985 0.108 0.09104477611940298
2 0.849 0.7843283582089552 0.0755 0.1
2 0.573 0.567910447761194 0.1195 0.14626865671641792
2 0.7255 0.5873134328358209 0.078 0.16417910447761194
2 0.4845 0.7201492537313433 0.1525 0.16716417910447762
2 0.424 0.3559701492537313 0.0365 0.08656716417910448
2 0.5315 0.3970149253731343 0.049 0.10597014925373134
2 0.781 0.46492537313432836 0.0425 0.07164179104477612
2 0.813 0.6432835820895523 0.0475 0.09701492537313433
2 0.263 0.31343283582089554 0.066 0.07014925373134329
2 0.212 0.3119402985074627 0.0515 0.06119402985074627
3 0.422 0.8365671641791045 0.1025 0.21641791044776118
3 0.4755 0.6932835820895522 0.083 0.18208955223880596
3 0.661 0.9291044776119403 0.114 0.1417910447761194
3 0.8465 0.7089552238805971 0.056 0.18059701492537314
3 0.8695 0.6895522388059702 0.049 0.16865671641791044
3 0.7215 0.5410447761194029 0.045 0.13432835820895522
3 0.573 0.5365671641791044 0.056 0.14626865671641792
3 0.781 0.4 0.05 0.1
3 0.8385 0.467910447761194 0.033 0.1253731343283582
3 0.6885 0.3940298507462687 0.062 0.11194029850746269
3 0.528 0.33880597014925373 0.044 0.07313432835820896
3 0.4225 0.3029850746268657 0.0475 0.08208955223880597
4 0.511 0.25223880597014925 0.088 0.2044776119402985
1 0.082 0.4 0.164 0.1798507462686567
1 0.629 0.1664179104477612 0.061 0.06865671641791045
1 0.472 0.13805970149253732 0.034 0.056716417910447764