2 0.909 0.9291044776119403 0.182 0.1417910447761194
3 0.9355 0.9208955223880597 0.12 0.1582089552238806
2 0.7005 0.758955223880597 0.1605 0.20746268656716418
3 0.6945 0.7268656716417911 0.09 0.21865671641791046
2 0.4375 0.6470149253731343 0.0905 0.16716417910447762
3 0.451 0.6231343283582089 0.0515 0.15970149253731344
3 0.425 0.6097014925373134 0.04 0.14776119402985075
3 0.2675 0.6305970149253731 0.0585 0.14776119402985075
2 0.2695 0.6798507462686567 0.092 0.17313432835820897
2 0.728 0.6402985074626866 0.1315 0.15074626865671642
3 0.721 0.5977611940298507 0.0625 0.14701492537313432
2 0.031 0.7119402985074627 0.062 0.1291044776119403
2 0.1815 0.5082089552238805 0.0525 0.12835820895522387
3 0.181 0.4828358208955224 0.0415 0.13656716417910447
2 0.2965 0.47686567164179106 0.0505 0.13208955223880597
3 0.295 0.45 0.044 0.11343283582089553
2 0.4405 0.517910447761194 0.0755 0.11567164179104478
3 0.4355 0.4828358208955224 0.049 0.12164179104477611
3 0.9025 0.3455223880597015 0.025 0.11119402985074626
3 0.863 0.33955223880597013 0.0195 0.10223880597014925
3 0.8185 0.33805970149253733 0.036 0.11492537313432835
2 0.816 0.3761194029850746 0.057 0.08283582089552238
2 0.9755 0.4828358208955224 0.049 0.07611940298507462
3 0.998 0.44402985074626866 0.004 0.1208955223880597
3 0.9895 0.4388059701492537 0.021 0.11641791044776119
2 0.4875 0.3813432835820896 0.083 0.08582089552238806
3 0.4895 0.3574626865671642 0.038 0.1
2 0.9515 0.41492537313432837 0.073 0.07014925373134329
3 0.9615 0.39104477611940297 0.0335 0.09850746268656717
1 0.278 0.20671641791044776 0.0755 0.07835820895522388
1 0.4835 0.1917910447761194 0.063 0.0708955223880597
2 0.6415 0.26417910447761195 0.0215 0.06343283582089553
3 0.638 0.23134328358208955 0.0215 0.05
2 0.5265 0.3201492537313433 0.0255 0.058208955223880594
3 0.5255 0.27761194029850744 0.022 0.057462686567164176
1 0.484 0.13582089552238805 0.046 0.03731343283582089
2 0.092 0.332089552238806 0.0345 0.06940298507462686
3 0.0905 0.30149253731343284 0.023 0.056716417910447764
2 0.219 0.2873134328358209 0.0315 0.06865671641791045
3 0.2155 0.26417910447761195 0.0205 0.056716417910447764
2 0.293 0.3649253731343284 0.0295 0.08955223880597014
3 0.291 0.3328358208955224 0.03 0.07761194029850746
2 0.3455 0.21641791044776118 0.023 0.04029850746268657
3 0.3435 0.19029850746268656 0.016 0.041791044776119404
2 0.434 0.34701492537313433 0.0435 0.08955223880597014
3 0.427 0.31044776119402984 0.025 0.06044776119402985