1 0.086 0.8514925373134329 0.1715 0.26044776119402985
1 0.134 0.9723880597014926 0.268 0.05522388059701493
1 0.431 0.21343283582089553 0.0435 0.07462686567164178
3 0.597 0.40298507462686567 0.0515 0.12835820895522387
3 0.635 0.6522388059701493 0.0555 0.10074626865671642
3 0.93 0.6126865671641791 0.05 0.09701492537313433
3 0.462 0.6074626865671642 0.0345 0.11044776119402985
3 0.4195 0.6044776119402985 0.0445 0.10074626865671642
3 0.296 0.673134328358209 0.0775 0.11343283582089553
3 0.0205 0.6395522388059701 0.041 0.10522388059701493
3 0.0905 0.3455223880597015 0.028 0.0708955223880597
2 0.041 0.6813432835820895 0.0815 0.1
2 0.2905 0.741044776119403 0.175 0.13432835820895522
2 0.4245 0.6686567164179105 0.1525 0.11417910447761194
2 0.6285 0.7052238805970149 0.1615 0.1335820895522388
2 0.9145 0.6634328358208955 0.1405 0.11343283582089553
2 0.084 0.3880597014925373 0.065 0.07462686567164178