1 0.5975 0.8947761194029851 0.601 0.21044776119402986
1 0.077 0.31417910447761194 0.154 0.18358208955223881
2 0.97 0.8470149253731343 0.06 0.11791044776119403
2 0.604 0.34626865671641793 0.039 0.08656716417910448
2 0.034 0.7276119402985075 0.058 0.10298507462686567
2 0.1475 0.9686567164179104 0.06 0.0626865671641791
2 0.868 0.3746268656716418 0.069 0.06940298507462686
2 0.7855 0.33507462686567163 0.0605 0.07537313432835821
2 0.967 0.38731343283582087 0.044 0.08134328358208955
2 0.986 0.4343283582089552 0.028 0.0626865671641791
2 0.7145 0.2880597014925373 0.0365 0.06194029850746269
2 0.636 0.22014925373134328 0.0275 0.04029850746268657
2 0.498 0.30671641791044774 0.0315 0.06343283582089553
2 0.448 0.30671641791044774 0.029 0.06940298507462686
2 0.5365 0.3074626865671642 0.035 0.0708955223880597
2 0.573 0.32238805970149254 0.0325 0.0664179104477612
2 0.1065 0.6380597014925373 0.0505 0.09104477611940298
3 0.096 0.5470149253731343 0.069 0.10298507462686567
3 0.038 0.6276119402985074 0.069 0.1126865671641791
3 0.0245 0.5432835820895522 0.049 0.10746268656716418
3 0.1805 0.9447761194029851 0.092 0.10970149253731343
3 0.6115 0.2873134328358209 0.029 0.05970149253731343
3 0.5415 0.25149253731343285 0.025 0.05373134328358209
3 0.864 0.3276119402985075 0.054 0.05522388059701493
3 0.7835 0.29253731343283584 0.044 0.05522388059701493
3 0.7115 0.24328358208955222 0.04 0.049253731343283584
3 0.969 0.3246268656716418 0.04 0.04626865671641791