2 0.6905 0.7029850746268657 0.196 0.13880597014925372
2 0.3505 0.8858208955223881 0.2675 0.16044776119402984
2 0.563 0.7835820895522388 0.1785 0.1746268656716418
2 0.4535 0.5597014925373134 0.1635 0.11417910447761194
2 0.2465 0.6231343283582089 0.163 0.10522388059701493
2 0.3525 0.7380597014925373 0.1485 0.11716417910447761
2 0.1215 0.7656716417910447 0.1565 0.13805970149253732
2 0.076 0.6141791044776119 0.1485 0.10223880597014925
2 0.6855 0.5216417910447761 0.1235 0.09179104477611941
1 0.5895 0.21044776119402986 0.0695 0.09029850746268657
1 0.5505 0.14328358208955225 0.03 0.06791044776119402
3 0.6765 0.4917910447761194 0.058 0.17238805970149254
3 0.6615 0.6634328358208955 0.076 0.15223880597014924
3 0.543 0.7440298507462687 0.088 0.19701492537313434
3 0.4505 0.5246268656716417 0.043 0.13656716417910447
3 0.331 0.6985074626865672 0.077 0.1455223880597015
3 0.2105 0.5761194029850746 0.0575 0.2253731343283582
3 0.3355 0.8380597014925373 0.052 0.21940298507462686
3 0.1005 0.7350746268656716 0.1 0.23283582089552238
3 0.0685 0.5604477611940298 0.0885 0.1208955223880597
3 0.9225 0.367910447761194 0.0365 0.09029850746268657
3 0.842 0.3738805970149254 0.0475 0.12238805970149254
3 0.6625 0.3917910447761194 0.039 0.08507462686567165
3 0.508 0.30149253731343284 0.0435 0.05373134328358209
3 0.282 0.2738805970149254 0.037 0.058208955223880594
3 0.3345 0.21865671641791046 0.0305 0.05895522388059701