2 0.9665 0.8305970149253732 0.0665 0.10970149253731343
3 0.7615 0.8052238805970149 0.082 0.18507462686567164
1 0.396 0.20298507462686566 0.059 0.06492537313432836
2 0.729 0.8641791044776119 0.0695 0.13059701492537312
4 0.564 0.14253731343283582 0.0595 0.11417910447761194
2 0.336 0.8514925373134329 0.222 0.1417910447761194
2 0.035 0.9097014925373135 0.07 0.12985074626865672
2 0.025 0.7932835820895522 0.05 0.08656716417910448
2 0.087 0.744776119402985 0.166 0.11194029850746269
2 0.212 0.6880597014925374 0.186 0.12611940298507462
2 0.0155 0.6597014925373135 0.031 0.10149253731343283
2 0.0725 0.585820895522388 0.1245 0.1253731343283582
2 0.3395 0.6365671641791045 0.1 0.0791044776119403
2 0.421 0.7022388059701492 0.179 0.11343283582089553
2 0.4955 0.573134328358209 0.0535 0.11567164179104478
2 0.5415 0.6313432835820896 0.1245 0.08432835820895522
2 0.727 0.6074626865671642 0.1125 0.11716417910447761
2 0.503 0.4507462686567164 0.093 0.07014925373134329
2 0.4285 0.4007462686567164 0.0785 0.0664179104477612
2 0.738 0.3850746268656716 0.0385 0.08134328358208955
2 0.866 0.7529850746268657 0.0905 0.14402985074626865
2 0.973 0.8291044776119403 0.054 0.208955223880597
2 0.9495 0.505223880597015 0.049 0.10746268656716418
2 0.6635 0.4171641791044776 0.0525 0.07462686567164178
2 0.4865 0.3208955223880597 0.0395 0.07537313432835821
2 0.441 0.32164179104477614 0.049 0.0664179104477612
2 0.8695 0.4171641791044776 0.0555 0.13507462686567165
3 0.8645 0.6738805970149254 0.062 0.14328358208955225
3 0.74 0.5776119402985075 0.067 0.1865671641791045
3 0.333 0.8126865671641791 0.0905 0.22761194029850745
3 0.064 0.5649253731343283 0.049 0.16044776119402984
3 0.085 0.7104477611940299 0.0615 0.18582089552238806
3 0.2235 0.6514925373134328 0.076 0.21119402985074626
3 0.326 0.6097014925373134 0.0565 0.19402985074626866
3 0.316 0.49701492537313435 0.0485 0.07611940298507462
3 0.423 0.505223880597015 0.038 0.14328358208955225
3 0.428 0.3746268656716418 0.0515 0.0962686567164179
3 0.4915 0.408955223880597 0.0535 0.11865671641791045
3 0.649 0.505223880597015 0.036 0.1126865671641791
3 0.4365 0.6634328358208955 0.0475 0.17388059701492536
3 0.554 0.6022388059701492 0.041 0.1582089552238806
1 0.485 0.1843283582089552 0.0245 0.07238805970149254
1 0.4605 0.12686567164179105 0.038 0.05522388059701493
1 0.458 0.08283582089552238 0.0325 0.05373134328358209
2 0.516 0.08507462686567165 0.0155 0.04701492537313433
2 0.6605 0.735820895522388 0.154 0.12985074626865672
3 0.687 0.7022388059701492 0.0575 0.18059701492537314
3 0.963 0.4470149253731343 0.038 0.07835820895522388
3 0.77 0.2708955223880597 0.0235 0.0626865671641791