1 0.449 0.21343283582089553 0.0535 0.06567164179104477
1 0.479 0.19552238805970149 0.032 0.03880597014925373
2 0.0515 0.6761194029850747 0.0735 0.08955223880597014
2 0.7345 0.3044776119402985 0.027 0.03805970149253731
3 0.2555 0.6052238805970149 0.1045 0.17686567164179104
3 0.142 0.8947761194029851 0.1475 0.19552238805970149
3 0.2425 0.7731343283582089 0.0945 0.1917910447761194
3 0.404 0.6567164179104478 0.0895 0.2126865671641791
3 0.516 0.7783582089552239 0.0905 0.22238805970149253
3 0.3895 0.8843283582089553 0.099 0.19029850746268656
3 0.726 0.46567164179104475 0.112 0.16567164179104477
3 0.9355 0.39925373134328357 0.0355 0.13880597014925372
3 0.839 0.3373134328358209 0.045 0.10074626865671642
2 0.5145 0.7813432835820896 0.1735 0.13656716417910447
2 0.2365 0.7880597014925373 0.2545 0.14925373134328357
2 0.2415 0.6283582089552239 0.19 0.1417910447761194
2 0.4095 0.667910447761194 0.22 0.16343283582089552
2 0.147 0.908955223880597 0.2235 0.18208955223880596
2 0.399 0.9044776119402985 0.232 0.191044776119403
1 0.819 0.7350746268656716 0.3615 0.4783582089552239