2 0.0225 0.8708955223880597 0.045 0.11194029850746269
3 0.2185 0.8462686567164179 0.083 0.1880597014925373
1 0.5885 0.23432835820895523 0.0595 0.06567164179104477
2 0.2515 0.9059701492537313 0.0705 0.1328358208955224
4 0.4185 0.17313432835820897 0.0605 0.11641791044776119
2 0.6495 0.8932835820895523 0.2245 0.14402985074626865
2 0.955 0.9425373134328359 0.07 0.11492537313432835
2 0.9695 0.8343283582089552 0.061 0.0880597014925373
2 0.9015 0.7850746268656716 0.168 0.11343283582089553
2 0.775 0.7276119402985075 0.1885 0.12835820895522387
2 0.979 0.6992537313432836 0.042 0.10373134328358209
2 0.916 0.6231343283582089 0.126 0.12686567164179105
2 0.6455 0.6746268656716418 0.101 0.08059701492537313
2 0.5635 0.7417910447761195 0.1815 0.11492537313432835
2 0.488 0.6104477611940299 0.0545 0.11716417910447761
2 0.4415 0.6701492537313433 0.126 0.08582089552238806
2 0.253 0.6447761194029851 0.114 0.11940298507462686
2 0.48 0.48656716417910445 0.0945 0.07164179104477612
2 0.5555 0.43507462686567167 0.0795 0.06716417910447761
2 0.242 0.41940298507462687 0.039 0.08208955223880597
2 0.1125 0.7932835820895522 0.0915 0.14626865671641792
2 0.016 0.8701492537313433 0.0315 0.2126865671641791
2 0.028 0.5417910447761194 0.05 0.10970149253731343
2 0.3175 0.45223880597014926 0.053 0.07611940298507462
2 0.497 0.35447761194029853 0.04 0.07686567164179105
2 0.543 0.35522388059701493 0.0495 0.06716417910447761
2 0.109 0.45223880597014926 0.056 0.1373134328358209
3 0.114 0.7126865671641791 0.0625 0.1455223880597015
3 0.24 0.6156716417910447 0.068 0.18955223880597014
3 0.6525 0.8537313432835821 0.092 0.23059701492537313
3 0.9245 0.6022388059701492 0.0495 0.1626865671641791
3 0.9035 0.75 0.062 0.18880597014925374
3 0.7635 0.6902985074626866 0.077 0.21492537313432836
3 0.659 0.6477611940298508 0.057 0.19701492537313434
3 0.6695 0.5335820895522388 0.0495 0.07686567164179105
3 0.561 0.5417910447761194 0.0385 0.1455223880597015
3 0.556 0.408955223880597 0.0525 0.09776119402985074
3 0.492 0.44402985074626866 0.054 0.1208955223880597
3 0.332 0.5417910447761194 0.0365 0.11417910447761194
3 0.5475 0.7022388059701492 0.0485 0.17686567164179104
3 0.4285 0.6395522388059701 0.0415 0.16044776119402984
1 0.498 0.21567164179104478 0.025 0.07313432835820896
1 0.523 0.15746268656716417 0.0385 0.055970149253731345
1 0.526 0.1126865671641791 0.0325 0.05447761194029851
2 0.467 0.11492537313432835 0.0155 0.04776119402985075
2 0.321 0.7753731343283582 0.156 0.13134328358208955
3 0.2935 0.7417910447761195 0.058 0.18358208955223881
3 0.017 0.48208955223880595 0.034 0.07761194029850746
3 0.2095 0.3037313432835821 0.024 0.06343283582089553