2 0.279 0.7985074626865671 0.1495 0.15074626865671642
2 0.1625 0.6880597014925374 0.153 0.11791044776119403
2 0.3025 0.5925373134328358 0.1045 0.11567164179104478
2 0.4505 0.744776119402985 0.1195 0.17313432835820897
2 0.7415 0.8664179104477612 0.1895 0.1417910447761194
2 0.882 0.6955223880597015 0.1435 0.11791044776119403
2 0.7475 0.6216417910447761 0.07 0.1044776119402985
2 0.625 0.6656716417910448 0.0895 0.1291044776119403
2 0.8125 0.5455223880597015 0.062 0.11417910447761194
2 0.9275 0.6537313432835821 0.114 0.08880597014925373
2 0.879 0.4537313432835821 0.0485 0.06865671641791045
2 0.512 0.5238805970149254 0.1115 0.09402985074626866
2 0.502 0.32985074626865674 0.039 0.05223880597014925
2 0.628 0.38731343283582087 0.063 0.05895522388059701
3 0.269 0.7388059701492538 0.078 0.1664179104477612
3 0.157 0.6328358208955224 0.0795 0.16492537313432837
3 0.297 0.5671641791044776 0.0565 0.14328358208955225
3 0.3985 0.6149253731343284 0.053 0.13507462686567165
3 0.454 0.7022388059701492 0.076 0.1746268656716418
3 0.755 0.8216417910447761 0.0665 0.17164179104477612
3 0.8025 0.8186567164179105 0.054 0.18880597014925374
3 0.892 0.6671641791044776 0.0585 0.15223880597014924
3 0.9445 0.5970149253731343 0.0505 0.1291044776119403
3 0.8155 0.5253731343283582 0.0415 0.13656716417910447
3 0.7485 0.5723880597014925 0.0585 0.14776119402985075
3 0.618 0.6231343283582089 0.069 0.14328358208955225
3 0.635 0.591044776119403 0.047 0.1126865671641791
3 0.4575 0.6970149253731344 0.0735 0.15597014925373134
3 0.2755 0.7417910447761195 0.108 0.1664179104477612
3 0.157 0.6328358208955224 0.086 0.15597014925373134
3 0.527 0.4843283582089552 0.0585 0.13507462686567165
3 0.8735 0.40671641791044777 0.0335 0.0873134328358209
3 0.6165 0.341044776119403 0.045 0.0664179104477612
3 0.5045 0.2917910447761194 0.032 0.05223880597014925
1 0.737 0.3888059701492537 0.1115 0.1843283582089552
3 0.613 0.5007462686567165 0.054 0.0791044776119403
1 0.422 0.21567164179104478 0.047 0.07014925373134329