0 0.61 0.564179104477612 0.78 0.4417910447761194
1 0.8045 0.8298507462686567 0.391 0.3194029850746269
1 0.1065 0.817910447761194 0.213 0.28432835820895525
2 0.5295 0.9597014925373134 0.215 0.08059701492537313
2 0.3195 0.9708955223880597 0.2 0.058208955223880594
2 0.863 0.9589552238805971 0.2045 0.08208955223880597
2 0.161 0.9611940298507463 0.165 0.07686567164179105
3 0.319 0.9343283582089552 0.094 0.13134328358208955
3 0.5315 0.932089552238806 0.0935 0.13582089552238805
3 0.806 0.9768656716417911 0.124 0.04626865671641791
3 0.876 0.9373134328358209 0.074 0.1253731343283582
3 0.1505 0.941044776119403 0.079 0.11791044776119403
3 0.1015 0.5305970149253731 0.035 0.12761194029850748
2 0.153 0.3858208955223881 0.063 0.0791044776119403
2 0.278 0.3082089552238806 0.0475 0.058208955223880594
2 0.6245 0.30671641791044774 0.0305 0.06343283582089553
2 0.6665 0.3 0.024 0.06119402985074627
2 0.771 0.32611940298507464 0.035 0.030597014925373135
2 0.833 0.3201492537313433 0.045 0.04552238805970149
3 0.831 0.30970149253731344 0.0275 0.06791044776119402
3 0.7725 0.31044776119402984 0.025 0.07462686567164178
3 0.6665 0.282089552238806 0.0235 0.07835820895522388
3 0.619 0.27761194029850744 0.0185 0.04328358208955224
3 0.2695 0.28582089552238804 0.0275 0.06343283582089553
3 0.143 0.3574626865671642 0.031 0.06716417910447761
2 0.1175 0.5462686567164179 0.113 0.09477611940298507
2 0.0405 0.6253731343283582 0.081 0.12238805970149254
3 0.012 0.6126865671641791 0.024 0.13582089552238805
1 0.568 0.21641791044776118 0.054 0.08059701492537313
1 0.633 0.2082089552238806 0.0425 0.056716417910447764
2 0.5425 0.25298507462686565 0.0245 0.04029850746268657
2 0.5395 0.23656716417910448 0.0135 0.05447761194029851