1 0.4815 0.14626865671641792 0.053 0.07462686567164178
3 0.249 0.7305970149253731 0.0625 0.17388059701492536
3 0.902 0.6888059701492537 0.0825 0.17313432835820897
1 0.557 0.14477611940298507 0.059 0.07761194029850746
2 0.4735 0.5216417910447761 0.1395 0.09701492537313433
3 0.464 0.48955223880597015 0.0505 0.12835820895522387
3 0.56 0.7507462686567165 0.064 0.18507462686567164
3 0.6095 0.7507462686567165 0.0665 0.18134328358208956
3 0.0695 0.808955223880597 0.07 0.19552238805970149
3 0.0355 0.8074626865671641 0.0705 0.20671641791044776
3 0.0195 0.6656716417910448 0.039 0.1701492537313433
3 0.0055 0.6477611940298508 0.0105 0.11791044776119403
3 0.158 0.5776119402985075 0.0655 0.1455223880597015
3 0.0295 0.48955223880597015 0.0365 0.12985074626865672
3 0.296 0.7246268656716418 0.075 0.17761194029850746
3 0.7505 0.8388059701492537 0.0755 0.2208955223880597
3 0.9755 0.6141791044776119 0.049 0.17537313432835822
3 0.882 0.5082089552238805 0.054 0.15223880597014924
3 0.671 0.5604477611940298 0.0615 0.18358208955223881
3 0.567 0.6194029850746269 0.052 0.13208955223880597
2 0.305 0.7686567164179104 0.1875 0.1253731343283582
2 0.1 0.8552238805970149 0.1945 0.15074626865671642
2 0.167 0.6149253731343284 0.1485 0.11044776119402985
2 0.609 0.7940298507462686 0.19 0.1537313432835821
2 0.744 0.9067164179104478 0.207 0.1373134328358209
2 0.6835 0.5791044776119403 0.1465 0.11940298507462686
2 0.899 0.7380597014925373 0.1745 0.11492537313432835
2 0.8805 0.5455223880597015 0.137 0.10597014925373134
2 0.481 0.6171641791044776 0.0625 0.10298507462686567
2 0.059 0.7052238805970149 0.1175 0.12313432835820895
2 0.0495 0.5216417910447761 0.099 0.09701492537313433