3 0.7775 0.9313432835820895 0.0775 0.1373134328358209
3 0.9045 0.8097014925373134 0.0505 0.2574626865671642
3 0.997 0.8253731343283582 0.006 0.13507462686567165
3 0.1605 0.8679104477611941 0.109 0.15298507462686567
3 0.256 0.5985074626865672 0.0695 0.11194029850746269
3 0.276 0.5761194029850746 0.049 0.13656716417910447
3 0.322 0.7097014925373134 0.065 0.15447761194029852
3 0.5605 0.5149253731343284 0.049 0.1208955223880597
3 0.483 0.46044776119402986 0.06 0.09402985074626866
3 0.4405 0.34701492537313433 0.0565 0.06194029850746269
3 0.556 0.3888059701492537 0.053 0.06492537313432836
3 0.6325 0.3611940298507463 0.037 0.07238805970149254
3 0.653 0.4425373134328358 0.0395 0.07761194029850746
3 0.7585 0.4097014925373134 0.0325 0.0955223880597015
3 0.8485 0.5574626865671641 0.035 0.09701492537313433
3 0.9225 0.4925373134328358 0.0385 0.08059701492537313
3 0.9795 0.5134328358208955 0.041 0.09253731343283582
2 0.2545 0.6835820895522388 0.0685 0.12761194029850748
2 0.171 0.9507462686567164 0.134 0.09850746268656717
2 0.3185 0.7701492537313432 0.1345 0.14850746268656717
2 0.7675 0.9634328358208956 0.2325 0.07238805970149254
2 0.8855 0.8477611940298507 0.119 0.16343283582089552
2 0.9765 0.9164179104477612 0.047 0.14253731343283582
2 0.5585 0.5813432835820895 0.079 0.09701492537313433
2 0.4895 0.5320895522388059 0.049 0.10149253731343283
2 0.436 0.3940298507462687 0.053 0.07611940298507462
2 0.6545 0.4992537313432836 0.091 0.12238805970149254
2 0.755 0.4634328358208955 0.042 0.06194029850746269
2 0.9085 0.5246268656716417 0.0515 0.11343283582089553
2 0.974 0.573134328358209 0.048 0.11940298507462686
1 0.1305 0.41119402985074627 0.261 0.20223880597014926
1 0.367 0.2902985074626866 0.109 0.10597014925373134
4 0.464 0.22388059701492538 0.079 0.12388059701492538
4 0.4835 0.16417910447761194 0.059 0.11343283582089553
1 0.5755 0.8037313432835821 0.5345 0.3925373134328358