1 0.6765 0.8776119402985074 0.5195 0.24477611940298508
1 0.1205 0.7082089552238806 0.241 0.2873134328358209
1 0.3425 0.22761194029850745 0.0535 0.07835820895522388
2 0.958 0.8 0.084 0.14626865671641792
2 0.382 0.6716417910447762 0.155 0.12014925373134329
2 0.2815 0.6037313432835821 0.114 0.12014925373134329
2 0.0765 0.3738805970149254 0.062 0.07985074626865672
2 0.0195 0.5828358208955224 0.039 0.049253731343283584
2 0.3305 0.47238805970149256 0.08 0.0955223880597015
2 0.4565 0.7223880597014926 0.1735 0.12313432835820895
2 0.2475 0.6664179104477612 0.064 0.11343283582089553
2 0.582 0.6201492537313433 0.148 0.10298507462686567
2 0.5975 0.7432835820895523 0.152 0.12388059701492538
2 0.677 0.6738805970149254 0.1455 0.12761194029850748
2 0.6075 0.5097014925373134 0.105 0.0962686567164179
2 0.631 0.5746268656716418 0.115 0.11343283582089553
2 0.9545 0.41567164179104477 0.0565 0.08134328358208955
2 0.876 0.3813432835820896 0.0505 0.07835820895522388
2 0.778 0.7141791044776119 0.147 0.10149253731343283
2 0.4725 0.42014925373134326 0.0695 0.10074626865671642
2 0.4035 0.18358208955223881 0.0385 0.06865671641791045
2 0.3405 0.3962686567164179 0.0545 0.08582089552238806
2 0.42 0.34701492537313433 0.0305 0.07686567164179105
2 0.379 0.3417910447761194 0.0345 0.06940298507462686
2 0.34 0.3358208955223881 0.043 0.07238805970149254
2 0.6535 0.3402985074626866 0.038 0.0880597014925373
2 0.8155 0.33805970149253733 0.0355 0.06865671641791045
3 0.0755 0.3485074626865672 0.0385 0.09850746268656717
3 0.055 0.48880597014925375 0.0475 0.15074626865671642
3 0.265 0.5738805970149253 0.041 0.13656716417910447
3 0.0055 0.5522388059701493 0.011 0.06716417910447761
3 0.0185 0.5514925373134328 0.0345 0.0664179104477612
3 0.293 0.573134328358209 0.0375 0.14402985074626865
3 0.385 0.6365671641791045 0.0665 0.14850746268656717
3 0.46 0.6835820895522388 0.057 0.1582089552238806
3 0.495 0.6753731343283582 0.05 0.17686567164179104
3 0.6135 0.4753731343283582 0.05 0.11865671641791045
3 0.331 0.4380597014925373 0.039 0.12985074626865672
3 0.958 0.38656716417910447 0.034 0.07686567164179105
3 0.8775 0.3619402985074627 0.0245 0.0708955223880597
3 0.788 0.6843283582089552 0.0715 0.13582089552238805
3 0.98 0.7746268656716417 0.04 0.1701492537313433
3 0.6785 0.6440298507462686 0.059 0.16417910447761194
3 0.4775 0.39552238805970147 0.0305 0.10746268656716418
3 0.6015 0.5925373134328358 0.045 0.13805970149253732
3 0.6545 0.31865671641791044 0.0235 0.07014925373134329
3 0.8185 0.3126865671641791 0.0175 0.058208955223880594
3 0.336 0.30223880597014924 0.027 0.06791044776119402