1 0.1175 0.43208955223880596 0.2345 0.19776119402985073
1 0.394 0.3328358208955224 0.1145 0.11716417910447761
1 0.3325 0.28880597014925374 0.0965 0.10149253731343283
2 0.3895 0.8514925373134329 0.156 0.1798507462686567
2 0.651 0.7440298507462687 0.1055 0.16940298507462687
2 0.7165 0.8932835820895523 0.123 0.19402985074626866
2 0.5705 0.6634328358208955 0.0955 0.15223880597014924
2 0.827 0.5574626865671641 0.1115 0.11641791044776119
2 0.6095 0.5380597014925373 0.0365 0.0791044776119403
3 0.3835 0.7791044776119403 0.0945 0.11716417910447761
3 0.659 0.6805970149253732 0.0635 0.11194029850746269
3 0.722 0.8276119402985075 0.0795 0.141044776119403
3 0.5615 0.6 0.071 0.11194029850746269