1 0.811 0.40298507462686567 0.13 0.11865671641791045
2 0.5815 0.6313432835820896 0.0485 0.08283582089552238
2 0.2555 0.7731343283582089 0.162 0.13955223880597015
1 0.5505 0.15223880597014924 0.042 0.06044776119402985
3 0.5895 0.5708955223880597 0.058 0.1417910447761194
2 0.7655 0.8985074626865671 0.074 0.08358208955223881
1 0.464 0.17761194029850746 0.035 0.03805970149253731
1 0.4855 0.2082089552238806 0.0475 0.058208955223880594
3 0.35 0.41567164179104477 0.0515 0.11641791044776119
1 0.715 0.30597014925373134 0.0745 0.1044776119402985
2 0.836 0.6328358208955224 0.0555 0.07164179104477612
3 0.672 0.34701492537313433 0.028 0.07164179104477612
2 0.97 0.8350746268656717 0.059 0.07313432835820896
3 0.2395 0.7 0.0445 0.1044776119402985
2 0.355 0.4470149253731343 0.054 0.08507462686567165
3 0.844 0.823134328358209 0.0475 0.20597014925373133
1 0.696 0.5447761194029851 0.045 0.12761194029850748
1 0.6255 0.3858208955223881 0.0435 0.07835820895522388
1 0.704 0.42388059701492536 0.0565 0.10223880597014925
1 0.7655 0.4925373134328358 0.0345 0.10970149253731343
1 0.8365 0.5656716417910448 0.0515 0.09328358208955224
1 0.9365 0.7291044776119403 0.057 0.15223880597014924
1 0.9665 0.6156716417910447 0.062 0.12611940298507462