1 0.879 0.8731343283582089 0.242 0.2537313432835821
1 0.609 0.2044776119402985 0.068 0.09925373134328358
2 0.762 0.7134328358208956 0.171 0.12761194029850748
2 0.948 0.6619402985074627 0.1035 0.12462686567164179
2 0.6965 0.6126865671641791 0.159 0.13432835820895522
2 0.461 0.6283582089552239 0.159 0.12462686567164179
2 0.5395 0.5708955223880597 0.061 0.09925373134328358
2 0.5775 0.5119402985074627 0.1315 0.0962686567164179
2 0.2965 0.6701492537313433 0.158 0.13432835820895522
2 0.1115 0.7261194029850746 0.1685 0.13880597014925372
2 0.176 0.6462686567164179 0.0775 0.10373134328358209
2 0.9765 0.3977611940298508 0.0465 0.08432835820895522
2 0.8385 0.34626865671641793 0.0825 0.07462686567164178
2 0.6525 0.3208955223880597 0.0455 0.07761194029850746
2 0.544 0.3 0.031 0.06119402985074627
2 0.4975 0.29850746268656714 0.0335 0.06716417910447761
2 0.0385 0.3977611940298508 0.077 0.08955223880597014
2 0.1325 0.3567164179104478 0.0645 0.0791044776119403
3 0.759 0.6955223880597015 0.06 0.19776119402985073
3 0.9725 0.6358208955223881 0.055 0.1664179104477612
3 0.7115 0.5835820895522388 0.0405 0.16940298507462687
3 0.6785 0.582089552238806 0.0705 0.15522388059701492
3 0.5745 0.49701492537313435 0.054 0.1373134328358209
3 0.5025 0.5447761194029851 0.044 0.12761194029850748
3 0.462 0.5701492537313433 0.08 0.1917910447761194
3 0.4225 0.5850746268656717 0.0585 0.16119402985074627
3 0.4565 0.591044776119403 0.05 0.17238805970149254
3 0.2815 0.6365671641791045 0.061 0.18134328358208956
3 0.1175 0.6149253731343284 0.054 0.13582089552238805
3 0.1045 0.6985074626865672 0.0465 0.17388059701492536
3 0.0625 0.6977611940298507 0.066 0.15522388059701492
3 0.548 0.26044776119402985 0.025 0.05
3 0.498 0.2626865671641791 0.0325 0.03955223880597015
3 0.652 0.28432835820895525 0.0325 0.056716417910447764
3 0.8475 0.3194029850746269 0.05 0.09477611940298507
3 0.99 0.3701492537313433 0.02 0.1044776119402985
3 0.129 0.3194029850746269 0.0335 0.08656716417910448
3 0.033 0.3529850746268657 0.044 0.08656716417910448
3 0.2755 0.2701492537313433 0.0275 0.0626865671641791