1 0.5055 0.6283582089552239 0.285 0.25970149253731345
1 0.845 0.7194029850746269 0.31 0.2619402985074627
3 0.314 0.932089552238806 0.128 0.13582089552238805
1 0.4945 0.21343283582089553 0.0525 0.057462686567164176
2 0.455 0.8253731343283582 0.1715 0.20671641791044776
2 0.3075 0.3776119402985075 0.036 0.06865671641791045
3 0.7395 0.8156716417910448 0.096 0.19701492537313434
3 0.7665 0.43582089552238806 0.04 0.10373134328358209
2 0.0745 0.417910447761194 0.0285 0.04029850746268657
3 0.156 0.8604477611940299 0.084 0.2791044776119403
3 0.459 0.8044776119402985 0.0625 0.20746268656716418
3 0.363 0.5238805970149254 0.094 0.1455223880597015
1 0.6925 0.3208955223880597 0.097 0.141044776119403
2 0.1455 0.8791044776119403 0.223 0.18955223880597014
2 0.4625 0.8679104477611941 0.2375 0.20671641791044776
2 0.7365 0.8664179104477612 0.233 0.17388059701492536