3 0.8635 0.9022388059701493 0.0645 0.17686567164179104
3 0.786 0.8992537313432836 0.09 0.20149253731343283
3 0.493 0.8059701492537313 0.0905 0.20373134328358208
3 0.429 0.5425373134328358 0.058 0.14701492537313432
3 0.281 0.5462686567164179 0.058 0.13582089552238805
3 0.301 0.408955223880597 0.0465 0.09776119402985074
3 0.364 0.36343283582089553 0.0385 0.09925373134328358
3 0.6405 0.3701492537313433 0.0425 0.0708955223880597
3 0.228 0.36716417910447763 0.0425 0.08507462686567165
3 0.279 0.33134328358208953 0.0335 0.07611940298507462
2 0.7895 0.9395522388059702 0.206 0.1208955223880597
2 0.4865 0.8656716417910447 0.142 0.22164179104477613
2 0.4165 0.5992537313432836 0.094 0.1537313432835821
2 0.2795 0.6022388059701492 0.066 0.13134328358208955
2 0.2905 0.44850746268656716 0.0385 0.08507462686567165
2 0.36 0.4044776119402985 0.0515 0.07462686567164178
2 0.644 0.4335820895522388 0.036 0.10149253731343283
2 0.229 0.40746268656716417 0.0295 0.06791044776119402
2 0.2775 0.3746268656716418 0.0335 0.05223880597014925
2 0.5995 0.3208955223880597 0.0295 0.06791044776119402
1 0.522 0.37910447761194027 0.1305 0.191044776119403
1 0.9125 0.4462686567164179 0.175 0.21492537313432836
1 0.533 0.1783582089552239 0.057 0.07761194029850746
3 0.5975 0.26940298507462684 0.0205 0.05373134328358209