1 0.908 0.5470149253731343 0.184 0.26119402985074625
1 0.626 0.2462686567164179 0.06 0.10373134328358209
1 0.809 0.3723880597014925 0.165 0.13507462686567165
3 0.744 0.9432835820895522 0.1475 0.11343283582089553
2 0.6575 0.3880597014925373 0.0385 0.0708955223880597
3 0.905 0.8335820895522388 0.0855 0.1947761194029851
3 0.155 0.42388059701492536 0.034 0.08283582089552238
2 0.1815 0.858955223880597 0.1505 0.2537313432835821
3 0.945 0.8485074626865672 0.0795 0.1865671641791045
2 0.364 0.26044776119402985 0.021 0.041044776119402986
3 0.183 0.8261194029850746 0.06 0.18582089552238806
2 0.339 0.5776119402985075 0.0915 0.12164179104477611
3 0.3355 0.5171641791044777 0.0465 0.1253731343283582
2 0.243 0.49850746268656715 0.0305 0.06716417910447761
3 0.247 0.4335820895522388 0.0385 0.07835820895522388
3 0.785 0.4097014925373134 0.0365 0.05522388059701493
2 0.7955 0.4626865671641791 0.088 0.07537313432835821