1 0.6615 0.5798507462686567 0.311 0.3701492537313433
1 0.9315 0.8373134328358209 0.1365 0.3253731343283582
1 0.4575 0.1582089552238806 0.056 0.06791044776119402
3 0.2565 0.891044776119403 0.15 0.21791044776119403
3 0.455 0.7813432835820896 0.0975 0.17537313432835822
3 0.441 0.5865671641791045 0.0855 0.15895522388059702
3 0.6595 0.4216417910447761 0.042 0.10149253731343283
3 0.8195 0.5097014925373134 0.0375 0.12985074626865672
3 0.904 0.5619402985074626 0.035 0.11343283582089553
2 0.816 0.5261194029850746 0.132 0.08059701492537313
2 0.902 0.6104477611940299 0.1175 0.12014925373134329
2 0.2525 0.9283582089552239 0.2435 0.14328358208955225
2 0.443 0.8156716417910448 0.175 0.18208955223880596