2 0.535 0.9477611940298507 0.19 0.1044776119402985
2 0.118 0.9104477611940298 0.1735 0.1791044776119403
2 0.419 0.7529850746268657 0.1365 0.1925373134328358
2 0.539 0.5791044776119403 0.071 0.13507462686567165
2 0.6725 0.5634328358208955 0.0635 0.1335820895522388
2 0.7185 0.4873134328358209 0.0575 0.10671641791044777
2 0.7675 0.44850746268656716 0.0555 0.10223880597014925
2 0.3465 0.6753731343283582 0.1125 0.16119402985074627
2 0.1145 0.7343283582089553 0.127 0.1537313432835821
2 0.1765 0.7656716417910447 0.1315 0.1843283582089552
2 0.024 0.6455223880597015 0.0475 0.11865671641791045
2 0.1505 0.6208955223880597 0.126 0.11940298507462686
2 0.1015 0.5746268656716418 0.122 0.1253731343283582
2 0.4625 0.48134328358208955 0.0585 0.11641791044776119
2 0.3545 0.4925373134328358 0.0825 0.1126865671641791
2 0.3105 0.4783582089552239 0.0575 0.1
2 0.648 0.4305970149253731 0.0645 0.10223880597014925
2 0.5645 0.4134328358208955 0.056 0.11417910447761194
2 0.268 0.3843283582089552 0.0365 0.05970149253731343
3 0.762 0.408955223880597 0.0375 0.09029850746268657
3 0.677 0.503731343283582 0.067 0.08432835820895522
3 0.7165 0.43283582089552236 0.046 0.09179104477611941
3 0.566 0.9343283582089552 0.099 0.13134328358208955
3 0.5165 0.923134328358209 0.0745 0.1537313432835821
3 0.411 0.7186567164179104 0.0865 0.19925373134328359
3 0.119 0.8723880597014926 0.0695 0.23059701492537313
3 0.1625 0.7388059701492538 0.0825 0.22313432835820896
3 0.1175 0.6865671641791045 0.063 0.1708955223880597
3 0.0065 0.6179104477611941 0.013 0.16716417910447762
3 0.1015 0.5328358208955224 0.063 0.16343283582089552
3 0.464 0.44925373134328356 0.046 0.07985074626865672
3 0.5415 0.5343283582089552 0.056 0.15746268656716417
3 0.1225 0.4223880597014925 0.044 0.09179104477611941
3 0.158 0.5746268656716418 0.0545 0.14850746268656717
3 0.373 0.44029850746268656 0.0375 0.11865671641791045
3 0.3545 0.45298507462686566 0.046 0.11716417910447761
3 0.3135 0.417910447761194 0.04 0.12313432835820895
1 0.53 0.29402985074626864 0.079 0.12313432835820895
1 0.584 0.24701492537313433 0.063 0.08432835820895522
4 0.2335 0.3 0.1545 0.1708955223880597
3 0.268 0.3447761194029851 0.0485 0.07014925373134329