1 0.1095 0.5231343283582089 0.2185 0.24925373134328357
1 0.3995 0.23432835820895523 0.057 0.09850746268656717
1 0.225 0.35447761194029853 0.157 0.1291044776119403
3 0.288 0.9208955223880597 0.1405 0.15149253731343285
1 0.0225 0.43208955223880596 0.0435 0.07835820895522388
2 0.3695 0.3694029850746269 0.037 0.06716417910447761
3 0.1335 0.7932835820895522 0.0815 0.18582089552238806
3 0.8485 0.40373134328358207 0.0325 0.07835820895522388
2 0.823 0.817910447761194 0.1435 0.2417910447761194
3 0.0955 0.8082089552238806 0.0755 0.17761194029850746
2 0.649 0.24776119402985075 0.02 0.03880597014925373
3 0.822 0.7865671641791044 0.057 0.17686567164179104
2 0.673 0.55 0.087 0.11567164179104478
3 0.6765 0.4925373134328358 0.0445 0.11940298507462686
2 0.7645 0.4746268656716418 0.029 0.06417910447761194
3 0.7605 0.4126865671641791 0.0365 0.07462686567164178
3 0.248 0.3902985074626866 0.035 0.05298507462686567
2 0.238 0.44029850746268656 0.084 0.07164179104477612