3 0.149 0.3238805970149254 0.0385 0.09253731343283582
3 0.396 0.2865671641791045 0.0335 0.06343283582089553
3 0.112 0.6925373134328359 0.0605 0.19552238805970149
3 0.2115 0.7455223880597015 0.062 0.17761194029850746
3 0.039 0.8104477611940298 0.073 0.15895522388059702
3 0.1345 0.9559701492537314 0.067 0.0873134328358209
3 0.7615 0.8649253731343284 0.089 0.1925373134328358
3 0.0435 0.48880597014925375 0.047 0.13805970149253732
3 0.0075 0.5656716417910448 0.0145 0.1417910447761194
3 0.8035 0.3440298507462687 0.027 0.07611940298507462
3 0.8715 0.34776119402985073 0.0445 0.08358208955223881
1 0.459 0.8402985074626865 0.498 0.3194029850746269
1 0.4925 0.1828358208955224 0.0505 0.07761194029850746
0 0.979 0.4925373134328358 0.042 0.3246268656716418
2 0.0565 0.5305970149253731 0.1075 0.08507462686567165
2 0.156 0.3716417910447761 0.089 0.09104477611940298
2 0.4105 0.33880597014925373 0.074 0.08059701492537313
2 0.216 0.7873134328358209 0.1765 0.1761194029850746
2 0.063 0.8649253731343284 0.126 0.15746268656716417
2 0.747 0.9082089552238806 0.1365 0.1828358208955224
2 0.0105 0.9805970149253731 0.021 0.03880597014925373
2 0.144 0.9932835820895523 0.208 0.012686567164179104
2 0.4695 0.33134328358208953 0.037 0.08059701492537313
2 0.522 0.3283582089552239 0.0385 0.08656716417910448
2 0.8015 0.38731343283582087 0.0705 0.08656716417910448
2 0.8635 0.38656716417910447 0.053 0.08208955223880597
2 0.0295 0.4216417910447761 0.059 0.10597014925373134
2 0.2985 0.2783582089552239 0.058 0.05298507462686567
2 0.1105 0.7350746268656716 0.115 0.14850746268656717
2 0.0285 0.6813432835820895 0.0565 0.1828358208955224