3 0.172 0.341044776119403 0.0355 0.08582089552238806
3 0.4015 0.30671641791044774 0.031 0.05895522388059701
3 0.1375 0.6835820895522388 0.0565 0.18134328358208956
3 0.23 0.7328358208955223 0.0575 0.16492537313432837
3 0.0695 0.7932835820895522 0.068 0.14776119402985075
3 0.159 0.9440298507462687 0.063 0.11194029850746269
3 0.741 0.8440298507462687 0.0825 0.1791044776119403
3 0.0735 0.49477611940298505 0.0435 0.12835820895522387
3 0.0235 0.5656716417910448 0.047 0.13134328358208955
3 0.78 0.3604477611940298 0.0255 0.07014925373134329
3 0.8435 0.36343283582089553 0.0415 0.07761194029850746
1 0.46 0.8276119402985075 0.463 0.30970149253731344
1 0.491 0.21044776119402986 0.047 0.07164179104477612
0 0.9625 0.4992537313432836 0.075 0.30149253731343284
2 0.0855 0.5335820895522388 0.1 0.0791044776119403
2 0.178 0.3858208955223881 0.0825 0.08432835820895522
2 0.4145 0.35522388059701493 0.069 0.07462686567164178
2 0.234 0.7708955223880597 0.1645 0.16343283582089552
2 0.0755 0.844776119402985 0.1505 0.14477611940298507
2 0.729 0.9 0.1275 0.19850746268656716
2 0.0285 0.9671641791044776 0.0505 0.06567164179104477
2 0.1685 0.9783582089552239 0.194 0.04328358208955224
2 0.47 0.3485074626865672 0.0345 0.07462686567164178
2 0.5185 0.3455223880597015 0.0355 0.07985074626865672
2 0.7785 0.4 0.0655 0.07985074626865672
2 0.836 0.4 0.0495 0.07611940298507462
2 0.0535 0.43283582089552236 0.07 0.09701492537313433
2 0.311 0.2992537313432836 0.054 0.049253731343283584
2 0.136 0.7231343283582089 0.107 0.13805970149253732
2 0.0435 0.6746268656716418 0.085 0.1701492537313433