1 0.19 0.7798507462686567 0.38 0.42835820895522386
1 0.904 0.7820895522388059 0.192 0.33134328358208953
1 0.803 0.3880597014925373 0.1335 0.20149253731343283
2 0.491 0.8044776119402985 0.111 0.19776119402985073
3 0.4885 0.7477611940298508 0.071 0.20298507462686566
3 0.6765 0.6328358208955224 0.064 0.16492537313432837
2 0.653 0.7022388059701492 0.13 0.208955223880597
2 0.3025 0.5738805970149253 0.117 0.12238805970149254
3 0.3055 0.5305970149253731 0.04 0.1619402985074627
3 0.5535 0.4582089552238806 0.0525 0.10820895522388059
3 0.6115 0.4380597014925373 0.02 0.10074626865671642
1 0.457 0.2171641791044776 0.0625 0.10820895522388059