1 0.455 0.7417910447761195 0.389 0.35
2 0.0805 0.7873134328358209 0.161 0.16865671641791044
2 0.195 0.576865671641791 0.126 0.1044776119402985
2 0.406 0.9417910447761194 0.155 0.11641791044776119
2 0.622 0.8597014925373134 0.0555 0.11791044776119403
2 0.7305 0.8052238805970149 0.0525 0.08432835820895522
3 0.543 0.95 0.078 0.1
3 0.0605 0.7171641791044776 0.073 0.11119402985074626
3 0.197 0.5320895522388059 0.0455 0.07835820895522388
3 0.406 0.8932835820895523 0.079 0.12611940298507462
3 0.3845 0.5410447761194029 0.071 0.07835820895522388
3 0.7415 0.7111940298507463 0.0565 0.10895522388059702
2 0.903 0.5925373134328358 0.126 0.08880597014925373