1 0.6075 0.9104477611940298 0.5855 0.1783582089552239
1 0.0875 0.3574626865671642 0.175 0.1783582089552239
2 0.971 0.8753731343283582 0.058 0.11492537313432835
2 0.6135 0.3888059701492537 0.038 0.08432835820895522
2 0.058 0.7597014925373134 0.0565 0.10074626865671642
2 0.1685 0.982089552238806 0.0585 0.03582089552238806
2 0.871 0.4164179104477612 0.0675 0.06716417910447761
2 0.791 0.3776119402985075 0.059 0.07388059701492537
2 0.968 0.42835820895522386 0.043 0.07985074626865672
2 0.9865 0.4746268656716418 0.027 0.06119402985074627
2 0.7215 0.33134328358208953 0.0355 0.05970149253731343
2 0.645 0.2656716417910448 0.027 0.03880597014925373
2 0.511 0.35 0.0305 0.06119402985074627
2 0.462 0.35 0.028 0.06716417910447761
2 0.548 0.35074626865671643 0.0345 0.06940298507462686
2 0.5835 0.3649253731343284 0.032 0.06417910447761194
2 0.129 0.673134328358209 0.049 0.08880597014925373
3 0.1185 0.5843283582089552 0.0675 0.10074626865671642
3 0.062 0.6626865671641791 0.0675 0.10970149253731343
3 0.044 0.5805970149253732 0.0575 0.10522388059701493
3 0.201 0.9589552238805971 0.0895 0.08134328358208955
3 0.621 0.33059701492537313 0.028 0.058208955223880594
3 0.553 0.2962686567164179 0.0245 0.05223880597014925
3 0.8675 0.3701492537313433 0.0525 0.05373134328358209
3 0.789 0.3358208955223881 0.043 0.05373134328358209
3 0.7185 0.2880597014925373 0.039 0.04776119402985075
3 0.9695 0.36716417910447763 0.039 0.04477611940298507