1 0.831 0.7917910447761194 0.338 0.31865671641791044
1 0.3945 0.1925373134328358 0.037 0.056716417910447764
1 0.524 0.1962686567164179 0.048 0.05373134328358209
2 0.672 0.6134328358208955 0.1425 0.10149253731343283
2 0.875 0.3902985074626866 0.0635 0.07462686567164178
2 0.7045 0.4052238805970149 0.052 0.11940298507462686
1 0.5225 0.15298507462686567 0.035 0.034328358208955224
1 0.4565 0.14701492537313432 0.034 0.041044776119402986
1 0.214 0.7694029850746269 0.428 0.40223880597014927
2 0.514 0.667910447761194 0.22 0.13955223880597015
1 0.584 0.2 0.0555 0.10074626865671642
3 0.5065 0.6388059701492538 0.083 0.21417910447761193
3 0.6695 0.5686567164179105 0.073 0.1626865671641791
3 0.8445 0.5402985074626866 0.075 0.17388059701492536
3 0.899 0.5276119402985074 0.07 0.17313432835820897
3 0.981 0.5686567164179105 0.038 0.1417910447761194
3 0.878 0.3656716417910448 0.044 0.11791044776119403
3 0.267 0.5671641791044776 0.0985 0.14925373134328357
3 0.047 0.5231343283582089 0.086 0.13880597014925372