3 0.3805 0.7402985074626866 0.0735 0.1828358208955224
3 0.4425 0.9305970149253732 0.071 0.13880597014925372
3 0.5015 0.9194029850746268 0.084 0.16119402985074627
3 0.279 0.6567164179104478 0.078 0.18134328358208956
3 0.3035 0.6343283582089553 0.055 0.1701492537313433
3 0.0735 0.6686567164179105 0.069 0.20298507462686566
3 0.5005 0.46044776119402986 0.045 0.1126865671641791
3 0.6675 0.45671641791044776 0.0505 0.11940298507462686
3 0.9825 0.7731343283582089 0.035 0.18134328358208956
3 0.148 0.32164179104477614 0.046 0.06865671641791045
2 0.0815 0.691044776119403 0.122 0.17164179104477612
2 0.3925 0.8156716417910448 0.1205 0.1925373134328358
2 0.304 0.6701492537313433 0.107 0.16044776119402984
2 0.5055 0.49701492537313435 0.0645 0.10149253731343283
2 0.4985 0.9425373134328359 0.1655 0.11492537313432835
2 0.6665 0.4962686567164179 0.0435 0.07462686567164178
2 0.944 0.7992537313432836 0.112 0.11194029850746269
2 0.952 0.5776119402985075 0.096 0.1
1 0.4825 0.21417910447761193 0.055 0.06791044776119402
2 0.1445 0.36343283582089553 0.057 0.06044776119402985
2 0.2885 0.29776119402985074 0.0325 0.055970149253731345
3 0.2855 0.26940298507462684 0.014 0.04776119402985075