1 0.525 0.732089552238806 0.389 0.35
2 0.901 0.7783582089552239 0.166 0.16791044776119404
2 0.7845 0.5664179104477612 0.126 0.1044776119402985
2 0.5735 0.9365671641791045 0.155 0.12611940298507462
2 0.358 0.85 0.0555 0.11791044776119403
2 0.2495 0.7947761194029851 0.0525 0.08432835820895522
3 0.4365 0.9455223880597015 0.0785 0.10895522388059702
3 0.9195 0.7074626865671642 0.073 0.11119402985074626
3 0.7825 0.5223880597014925 0.0455 0.07835820895522388
3 0.5735 0.8835820895522388 0.079 0.12611940298507462
3 0.5955 0.5313432835820896 0.071 0.07835820895522388
3 0.2385 0.7014925373134329 0.0565 0.10895522388059702
2 0.0765 0.5828358208955224 0.126 0.08880597014925373