2 0.076 0.40671641791044777 0.081 0.08059701492537313
2 0.178 0.3529850746268657 0.057 0.06865671641791045
1 0.4865 0.20671641791044776 0.047 0.06567164179104477
2 0.4265 0.5805970149253732 0.135 0.1044776119402985
2 0.1095 0.6664179104477612 0.149 0.13134328358208955
2 0.026 0.6029850746268657 0.052 0.0962686567164179
2 0.8955 0.6402985074626866 0.131 0.1126865671641791
2 0.971 0.6873134328358209 0.054 0.14029850746268657
2 0.6245 0.6283582089552239 0.116 0.10970149253731343
2 0.459 0.40223880597014927 0.051 0.12014925373134329
2 0.5155 0.39925373134328357 0.039 0.11940298507462686
2 0.583 0.4014925373134328 0.0605 0.11417910447761194
2 0.5215 0.2917910447761194 0.0315 0.0664179104477612
2 0.256 0.31865671641791044 0.043 0.06417910447761194
3 0.4345 0.5208955223880597 0.0495 0.08208955223880597
3 0.0955 0.6253731343283582 0.0305 0.14626865671641792
3 0.1375 0.6261194029850746 0.041 0.20522388059701493
3 0.078 0.5582089552238806 0.0355 0.14477611940298507
3 0.045 0.573134328358209 0.031 0.15597014925373134
3 0.0735 0.38656716417910447 0.0295 0.10298507462686567
3 0.18 0.3291044776119403 0.028 0.09776119402985074
3 0.2545 0.2865671641791045 0.017 0.07014925373134329
3 0.4615 0.367910447761194 0.0365 0.05223880597014925
3 0.5105 0.3649253731343284 0.0325 0.06492537313432836
3 0.58 0.3798507462686567 0.0275 0.06567164179104477
3 0.6245 0.5626865671641791 0.0635 0.07761194029850746
3 0.929 0.5880597014925373 0.065 0.14328358208955225
1 0.4305 0.7276119402985075 0.451 0.26343283582089555
1 0.351 0.8798507462686567 0.702 0.24029850746268658
4 0.4785 0.1455223880597015 0.0545 0.1
1 0.415 0.21940298507462686 0.0485 0.06044776119402985
1 0.624 0.19850746268656716 0.0685 0.07686567164179105