1 0.84 0.3917910447761194 0.1355 0.12313432835820895
2 0.6015 0.6291044776119403 0.05 0.08582089552238806
2 0.262 0.7761194029850746 0.1685 0.14477611940298507
1 0.5685 0.13059701492537312 0.0435 0.0626865671641791
3 0.6095 0.5656716417910448 0.06 0.14776119402985075
2 0.7925 0.9067164179104478 0.077 0.0873134328358209
1 0.479 0.15746268656716417 0.0365 0.03955223880597015
1 0.501 0.18955223880597014 0.0495 0.06044776119402985
3 0.3605 0.4044776119402985 0.054 0.1208955223880597
1 0.74 0.291044776119403 0.0775 0.10895522388059702
2 0.866 0.6305970149253731 0.058 0.07462686567164178
3 0.695 0.3335820895522388 0.029 0.07462686567164178
2 0.9865 0.8388059701492537 0.027 0.07761194029850746
3 0.2455 0.7007462686567164 0.0465 0.10895522388059702
2 0.3655 0.4373134328358209 0.0565 0.08880597014925373
3 0.8745 0.8283582089552238 0.0495 0.21417910447761193
1 0.7205 0.5388059701492537 0.0465 0.1328358208955224
1 0.6465 0.3738805970149254 0.0455 0.08134328358208955
1 0.7285 0.4134328358208955 0.059 0.10597014925373134
1 0.7925 0.48507462686567165 0.036 0.11417910447761194
1 0.866 0.5611940298507463 0.0535 0.09701492537313433
1 0.9695 0.7298507462686568 0.061 0.15671641791044777
1 0.9835 0.6119402985074627 0.0325 0.1291044776119403