3 0.27 0.923134328358209 0.1375 0.1537313432835821
1 0.5125 0.19029850746268656 0.052 0.0708955223880597
1 0.198 0.3805970149253731 0.081 0.10671641791044777
2 0.8325 0.9283582089552239 0.2075 0.14328358208955225
3 0.838 0.9059701492537313 0.087 0.1873134328358209
3 0.715 0.6902985074626866 0.045 0.12014925373134329
3 0.671 0.6843283582089552 0.0645 0.1664179104477612
3 0.3285 0.6805970149253732 0.046 0.09029850746268657
3 0.2915 0.926865671641791 0.0485 0.1455223880597015
3 0.2495 0.9022388059701493 0.06 0.14328358208955225
3 0.074 0.7671641791044777 0.0635 0.18059701492537314
3 0.1335 0.6067164179104477 0.0125 0.026119402985074626
3 0.123 0.6432835820895523 0.065 0.1126865671641791
3 0.2155 0.6164179104477612 0.069 0.10298507462686567
3 0.3695 0.5798507462686567 0.0445 0.11791044776119403
3 0.3285 0.5171641791044777 0.034 0.06567164179104477
3 0.399 0.367910447761194 0.054 0.08507462686567165
3 0.334 0.46417910447761196 0.0315 0.0791044776119403
3 0.2885 0.4373134328358209 0.038 0.0664179104477612
3 0.3115 0.39477611940298507 0.034 0.04477611940298507
3 0.2395 0.4059701492537313 0.0335 0.056716417910447764
3 0.21 0.4873134328358209 0.0335 0.07835820895522388
3 0.1265 0.31492537313432833 0.023 0.0626865671641791
3 0.2755 0.22388059701492538 0.0255 0.04701492537313433
3 0.4745 0.2626865671641791 0.038 0.041044776119402986
3 0.511 0.24402985074626865 0.029 0.029104477611940297
3 0.5895 0.24925373134328357 0.02 0.04029850746268657
3 0.618 0.2537313432835821 0.0305 0.03283582089552239
3 0.562 0.23955223880597015 0.024 0.025373134328358207
3 0.588 0.2716417910447761 0.023 0.017164179104477612
3 0.5375 0.2753731343283582 0.0305 0.034328358208955224
3 0.7695 0.2708955223880597 0.024 0.03731343283582089
3 0.704 0.24402985074626865 0.029 0.03955223880597015
2 0.656 0.7485074626865672 0.1675 0.1746268656716418
2 0.2555 0.9425373134328359 0.1505 0.11492537313432835
2 0.354 0.7753731343283582 0.097 0.191044776119403
2 0.221 0.7104477611940299 0.0795 0.17537313432835822
2 0.1345 0.7365671641791045 0.062 0.10895522388059702
2 0.092 0.8522388059701492 0.083 0.0955223880597015
2 0.2675 0.5208955223880597 0.062 0.11417910447761194
2 0.39 0.45298507462686566 0.067 0.07238805970149254
2 0.5355 0.34253731343283583 0.0385 0.08656716417910448
2 0.5915 0.3238805970149254 0.038 0.058208955223880594
2 0.6285 0.291044776119403 0.0355 0.05
2 0.706 0.28582089552238804 0.0375 0.06044776119402985
2 0.7775 0.31343283582089554 0.0335 0.05970149253731343
2 0.13 0.3649253731343284 0.0495 0.11044776119402985
2 0.4405 0.15447761194029852 0.021 0.06865671641791045
2 0.2805 0.2656716417910448 0.049 0.07835820895522388
1 0.5925 0.20298507462686566 0.044 0.06194029850746269
4 0.5235 0.11119402985074626 0.0635 0.0873134328358209
1 0.3755 0.1798507462686567 0.059 0.08358208955223881
2 0.487 0.2992537313432836 0.034 0.05149253731343283
1 0.0645 0.5507462686567164 0.129 0.19029850746268656