2 0.738 0.8298507462686567 0.1805 0.19552238805970149
3 0.797 0.7649253731343284 0.0755 0.141044776119403
3 0.751 0.753731343283582 0.084 0.12686567164179105
3 0.8985 0.5671641791044776 0.058 0.10149253731343283
3 0.702 0.514179104477612 0.063 0.10298507462686567
3 0.3215 0.4992537313432836 0.054 0.0873134328358209
3 0.4185 0.6253731343283582 0.0695 0.10522388059701493
3 0.2955 0.6701492537313433 0.059 0.12014925373134329
3 0.0935 0.5738805970149253 0.031 0.0955223880597015
2 0.2855 0.7753731343283582 0.087 0.10522388059701493
2 0.704 0.5723880597014925 0.147 0.11417910447761194
2 0.8975 0.6276119402985074 0.152 0.12014925373134329
2 0.338 0.5619402985074626 0.1285 0.09701492537313433