3 0.4505 0.9634328358208956 0.107 0.07313432835820896
3 0.1735 0.9626865671641791 0.0945 0.07462686567164178
3 0.9385 0.6134328358208955 0.0595 0.1626865671641791
2 0.9275 0.6350746268656716 0.145 0.14701492537313432
2 0.8225 0.7432835820895523 0.1805 0.13134328358208955
3 0.8275 0.7082089552238806 0.0755 0.18358208955223881
2 0.5505 0.746268656716418 0.18 0.14402985074626865
3 0.548 0.7171641791044776 0.0765 0.16343283582089552
2 0.3655 0.6216417910447761 0.1485 0.11716417910447761
3 0.3575 0.5843283582089552 0.0605 0.14253731343283582
3 0.325 0.5865671641791045 0.0485 0.14850746268656717
1 0.2365 0.8567164179104477 0.4725 0.28582089552238804
2 0.017 0.7335820895522388 0.0335 0.11567164179104478
2 0.021 0.6201492537313433 0.042 0.13134328358208955
2 0.8605 0.3440298507462687 0.064 0.07761194029850746
3 0.866 0.30597014925373134 0.0245 0.08955223880597014
2 0.533 0.28880597014925374 0.0305 0.06567164179104477
3 0.5345 0.24925373134328357 0.024 0.049253731343283584
1 0.5275 0.1798507462686567 0.0525 0.07014925373134329
2 0.6325 0.20970149253731343 0.0245 0.05149253731343283
3 0.6305 0.1761194029850746 0.0155 0.03507462686567164
2 0.7345 0.2865671641791045 0.0455 0.06492537313432836
3 0.7335 0.2619402985074627 0.0245 0.07761194029850746
2 0.4885 0.22313432835820896 0.026 0.05522388059701493
3 0.4905 0.208955223880597 0.026 0.07611940298507462
1 0.5235 0.12611940298507462 0.045 0.05522388059701493
4 0.52 0.05970149253731343 0.0295 0.041791044776119404
3 0.3055 0.19328358208955224 0.015 0.04402985074626865