3 0.1965 0.932089552238806 0.081 0.13582089552238805
3 0.064 0.808955223880597 0.053 0.26940298507462684
3 0.8425 0.8694029850746269 0.1145 0.16044776119402984
3 0.7425 0.5880597014925373 0.073 0.11716417910447761
3 0.722 0.564179104477612 0.0515 0.14328358208955225
3 0.6735 0.7037313432835821 0.068 0.1619402985074627
3 0.424 0.5 0.0515 0.12611940298507462
3 0.505 0.44328358208955226 0.063 0.09850746268656717
3 0.5495 0.3246268656716418 0.059 0.06492537313432836
3 0.4285 0.367910447761194 0.0555 0.06791044776119402
3 0.3485 0.33880597014925373 0.039 0.07537313432835821
3 0.327 0.42388059701492536 0.0415 0.08134328358208955
3 0.2165 0.3895522388059702 0.034 0.1
3 0.1225 0.5447761194029851 0.0365 0.10149253731343283
3 0.045 0.4761194029850746 0.04 0.08432835820895522
2 0.7445 0.6761194029850747 0.0715 0.13432835820895522
2 0.831 0.9529850746268657 0.141 0.09402985074626866
2 0.677 0.7671641791044777 0.141 0.15522388059701492
2 0.2075 0.9656716417910448 0.2435 0.06791044776119402
2 0.0835 0.8485074626865672 0.1245 0.1708955223880597
2 0.426 0.5694029850746268 0.083 0.10149253731343283
2 0.498 0.517910447761194 0.0515 0.10597014925373134
2 0.554 0.3738805970149254 0.0555 0.07985074626865672
2 0.3255 0.4835820895522388 0.0955 0.12761194029850748
2 0.2205 0.4462686567164179 0.044 0.06492537313432836
2 0.0595 0.5097014925373134 0.054 0.11865671641791045
2 0.0085 0.5604477611940298 0.017 0.1253731343283582
1 0.8685 0.39104477611940297 0.263 0.21194029850746268
1 0.6265 0.26417910447761195 0.1145 0.11119402985074626
4 0.525 0.1947761194029851 0.083 0.1291044776119403
4 0.5045 0.1328358208955224 0.0615 0.11865671641791045
1 0.408 0.7985074626865671 0.56 0.40298507462686567