1 0.3555 0.23507462686567165 0.0615 0.06567164179104477
2 0.721 0.6305970149253731 0.1525 0.11492537313432835
2 0.9425 0.39477611940298507 0.0865 0.0880597014925373
2 0.7755 0.3358208955223881 0.0645 0.07313432835820896
2 0.622 0.3417910447761194 0.0315 0.0664179104477612
2 0.588 0.3283582089552239 0.0365 0.06343283582089553
2 0.5435 0.3253731343283582 0.021 0.057462686567164176
2 0.6805 0.27313432835820894 0.027 0.03656716417910448
2 0.046 0.5365671641791044 0.092 0.10298507462686567
3 0.7225 0.5955223880597015 0.0315 0.15223880597014924
3 0.95 0.367910447761194 0.02 0.08880597014925373
3 0.7755 0.3 0.0215 0.06044776119402985
3 0.6235 0.29328358208955224 0.029 0.03283582089552239
3 0.6805 0.24477611940298508 0.019 0.048507462686567165
3 0.583 0.2880597014925373 0.018 0.05149253731343283
3 0.5415 0.27611940298507465 0.0325 0.028358208955223882
3 0.2645 0.4828358208955224 0.035 0.05298507462686567
3 0.022 0.49477611940298505 0.04 0.08283582089552238
1 0.2815 0.746268656716418 0.469 0.4880597014925373