1 0.1035 0.48208955223880595 0.207 0.18582089552238806
3 0.1215 0.6537313432835821 0.061 0.18880597014925374
3 0.373 0.905223880597015 0.0945 0.18582089552238806
4 0.4905 0.28507462686567164 0.1035 0.2044776119402985
1 0.483 0.16119402985074627 0.051 0.04701492537313433
2 0.369 0.9522388059701492 0.2335 0.0955223880597015
2 0.5835 0.5723880597014925 0.0865 0.12462686567164179
4 0.6875 0.2380597014925373 0.0615 0.10149253731343283
2 0.429 0.42761194029850746 0.059 0.10746268656716418
2 0.087 0.3574626865671642 0.0755 0.07611940298507462
2 0.2 0.33507462686567163 0.076 0.056716417910447764
2 0.0275 0.8985074626865671 0.055 0.1701492537313433
2 0.326 0.6992537313432836 0.168 0.1417910447761194
2 0.455 0.7805970149253731 0.2135 0.14328358208955225
2 0.7455 0.4835820895522388 0.11 0.10746268656716418
2 0.386 0.2455223880597015 0.0425 0.06940298507462686
2 0.361 0.19925373134328359 0.0255 0.07686567164179105
2 0.403 0.11716417910447761 0.0235 0.06865671641791045
3 0.3935 0.2126865671641791 0.0205 0.07388059701492537
3 0.3605 0.1761194029850746 0.0075 0.056716417910447764
3 0.1965 0.3156716417910448 0.0325 0.09776119402985074
3 0.0915 0.31865671641791044 0.036 0.08432835820895522
3 0.2425 0.26865671641791045 0.0175 0.08955223880597014
2 0.241 0.28059701492537314 0.052 0.048507462686567165
3 0.3275 0.6544776119402985 0.077 0.1783582089552239
3 0.473 0.7440298507462687 0.048 0.1962686567164179
3 0.4205 0.7485074626865672 0.058 0.20149253731343283
3 0.6085 0.5559701492537313 0.045 0.17164179104477612
3 0.729 0.43955223880597016 0.0275 0.11940298507462686
3 0.7495 0.4373134328358209 0.039 0.1455223880597015
3 0.856 0.21417910447761193 0.0195 0.07611940298507462
2 0.4635 0.11641791044776119 0.021 0.056716417910447764
2 0.429 0.20223880597014926 0.0225 0.08208955223880597
2 0.4325 0.14253731343283582 0.025 0.049253731343283584
2 0.609 0.12985074626865672 0.0255 0.06343283582089553
2 0.655 0.18582089552238806 0.0155 0.08432835820895522
2 0.637 0.15522388059701492 0.0155 0.06343283582089553
3 0.43 0.3805970149253731 0.04 0.08208955223880597