1 0.1905 0.9514925373134329 0.381 0.09701492537313433
2 0.0955 0.8537313432835821 0.085 0.10074626865671642
2 0.428 0.5873134328358209 0.0535 0.0955223880597015
2 0.606 0.6723880597014925 0.066 0.13656716417910447
2 0.797 0.7776119402985074 0.064 0.141044776119403
2 0.9395 0.841044776119403 0.121 0.1746268656716418
1 0.497 0.4134328358208955 0.1325 0.16417910447761194
1 0.206 0.38731343283582087 0.194 0.16567164179104477
3 0.031 0.817910447761194 0.062 0.11791044776119403
3 0.3745 0.5537313432835821 0.0735 0.10970149253731343
3 0.765 0.691044776119403 0.073 0.11119402985074626
3 0.582 0.585820895522388 0.058 0.10223880597014925