2 0.2305 0.6059701492537314 0.125 0.10820895522388059
3 0.824 0.9514925373134329 0.143 0.09328358208955224
3 0.2335 0.5574626865671641 0.0605 0.1328358208955224
2 0.0405 0.4373134328358209 0.049 0.08432835820895522
2 0.601 0.6246268656716418 0.085 0.09850746268656717
3 0.8445 0.7268656716417911 0.0915 0.18208955223880596
1 0.485 0.18134328358208956 0.035 0.055970149253731345
3 0.8405 0.5164179104477612 0.0465 0.12164179104477611
2 0.31 0.3082089552238806 0.0295 0.049253731343283584
2 0.6945 0.5402985074626866 0.051 0.1
2 0.168 0.3641791044776119 0.0515 0.058208955223880594
1 0.2565 0.9261194029850747 0.513 0.14776119402985075
3 0.613 0.5694029850746268 0.053 0.1328358208955224
3 0.5225 0.4761194029850746 0.045 0.10970149253731343
2 0.852 0.7492537313432835 0.143 0.15447761194029852
3 0.695 0.5082089552238805 0.0355 0.1
3 0.583 0.4716417910447761 0.0515 0.07611940298507462
3 0.6355 0.34328358208955223 0.033 0.07686567164179105
2 0.6305 0.367910447761194 0.057 0.05149253731343283