1 0.492 0.22014925373134328 0.049 0.07238805970149254
1 0.8075 0.8037313432835821 0.385 0.32238805970149254
1 0.306 0.65 0.327 0.23134328358208955
4 0.4235 0.18059701492537314 0.049 0.0664179104477612
1 0.423 0.2253731343283582 0.0465 0.06343283582089553
1 0.65 0.27761194029850744 0.0825 0.09253731343283582
2 0.281 0.8335820895522388 0.14 0.1701492537313433
3 0.27 0.8007462686567164 0.076 0.16044776119402984
2 0.1535 0.36343283582089553 0.06 0.07014925373134329
3 0.154 0.33805970149253733 0.0215 0.08507462686567165
2 0.0285 0.5119402985074627 0.0565 0.07686567164179105
3 0.0125 0.48208955223880595 0.025 0.10895522388059702
2 0.674 0.7067164179104478 0.145 0.12686567164179105
3 0.688 0.641044776119403 0.0535 0.10746268656716418
2 0.627 0.6007462686567164 0.053 0.12164179104477611
2 0.589 0.5313432835820896 0.054 0.1126865671641791
2 0.692 0.5156716417910447 0.0475 0.0962686567164179
3 0.751 0.5873134328358209 0.04 0.15
3 0.6285 0.5619402985074626 0.038 0.10671641791044777
3 0.59 0.4880597014925373 0.0385 0.10223880597014925
3 0.69 0.4880597014925373 0.0335 0.10373134328358209
4 0.423 0.1783582089552239 0.042 0.06940298507462686