0 0.5835 0.5126865671641792 0.8325 0.41492537313432837
1 0.7585 0.7649253731343284 0.4535 0.2992537313432836
1 0.0805 0.7514925373134328 0.161 0.2671641791044776
2 0.458 0.9238805970149254 0.202 0.15223880597014924
2 0.261 0.9335820895522388 0.188 0.1328358208955224
2 0.7715 0.9223880597014925 0.192 0.15522388059701492
2 0.9 0.9761194029850746 0.0815 0.04776119402985075
2 0.1125 0.9246268656716418 0.155 0.15074626865671642
3 0.26 0.9 0.088 0.2
3 0.46 0.8970149253731343 0.0875 0.20298507462686566
3 0.718 0.9395522388059702 0.116 0.1208955223880597
3 0.588 0.9544776119402985 0.098 0.09104477611940298
3 0.7835 0.9022388059701493 0.0695 0.1947761194029851
3 0.955 0.9597014925373134 0.0775 0.07985074626865672
3 0.102 0.9059701492537313 0.0735 0.1873134328358209
3 0.0565 0.48134328358208955 0.033 0.12014925373134329
2 0.6775 0.9559701492537314 0.0775 0.0873134328358209
2 0.105 0.3447761194029851 0.0595 0.07388059701492537
2 0.2225 0.2716417910447761 0.0445 0.05522388059701493
2 0.5475 0.2708955223880597 0.0285 0.05970149253731343
2 0.587 0.26492537313432835 0.0225 0.057462686567164176
2 0.685 0.28880597014925374 0.033 0.029104477611940297
2 0.743 0.2835820895522388 0.0425 0.04328358208955224
3 0.7415 0.2738805970149254 0.026 0.06417910447761194
3 0.6865 0.2738805970149254 0.0235 0.07014925373134329
3 0.587 0.24776119402985075 0.022 0.07388059701492537
3 0.5425 0.24402985074626865 0.0175 0.041044776119402986
3 0.214 0.25149253731343285 0.0255 0.05970149253731343
3 0.0955 0.31865671641791044 0.029 0.06343283582089553
2 0.0715 0.4962686567164179 0.106 0.08880597014925373
2 0.0185 0.5701492537313433 0.0365 0.11492537313432835
1 0.4945 0.18582089552238806 0.051 0.07537313432835821
1 0.5555 0.1783582089552239 0.0395 0.05373134328358209
2 0.4705 0.2208955223880597 0.023 0.03805970149253731
2 0.4675 0.2044776119402985 0.0125 0.05149253731343283