1 0.498 0.20746268656716418 0.048 0.04477611940298507
3 0.881 0.5283582089552239 0.044 0.1253731343283582
2 0.1315 0.3783582089552239 0.07 0.07238805970149254
4 0.428 0.17238805970149254 0.0475 0.06194029850746269
1 0.4275 0.22164179104477613 0.045 0.055970149253731345
3 0.7145 0.5664179104477612 0.053 0.13432835820895522
3 0.9465 0.5626865671641791 0.0485 0.1253731343283582
2 0.578 0.44477611940298506 0.1125 0.07537313432835821
2 0.4225 0.46119402985074626 0.1295 0.12686567164179105
2 0.713 0.6179104477611941 0.051 0.1
2 0.421 0.48059701492537316 0.1065 0.10671641791044777
2 0.077 0.5492537313432836 0.1345 0.10820895522388059
2 0.319 0.503731343283582 0.1005 0.04626865671641791
2 0.974 0.45223880597014926 0.052 0.08059701492537313
3 0.138 0.35 0.039 0.09850746268656717
3 0.0205 0.39552238805970147 0.033 0.11641791044776119
3 0.078 0.5216417910447761 0.0655 0.1843283582089552
3 0.3365 0.4701492537313433 0.041 0.09104477611940298
3 0.4175 0.43955223880597016 0.0365 0.15522388059701492
3 0.5495 0.5186567164179104 0.056 0.13880597014925372
3 0.668 0.49776119402985075 0.0475 0.1455223880597015
3 0.59 0.4164179104477612 0.0375 0.13880597014925372
3 0.3225 0.2791044776119403 0.032 0.07313432835820896
3 0.921 0.42388059701492536 0.068 0.07611940298507462
3 0.985 0.41119402985074627 0.0295 0.07014925373134329
1 0.6365 0.2462686567164179 0.095 0.10149253731343283
1 0.497 0.16492537313432837 0.0375 0.04776119402985075
1 0.33 0.7597014925373134 0.5415 0.48059701492537316
2 0.776 0.576865671641791 0.0455 0.11940298507462686
3 0.78 0.4791044776119403 0.0345 0.1044776119402985
2 0.879 0.5626865671641791 0.0465 0.09701492537313433
2 0.939 0.6194029850746269 0.0325 0.10223880597014925