1 0.7115 0.8335820895522388 0.364 0.3328358208955224
1 0.865 0.5216417910447761 0.253 0.2126865671641791
1 0.4585 0.3194029850746269 0.092 0.12686567164179105
4 0.3305 0.24253731343283583 0.178 0.20671641791044776
4 0.491 0.22761194029850745 0.0655 0.1208955223880597
4 0.474 0.15149253731343285 0.068 0.10522388059701493
2 0.5815 0.6656716417910448 0.0875 0.15447761194029852
2 0.031 0.4126865671641791 0.062 0.08134328358208955
2 0.7185 0.5656716417910448 0.123 0.11791044776119403
2 0.5025 0.42014925373134326 0.084 0.10298507462686567
2 0.9705 0.6947761194029851 0.059 0.10298507462686567
3 0.59 0.6283582089552239 0.0495 0.15074626865671642
3 0.7075 0.5223880597014925 0.0665 0.14925373134328357
3 0.487 0.3880597014925373 0.037 0.10820895522388059
3 0.0205 0.3880597014925373 0.03 0.10970149253731343
3 0.988 0.6507462686567164 0.024 0.1791044776119403