3 0.7105 0.9059701492537313 0.1265 0.1880597014925373
1 0.4865 0.208955223880597 0.048 0.06492537313432836
1 0.7765 0.38283582089552237 0.075 0.09776119402985074
2 0.192 0.9104477611940298 0.1905 0.1791044776119403
3 0.187 0.8761194029850746 0.081 0.1917910447761194
3 0.3 0.667910447761194 0.0415 0.11044776119402985
3 0.3405 0.6626865671641791 0.0595 0.15223880597014924
3 0.656 0.658955223880597 0.0425 0.08283582089552238
3 0.691 0.891044776119403 0.0465 0.1455223880597015
3 0.729 0.8626865671641791 0.055 0.13208955223880597
3 0.8905 0.7388059701492538 0.0585 0.16567164179104477
3 0.836 0.591044776119403 0.0115 0.024626865671641792
3 0.846 0.6238805970149254 0.06 0.10373134328358209
3 0.7605 0.6 0.0635 0.09477611940298507
3 0.6185 0.5664179104477612 0.041 0.10820895522388059
3 0.6565 0.508955223880597 0.0315 0.06044776119402985
3 0.591 0.3716417910447761 0.0495 0.07835820895522388
3 0.6515 0.4597014925373134 0.029 0.07313432835820896
3 0.693 0.43507462686567167 0.035 0.06119402985074627
3 0.672 0.3962686567164179 0.031 0.041044776119402986
3 0.738 0.40671641791044777 0.031 0.05223880597014925
3 0.7655 0.48059701492537316 0.031 0.07164179104477612
3 0.8425 0.32313432835820893 0.021 0.057462686567164176
3 0.705 0.23955223880597015 0.0235 0.04328358208955224
3 0.5215 0.2746268656716418 0.035 0.03805970149253731
3 0.488 0.2574626865671642 0.0265 0.026865671641791045
3 0.4155 0.2626865671641791 0.0185 0.03656716417910448
3 0.389 0.2664179104477612 0.028 0.030597014925373135
3 0.441 0.2537313432835821 0.0225 0.023880597014925373
3 0.417 0.2828358208955224 0.021 0.015671641791044775
3 0.4635 0.2865671641791045 0.028 0.03208955223880597
3 0.2495 0.2828358208955224 0.0225 0.034328358208955224
3 0.31 0.2574626865671642 0.0265 0.03656716417910448
2 0.3545 0.7216417910447761 0.1545 0.16044776119402984
2 0.7245 0.9216417910447762 0.14 0.15
2 0.6325 0.7455223880597015 0.0895 0.17537313432835822
2 0.7555 0.685820895522388 0.073 0.16119402985074627
2 0.835 0.7104477611940299 0.057 0.1
2 0.874 0.8164179104477612 0.0765 0.0873134328358209
2 0.712 0.5119402985074627 0.0575 0.10522388059701493
2 0.5995 0.44925373134328356 0.062 0.0664179104477612
2 0.465 0.3485074626865672 0.0355 0.07985074626865672
2 0.414 0.33059701492537313 0.035 0.05373134328358209
2 0.3795 0.30074626865671644 0.033 0.04626865671641791
2 0.3085 0.2955223880597015 0.0345 0.055970149253731345
2 0.242 0.32164179104477614 0.031 0.05522388059701493
2 0.839 0.3686567164179104 0.0455 0.10149253731343283
2 0.553 0.17537313432835822 0.0195 0.06343283582089553
2 0.7 0.27761194029850744 0.045 0.07164179104477612
1 0.413 0.21940298507462686 0.0405 0.056716417910447764
4 0.4765 0.13582089552238805 0.0585 0.08059701492537313
1 0.613 0.19850746268656716 0.054 0.07686567164179105
2 0.51 0.3082089552238806 0.0315 0.04701492537313433
1 0.902 0.5395522388059701 0.1245 0.17537313432835822