1 0.601 0.21343283582089553 0.07 0.09029850746268657
3 0.186 0.29328358208955224 0.0305 0.06940298507462686
3 0.6985 0.31716417910447764 0.0315 0.07537313432835821
2 0.3965 0.45671641791044776 0.062 0.09104477611940298
1 0.4765 0.08208955223880597 0.0255 0.023134328358208955
4 0.1135 0.5507462686567164 0.227 0.44402985074626866
2 0.948 0.4305970149253731 0.096 0.0962686567164179
3 0.954 0.3970149253731343 0.0505 0.12014925373134329
2 0.8475 0.3701492537313433 0.0805 0.08208955223880597
3 0.854 0.34328358208955223 0.034 0.09402985074626866
3 0.4035 0.41119402985074627 0.0265 0.10895522388059702