1 0.0685 0.8455223880597015 0.137 0.30223880597014924
1 0.4295 0.5753731343283582 0.364 0.21119402985074626
1 0.412 0.826865671641791 0.369 0.30970149253731344
1 0.4165 0.2 0.0475 0.06492537313432836
4 0.4825 0.1917910447761194 0.0525 0.11865671641791045
3 0.343 0.9350746268656717 0.09 0.12985074626865672
3 0.0475 0.6694029850746268 0.063 0.08880597014925373
3 0.4795 0.9477611940298507 0.0995 0.10373134328358209
3 0.7105 0.9559701492537314 0.0735 0.0880597014925373
3 0.679 0.8783582089552239 0.085 0.13656716417910447
3 0.7125 0.8388059701492537 0.0565 0.1
3 0.6665 0.7432835820895523 0.0615 0.13805970149253732
3 0.926 0.7559701492537313 0.074 0.11716417910447761
3 0.866 0.6798507462686567 0.0495 0.11194029850746269
3 0.77 0.7119402985074627 0.0535 0.12761194029850748
3 0.73 0.6149253731343284 0.054 0.10298507462686567
3 0.804 0.6044776119402985 0.0685 0.0962686567164179
3 0.801 0.48507462686567165 0.0375 0.10373134328358209
3 0.6405 0.5074626865671642 0.0385 0.12313432835820895
2 0.7965 0.5156716417910447 0.1065 0.07462686567164178
2 0.911 0.8537313432835821 0.076 0.09104477611940298
2 0.855 0.7619402985074627 0.05 0.09477611940298507
2 0.7625 0.7992537313432836 0.0465 0.08059701492537313
2 0.6315 0.8417910447761194 0.0595 0.09701492537313433
2 0.106 0.7216417910447761 0.075 0.1044776119402985
2 0.6435 0.5402985074626866 0.099 0.08582089552238806