4 0.5585 0.4671641791044776 0.264 0.34328358208955223
1 0.346 0.30074626865671644 0.1125 0.1253731343283582
2 0.53 0.7298507462686568 0.176 0.12238805970149254
2 0.144 0.9365671641791045 0.2265 0.12238805970149254
2 0.1005 0.767910447761194 0.1645 0.1253731343283582
2 0.1275 0.6932835820895522 0.14 0.10820895522388059
2 0.918 0.6708955223880597 0.1355 0.12686567164179105
2 0.4005 0.48656716417910445 0.0515 0.09253731343283582
2 0.1075 0.3880597014925373 0.0655 0.07164179104477612
2 0.031 0.6544776119402985 0.062 0.07611940298507462
2 0.3825 0.417910447761194 0.0435 0.05895522388059701
1 0.466 0.22611940298507463 0.0585 0.10522388059701493
3 0.527 0.7126865671641791 0.0585 0.19029850746268656
3 0.5745 0.6813432835820895 0.037 0.14626865671641792
3 0.9225 0.6216417910447761 0.0435 0.16343283582089552
3 0.0825 0.7305970149253731 0.0645 0.16343283582089552
3 0.1325 0.6447761194029851 0.0515 0.16343283582089552
3 0.123 0.9171641791044776 0.122 0.16567164179104477
3 0.0305 0.5888059701492537 0.045 0.13656716417910447
3 0.1075 0.33880597014925373 0.0335 0.0955223880597015
3 0.399 0.4417910447761194 0.0425 0.10970149253731343
3 0.374 0.373134328358209 0.038 0.0873134328358209
3 0.399 0.43955223880597016 0.0335 0.09402985074626866
2 0.1655 0.3537313432835821 0.047 0.05223880597014925
3 0.1645 0.33059701492537313 0.0225 0.07835820895522388
2 0.231 0.3447761194029851 0.038 0.0664179104477612
3 0.2335 0.30895522388059704 0.02 0.07462686567164178