1 0.786 0.8261194029850746 0.428 0.30597014925373134
3 0.289 0.9350746268656717 0.0715 0.12985074626865672
3 0.4715 0.9634328358208956 0.0825 0.07238805970149254
3 0.5975 0.9373134328358209 0.093 0.1253731343283582
3 0.85 0.6171641791044776 0.0575 0.11492537313432835
3 0.17 0.9388059701492537 0.0825 0.12164179104477611
3 0.9675 0.9380597014925374 0.065 0.1208955223880597
3 0.465 0.6604477611940298 0.066 0.10746268656716418
3 0.249 0.7365671641791045 0.063 0.11417910447761194
3 0.1915 0.7485074626865672 0.052 0.11343283582089553
3 0.035 0.6507462686567164 0.061 0.11194029850746269
2 0.1705 0.6014925373134329 0.0635 0.1126865671641791
2 0.4775 0.7305970149253731 0.186 0.12985074626865672
2 0.263 0.8104477611940298 0.1725 0.13507462686567165
2 0.0675 0.7179104477611941 0.135 0.11417910447761194
2 0.5135 0.6 0.144 0.1044776119402985