3 0.781 0.8171641791044776 0.438 0.3208955223880597
3 0.581 0.5970149253731343 0.076 0.18507462686567164
2 0.9775 0.6074626865671642 0.045 0.08358208955223881
3 0.994 0.5671641791044776 0.012 0.14626865671641792
2 0.931 0.682089552238806 0.138 0.09253731343283582
2 0.449 0.7253731343283583 0.211 0.11940298507462686
2 0.192 0.685820895522388 0.1765 0.13955223880597015
2 0.332 0.585820895522388 0.1415 0.09029850746268657
2 0.087 0.5388059701492537 0.147 0.08880597014925373
3 0.3205 0.5537313432835821 0.057 0.14477611940298507
3 0.0875 0.5 0.043 0.11641791044776119
3 0.185 0.6298507462686567 0.0585 0.17313432835820897
3 0.475 0.6716417910447762 0.0635 0.15746268656716417
3 0.2955 0.9455223880597015 0.1075 0.10895522388059702
4 0.0175 0.7007462686567164 0.035 0.3208955223880597
2 0.893 0.3582089552238806 0.068 0.07462686567164178
2 0.7785 0.3029850746268657 0.044 0.050746268656716415
2 0.706 0.2880597014925373 0.0425 0.05298507462686567
2 0.642 0.3253731343283582 0.0275 0.0626865671641791
2 0.465 0.4208955223880597 0.0615 0.08134328358208955
2 0.3815 0.39850746268656717 0.052 0.09179104477611941
3 0.4785 0.3932835820895522 0.0275 0.09925373134328358
3 0.377 0.373134328358209 0.0355 0.10074626865671642
3 0.454 0.40298507462686567 0.03 0.10820895522388059
3 0.408 0.32686567164179103 0.019 0.057462686567164176
3 0.392 0.3246268656716418 0.014 0.06044776119402985
3 0.893 0.332089552238806 0.0345 0.09029850746268657
3 0.777 0.2798507462686567 0.026 0.08507462686567165
3 0.702 0.26940298507462684 0.0255 0.07686567164179105
3 0.6425 0.29328358208955224 0.02 0.09104477611940298
3 0.9425 0.6388059701492538 0.0535 0.16343283582089552
3 0.787 0.9873134328358208 0.0495 0.025373134328358207
3 0.367 0.25522388059701495 0.022 0.050746268656716415
4 0.577 0.15223880597014924 0.05 0.09701492537313433
1 0.5135 0.16492537313432837 0.0545 0.07238805970149254