3 0.421 0.5156716417910447 0.066 0.11865671641791045
3 0.2005 0.6194029850746269 0.071 0.14701492537313432
3 0.4675 0.6977611940298507 0.066 0.1291044776119403
3 0.4285 0.6828358208955224 0.0565 0.13507462686567165
3 0.736 0.29701492537313434 0.0345 0.07537313432835821
3 0.9005 0.3858208955223881 0.0405 0.11119402985074626
2 0.443 0.7253731343283583 0.1175 0.1664179104477612
2 0.201 0.676865671641791 0.0575 0.15895522388059702
2 0.419 0.5597014925373134 0.075 0.12014925373134329
2 0.9915 0.9783582089552239 0.0165 0.04328358208955224
2 0.732 0.3358208955223881 0.039 0.06940298507462686
2 0.675 0.2828358208955224 0.0305 0.05223880597014925
2 0.8795 0.39477611940298507 0.0565 0.0626865671641791
1 0.946 0.4216417910447761 0.108 0.22238805970149253
1 0.487 0.23059701492537313 0.0615 0.09477611940298507
4 0.5525 0.19029850746268656 0.06 0.11716417910447761