1 0.0855 0.47686567164179106 0.171 0.1917910447761194
3 0.083 0.6537313432835821 0.0625 0.1947761194029851
3 0.3395 0.9082089552238806 0.097 0.18358208955223881
4 0.463 0.27313432835820894 0.107 0.21119402985074626
1 0.455 0.1455223880597015 0.0525 0.048507462686567165
2 0.3375 0.9559701492537314 0.2405 0.0880597014925373
2 0.5585 0.5694029850746268 0.089 0.12835820895522387
4 0.6655 0.22462686567164178 0.0635 0.1044776119402985
2 0.3995 0.4208955223880597 0.0605 0.11044776119402985
2 0.0475 0.34776119402985073 0.078 0.07835820895522388
2 0.1635 0.3246268656716418 0.078 0.058208955223880594
2 0.2935 0.7 0.173 0.14626865671641792
2 0.426 0.7835820895522388 0.2195 0.14776119402985075
2 0.7255 0.47761194029850745 0.113 0.11119402985074626
2 0.355 0.23283582089552238 0.0435 0.07164179104477612
2 0.3295 0.18507462686567164 0.0265 0.0791044776119403
2 0.373 0.1 0.024 0.0708955223880597
3 0.363 0.19850746268656716 0.021 0.07611940298507462
3 0.3285 0.16119402985074627 0.0075 0.058208955223880594
3 0.1605 0.3044776119402985 0.0335 0.10074626865671642
3 0.052 0.3074626865671642 0.037 0.08656716417910448
3 0.2075 0.25597014925373135 0.0185 0.09253731343283582
2 0.206 0.26865671641791045 0.0535 0.05
3 0.295 0.6544776119402985 0.079 0.1843283582089552
3 0.4445 0.746268656716418 0.0495 0.20223880597014926
3 0.3905 0.7514925373134328 0.06 0.20746268656716418
3 0.5845 0.5522388059701493 0.0465 0.17686567164179104
3 0.708 0.43208955223880596 0.0285 0.12313432835820895
3 0.7295 0.4298507462686567 0.04 0.15
3 0.839 0.2 0.02 0.07835820895522388
2 0.435 0.09925373134328358 0.0215 0.058208955223880594
2 0.3995 0.1873134328358209 0.023 0.08507462686567165
2 0.403 0.12686567164179105 0.0255 0.050746268656716415
2 0.585 0.1126865671641791 0.026 0.06492537313432836
2 0.6325 0.1701492537313433 0.016 0.0873134328358209
2 0.6135 0.13880597014925372 0.016 0.06567164179104477
3 0.4005 0.3716417910447761 0.0415 0.08507462686567165