1 0.127 0.8791044776119403 0.254 0.2417910447761194
1 0.3995 0.22761194029850745 0.0665 0.09776119402985074
2 0.25 0.7261194029850746 0.167 0.12462686567164179
2 0.0595 0.6753731343283582 0.119 0.12164179104477611
2 0.3145 0.6276119402985074 0.155 0.13208955223880597
2 0.544 0.6425373134328358 0.155 0.12164179104477611
2 0.467 0.5865671641791045 0.0595 0.09776119402985074
2 0.4305 0.5291044776119403 0.1285 0.09477611940298507
2 0.7045 0.6835820895522388 0.154 0.13208955223880597
2 0.885 0.7388059701492538 0.1645 0.13656716417910447
2 0.822 0.6604477611940298 0.076 0.10149253731343283
2 0.0315 0.4164179104477612 0.063 0.08358208955223881
2 0.1755 0.3656716417910448 0.0805 0.07313432835820896
2 0.357 0.3417910447761194 0.0445 0.07611940298507462
2 0.463 0.3208955223880597 0.0305 0.06044776119402985
2 0.5085 0.3194029850746269 0.0325 0.06567164179104477
2 0.959 0.4171641791044776 0.082 0.0880597014925373
2 0.8645 0.376865671641791 0.063 0.07761194029850746
3 0.253 0.7089552238805971 0.0585 0.19402985074626866
3 0.037 0.6507462686567164 0.0725 0.16343283582089552
3 0.2995 0.5992537313432836 0.0395 0.1664179104477612
3 0.332 0.5977611940298507 0.069 0.15223880597014924
3 0.4335 0.514179104477612 0.0525 0.13507462686567165
3 0.5035 0.5611940298507463 0.043 0.12462686567164179
3 0.543 0.585820895522388 0.078 0.1880597014925373
3 0.5815 0.6007462686567164 0.057 0.15746268656716417
3 0.5485 0.6059701492537314 0.049 0.16940298507462687
3 0.7195 0.6507462686567164 0.0595 0.17761194029850746
3 0.879 0.6298507462686567 0.0525 0.1335820895522388
3 0.892 0.7119402985074627 0.0455 0.1708955223880597
3 0.933 0.7111940298507463 0.064 0.15223880597014924
3 0.459 0.282089552238806 0.0245 0.048507462686567165
3 0.508 0.28432835820895525 0.0315 0.03880597014925373
3 0.3575 0.30597014925373134 0.0315 0.055970149253731345
3 0.1665 0.3402985074626866 0.049 0.09328358208955224
3 0.021 0.39104477611940297 0.035 0.10298507462686567
3 0.868 0.3402985074626866 0.0325 0.08432835820895522
3 0.962 0.373134328358209 0.043 0.08432835820895522
3 0.725 0.291044776119403 0.027 0.06194029850746269