2 0.769 0.5813432835820895 0.1355 0.11791044776119403
3 0.126 0.9529850746268657 0.1545 0.09402985074626866
3 0.766 0.5291044776119403 0.0655 0.14477611940298507
2 0.9745 0.3970149253731343 0.051 0.09104477611940298
2 0.3675 0.6014925373134329 0.092 0.10746268656716418
3 0.103 0.7134328358208956 0.0995 0.19850746268656716
1 0.493 0.11940298507462686 0.038 0.06119402985074627
3 0.1075 0.4835820895522388 0.0505 0.13208955223880597
2 0.6825 0.2574626865671642 0.032 0.05373134328358209
2 0.2655 0.5097014925373134 0.0555 0.10895522388059702
2 0.8365 0.31791044776119404 0.0555 0.06343283582089553
1 0.731 0.9246268656716418 0.538 0.15074626865671642
3 0.354 0.5410447761194029 0.0575 0.14402985074626865
3 0.4525 0.44029850746268656 0.0485 0.11940298507462686
2 0.0945 0.7373134328358208 0.1555 0.16791044776119404
3 0.265 0.4746268656716418 0.0385 0.10895522388059702
3 0.3865 0.43582089552238806 0.056 0.08283582089552238
3 0.33 0.2955223880597015 0.036 0.08358208955223881
2 0.335 0.32238805970149254 0.062 0.055970149253731345