2 0.8855 0.8149253731343283 0.1845 0.1783582089552239
3 0.8835 0.7947761194029851 0.0765 0.21641791044776118
2 0.5865 0.6522388059701493 0.1205 0.141044776119403
3 0.576 0.6141791044776119 0.0695 0.14253731343283582
2 0.3955 0.6298507462686567 0.101 0.12313432835820895
3 0.3915 0.582089552238806 0.0545 0.1291044776119403
2 0.3655 0.5044776119402985 0.0735 0.07537313432835821
3 0.3665 0.47313432835820896 0.0475 0.10522388059701493
1 0.9135 0.5231343283582089 0.173 0.2007462686567164
1 0.944 0.42761194029850746 0.112 0.1253731343283582
2 0.5785 0.4007462686567164 0.0525 0.08283582089552238
2 0.275 0.4462686567164179 0.0355 0.06940298507462686
2 0.814 0.3686567164179104 0.0515 0.06940298507462686
2 0.872 0.3753731343283582 0.0525 0.06716417910447761
3 0.87 0.34328358208955223 0.029 0.07313432835820896
3 0.8175 0.3402985074626866 0.03 0.09179104477611941
2 0.7415 0.34776119402985073 0.05 0.07313432835820896
3 0.7405 0.32164179104477614 0.0205 0.07313432835820896
2 0.701 0.3 0.0295 0.0626865671641791
3 0.699 0.28059701492537314 0.0165 0.06567164179104477
2 0.433 0.4059701492537313 0.047 0.08880597014925373
2 0.4875 0.4164179104477612 0.047 0.0955223880597015
3 0.4855 0.3843283582089552 0.035 0.10373134328358209
3 0.435 0.3850746268656716 0.034 0.10597014925373134
3 0.276 0.4082089552238806 0.0345 0.0873134328358209
2 0.045 0.3902985074626866 0.064 0.06940298507462686
3 0.0355 0.36343283582089553 0.0235 0.07537313432835821
2 0.5495 0.3111940298507463 0.0255 0.0626865671641791
2 0.52 0.29776119402985074 0.031 0.05895522388059701
3 0.55 0.28134328358208954 0.0225 0.06417910447761194
3 0.524 0.27761194029850744 0.0165 0.06492537313432836
1 0.512 0.2253731343283582 0.0485 0.08059701492537313
1 0.5825 0.22313432835820896 0.049 0.06791044776119402
4 0.5215 0.15522388059701492 0.058 0.07462686567164178