1 0.5045 0.7582089552238805 0.4455 0.3238805970149254
0 0.272 0.5022388059701492 0.5435 0.4059701492537313
2 0.7285 0.5328358208955224 0.1285 0.11791044776119403
2 0.9365 0.5656716417910448 0.1265 0.12164179104477611
2 0.969 0.37910447761194027 0.062 0.07835820895522388
2 0.9845 0.5447761194029851 0.031 0.07388059701492537
2 0.6115 0.4828358208955224 0.1205 0.10223880597014925
2 0.241 0.9082089552238806 0.1735 0.15223880597014924
3 0.2355 0.8843283582089553 0.0645 0.23059701492537313
3 0.111 0.9074626865671642 0.0725 0.18507462686567164
3 0.6095 0.4544776119402985 0.043 0.12164179104477611
3 0.692 0.5029850746268657 0.0355 0.16119402985074627
3 0.7275 0.5186567164179104 0.049 0.15746268656716417
3 0.9845 0.35447761194029853 0.0275 0.0873134328358209
3 0.9635 0.35522388059701493 0.0305 0.11567164179104478
3 0.936 0.5395522388059701 0.0445 0.1328358208955224
3 0.997 0.5014925373134328 0.006 0.07835820895522388
2 0.0135 0.9074626865671642 0.027 0.13432835820895522
2 0.1285 0.9328358208955224 0.141 0.13432835820895522
4 0.501 0.14850746268656717 0.0565 0.12835820895522387
1 0.5705 0.15671641791044777 0.047 0.05970149253731343