1 0.035 0.8753731343283582 0.0695 0.24850746268656718
1 0.3855 0.6231343283582089 0.393 0.22835820895522388
1 0.366 0.8626865671641791 0.3985 0.2746268656716418
1 0.372 0.21641791044776118 0.0515 0.0708955223880597
4 0.443 0.2082089552238806 0.057 0.1291044776119403
3 0.291 0.9716417910447761 0.097 0.056716417910447764
3 0.44 0.9843283582089553 0.1075 0.03134328358208955
3 0.6535 0.9373134328358209 0.093 0.1253731343283582
3 0.692 0.9082089552238806 0.061 0.10820895522388059
3 0.6415 0.8044776119402985 0.0665 0.15
3 0.922 0.8186567164179105 0.08 0.12761194029850748
3 0.857 0.735820895522388 0.0535 0.12164179104477611
3 0.7535 0.7708955223880597 0.058 0.13805970149253732
3 0.7105 0.6664179104477612 0.058 0.11194029850746269
3 0.7905 0.6544776119402985 0.0735 0.1044776119402985
3 0.7875 0.5253731343283582 0.0405 0.11194029850746269
3 0.6135 0.5492537313432836 0.0415 0.1335820895522388
2 0.782 0.5582089552238806 0.115 0.08059701492537313
2 0.906 0.9246268656716418 0.082 0.09850746268656717
2 0.8455 0.8246268656716418 0.054 0.10298507462686567
2 0.7455 0.8649253731343284 0.05 0.0873134328358209
2 0.6045 0.9111940298507463 0.0645 0.10522388059701493
2 0.038 0.7798507462686567 0.076 0.11417910447761194
2 0.617 0.5850746268656717 0.107 0.09253731343283582