3 0.2415 0.6194029850746269 0.0715 0.17238805970149254
3 0.4835 0.6701492537313433 0.053 0.16940298507462687
3 0.7515 0.764179104477612 0.068 0.1664179104477612
3 0.9515 0.7350746268656716 0.0515 0.2373134328358209
3 0.861 0.664179104477612 0.0565 0.15074626865671642
3 0.984 0.5559701492537313 0.032 0.14925373134328357
3 0.9725 0.47313432835820896 0.0425 0.1044776119402985
3 0.77 0.5223880597014925 0.048 0.1537313432835821
3 0.8005 0.5156716417910447 0.048 0.1373134328358209
3 0.706 0.4097014925373134 0.048 0.11865671641791045
3 0.8015 0.26119402985074625 0.035 0.04029850746268657
3 0.5955 0.35895522388059703 0.048 0.07835820895522388
3 0.573 0.5223880597014925 0.063 0.13582089552238805
3 0.484 0.576865671641791 0.044 0.10149253731343283
3 0.4755 0.35895522388059703 0.044 0.06940298507462686
3 0.2965 0.2373134328358209 0.053 0.07238805970149254
3 0.425 0.22313432835820896 0.034 0.050746268656716415
3 0.467 0.23955223880597015 0.03 0.049253731343283584
3 0.527 0.25149253731343285 0.0365 0.04328358208955224
3 0.5035 0.2208955223880597 0.025 0.049253731343283584
1 0.5125 0.1664179104477612 0.0605 0.05970149253731343
3 0.654 0.22313432835820896 0.0365 0.05373134328358209
3 0.7175 0.6014925373134329 0.0505 0.16940298507462687
3 0.6235 0.4544776119402985 0.034 0.1126865671641791
3 0.6475 0.5604477611940298 0.0715 0.14328358208955225
1 0.691 0.20671641791044776 0.093 0.08283582089552238
1 0.42 0.16417910447761194 0.044 0.06492537313432836
1 0.4855 0.14776119402985075 0.0365 0.04477611940298507
2 0.4535 0.09701492537313433 0.048 0.041791044776119404
2 0.2465 0.6686567164179105 0.177 0.16044776119402984
2 0.4825 0.7119402985074627 0.1685 0.12313432835820895
2 0.7325 0.8074626865671641 0.1435 0.17537313432835822
2 0.9285 0.7582089552238805 0.143 0.15447761194029852
2 0.8445 0.6917910447761194 0.171 0.12313432835820895
2 0.955 0.5940298507462687 0.0895 0.12014925373134329
2 0.56 0.5529850746268656 0.133 0.10597014925373134
2 0.632 0.591044776119403 0.141 0.10298507462686567
2 0.4785 0.6358208955223881 0.171 0.10895522388059702
2 0.472 0.41044776119402987 0.063 0.10746268656716418
2 0.2955 0.2791044776119403 0.049 0.06492537313432836
2 0.3615 0.21044776119402986 0.0175 0.04776119402985075
2 0.5305 0.3029850746268657 0.029 0.07238805970149254
2 0.798 0.2917910447761194 0.0325 0.06194029850746269
2 0.4435 0.33955223880597013 0.053 0.07388059701492537
2 0.4275 0.26119402985074625 0.024 0.05522388059701493
2 0.786 0.5582089552238806 0.1145 0.10746268656716418
2 0.7055 0.44925373134328356 0.059 0.1126865671641791
2 0.5975 0.41044776119402987 0.074 0.07985074626865672