1 0.1975 0.9425373134328359 0.3945 0.11492537313432835
2 0.116 0.8365671641791045 0.0825 0.09776119402985074
2 0.4395 0.5776119402985075 0.052 0.09253731343283582
2 0.613 0.6604477611940298 0.064 0.1328358208955224
2 0.7985 0.7626865671641792 0.0625 0.13656716417910447
2 0.9395 0.8246268656716418 0.1205 0.16940298507462687
1 0.507 0.4082089552238806 0.129 0.15970149253731344
1 0.224 0.3835820895522388 0.1885 0.16119402985074627
3 0.0465 0.8014925373134328 0.078 0.11492537313432835
3 0.3875 0.5447761194029851 0.0715 0.10597014925373134
3 0.7675 0.6783582089552239 0.071 0.10746268656716418
3 0.5895 0.5761194029850746 0.0565 0.09925373134328358