1 0.48 0.7671641791044777 0.4195 0.30522388059701494
0 0.722 0.5276119402985074 0.556 0.3835820895522388
2 0.269 0.5552238805970149 0.121 0.11119402985074626
2 0.073 0.5873134328358209 0.121 0.11492537313432835
2 0.037 0.41194029850746267 0.073 0.07388059701492537
2 0.0225 0.567910447761194 0.045 0.07014925373134329
2 0.379 0.5074626865671642 0.1135 0.0962686567164179
2 0.7285 0.908955223880597 0.1635 0.14402985074626865
3 0.7335 0.8895522388059701 0.06 0.22014925373134328
3 0.8505 0.9104477611940298 0.0685 0.1791044776119403
3 0.3815 0.48059701492537316 0.0405 0.11417910447761194
3 0.3035 0.5268656716417911 0.0335 0.15223880597014924
3 0.2705 0.5417910447761194 0.0465 0.14850746268656717
3 0.0285 0.38656716417910447 0.026 0.08283582089552238
3 0.048 0.38731343283582087 0.029 0.10895522388059702
3 0.074 0.5611940298507463 0.042 0.1253731343283582
3 0.01 0.5253731343283582 0.02 0.07462686567164178
3 0.9885 0.817910447761194 0.023 0.11343283582089553
2 0.965 0.908955223880597 0.0695 0.1291044776119403
2 0.834 0.9343283582089552 0.133 0.13134328358208955
4 0.4835 0.19328358208955224 0.0535 0.12164179104477611
1 0.418 0.2007462686567164 0.0445 0.056716417910447764