1 0.4635 0.16119402985074627 0.0525 0.07388059701492537
3 0.694 0.7425373134328358 0.062 0.17313432835820897
3 0.046 0.7007462686567164 0.082 0.17238805970149254
1 0.3885 0.15970149253731344 0.0585 0.07761194029850746
2 0.471 0.5350746268656716 0.1385 0.0962686567164179
3 0.4805 0.5029850746268657 0.0505 0.12761194029850748
3 0.3855 0.7619402985074627 0.0635 0.1843283582089552
3 0.336 0.7626865671641792 0.066 0.1798507462686567
3 0.872 0.8201492537313433 0.0695 0.1947761194029851
3 0.9095 0.8216417910447761 0.0755 0.20597014925373133
3 0.925 0.6798507462686567 0.0445 0.1708955223880597
3 0.95 0.6619402985074627 0.0375 0.11716417910447761
3 0.987 0.5895522388059702 0.026 0.10149253731343283
3 0.784 0.5895522388059702 0.065 0.14477611940298507
3 0.9115 0.5022388059701492 0.0365 0.1291044776119403
3 0.6475 0.7365671641791045 0.0745 0.1761194029850746
3 0.1965 0.85 0.075 0.22014925373134328
3 0.0665 0.5216417910447761 0.0535 0.15149253731343285
3 0.2755 0.573134328358209 0.061 0.1828358208955224
3 0.3785 0.6320895522388059 0.0515 0.13134328358208955
2 0.638 0.7798507462686567 0.186 0.12462686567164179
2 0.8415 0.8664179104477612 0.193 0.15
2 0.775 0.6268656716417911 0.147 0.10970149253731343
2 0.3365 0.8052238805970149 0.1885 0.15298507462686567
2 0.203 0.9171641791044776 0.2055 0.13656716417910447
2 0.263 0.5917910447761194 0.1455 0.11940298507462686
2 0.0665 0.7470149253731343 0.133 0.11492537313432835
2 0.0665 0.5552238805970149 0.133 0.10746268656716418
2 0.464 0.6298507462686567 0.062 0.10223880597014925
2 0.8985 0.7179104477611941 0.1455 0.12313432835820895
2 0.9065 0.5358208955223881 0.1265 0.0962686567164179