3 0.1495 0.9298507462686567 0.156 0.14029850746268657
3 0.5745 0.9074626865671642 0.1015 0.18507462686567164
3 0.7845 0.6761194029850747 0.062 0.1828358208955224
3 0.936 0.6082089552238806 0.0625 0.1947761194029851
3 0.874 0.5626865671641791 0.0595 0.17761194029850746
3 0.646 0.5574626865671641 0.067 0.1417910447761194
3 0.6615 0.41865671641791047 0.037 0.15447761194029852
3 0.7575 0.505223880597015 0.0385 0.12686567164179105
3 0.7165 0.43283582089552236 0.0435 0.141044776119403
3 0.804 0.4291044776119403 0.071 0.15522388059701492
2 0.782 0.7432835820895523 0.209 0.21119402985074626
2 0.088 0.39477611940298507 0.15 0.1335820895522388
2 0.255 0.27238805970149255 0.0645 0.07313432835820896
2 0.5865 0.9417910447761194 0.3115 0.11641791044776119
1 0.404 0.1626865671641791 0.059 0.11417910447761194
1 0.477 0.1701492537313433 0.067 0.10223880597014925