3 0.223 0.7626865671641792 0.1105 0.1746268656716418
3 0.48 0.685820895522388 0.076 0.16492537313432837
3 0.51 0.6708955223880597 0.0575 0.16865671641791044
3 0.53 0.8149253731343283 0.086 0.191044776119403
3 0.732 0.7858208955223881 0.0875 0.18134328358208956
3 0.746 0.7671641791044777 0.0655 0.1828358208955224
3 0.711 0.5970149253731343 0.0575 0.141044776119403
3 0.8355 0.5104477611940299 0.046 0.11119402985074626
3 0.8975 0.45223880597014926 0.037 0.1335820895522388
3 0.0415 0.41567164179104477 0.0345 0.11940298507462686
3 0.1515 0.33955223880597013 0.0435 0.10298507462686567
2 0.227 0.8156716417910448 0.162 0.1791044776119403
2 0.533 0.8686567164179104 0.156 0.1701492537313433
2 0.738 0.8201492537313433 0.1115 0.1746268656716418
2 0.507 0.7238805970149254 0.093 0.16492537313432837
2 0.7185 0.641044776119403 0.0565 0.1537313432835821
4 0.8355 0.5753731343283582 0.1125 0.18880597014925374
2 0.041 0.43507462686567167 0.0815 0.08432835820895522
2 0.1515 0.3611940298507463 0.071 0.06865671641791045
2 0.9015 0.49776119402985075 0.0515 0.08880597014925373
1 0.4895 0.24029850746268658 0.055 0.08582089552238806
4 0.428 0.20298507462686566 0.063 0.11716417910447761