3 0.394 0.764179104477612 0.0765 0.15597014925373134
3 0.3 0.5716417910447761 0.0615 0.1626865671641791
3 0.2385 0.7164179104477612 0.071 0.1455223880597015
3 0.067 0.8126865671641791 0.063 0.17537313432835822
3 0.045 0.7865671641791044 0.0605 0.18134328358208956
3 0.33 0.9597014925373134 0.091 0.07985074626865672
3 0.1075 0.9828358208955223 0.0535 0.034328358208955224
3 0.6855 0.30074626865671644 0.03 0.048507462686567165
3 0.645 0.30074626865671644 0.03 0.048507462686567165
3 0.573 0.29328358208955224 0.028 0.048507462686567165
3 0.529 0.29776119402985074 0.029 0.04029850746268657
3 0.8165 0.31343283582089554 0.0385 0.07686567164179105
2 0.821 0.3529850746268657 0.0545 0.07835820895522388
2 0.6875 0.34701492537313433 0.0335 0.07014925373134329
2 0.641 0.33880597014925373 0.029 0.07313432835820896
2 0.3895 0.8253731343283582 0.087 0.2126865671641791
2 0.2395 0.7664179104477612 0.073 0.18582089552238806
2 0.29 0.9776119402985075 0.058 0.04477611940298507
2 0.0655 0.841044776119403 0.099 0.20970149253731343
2 0.1785 0.6119402985074627 0.0605 0.11417910447761194
2 0.2965 0.6298507462686567 0.0455 0.10970149253731343
2 0.113 0.5664179104477612 0.0685 0.13134328358208955
2 0.07 0.558955223880597 0.05 0.10298507462686567
2 0.5705 0.3328358208955224 0.037 0.07537313432835821
2 0.529 0.3402985074626866 0.036 0.07686567164179105
2 0.4805 0.3440298507462687 0.05 0.09029850746268657
3 0.169 0.564179104477612 0.0525 0.11567164179104478
3 0.1145 0.5268656716417911 0.044 0.1044776119402985
3 0.0655 0.5007462686567165 0.0385 0.10597014925373134
1 0.8655 0.7 0.269 0.29850746268656714
1 0.818 0.9171641791044776 0.3635 0.16492537313432837
1 0.603 0.22686567164179106 0.0675 0.09850746268656717
0 0.5255 0.15223880597014924 0.0545 0.10298507462686567