3 0.852 0.9432835820895522 0.092 0.11343283582089553
3 0.6875 0.6223880597014926 0.045 0.1
3 0.503 0.5977611940298507 0.035 0.15895522388059702
3 0.62 0.5201492537313432 0.0375 0.12313432835820895
3 0.4915 0.44328358208955226 0.046 0.10746268656716418
3 0.647 0.42686567164179107 0.042 0.09776119402985074
3 0.4105 0.5186567164179104 0.0405 0.11716417910447761
3 0.493 0.5014925373134328 0.03 0.041044776119402986
3 0.4795 0.5925373134328358 0.035 0.14029850746268657
3 0.3155 0.55 0.036 0.12835820895522387
3 0.288 0.5455223880597015 0.0335 0.11044776119402985
3 0.213 0.6074626865671642 0.0335 0.09402985074626866
3 0.227 0.6074626865671642 0.0465 0.15074626865671642
3 0.2525 0.608955223880597 0.0455 0.14029850746268657
3 0.0285 0.5723880597014925 0.057 0.14029850746268657
3 0.0955 0.65 0.057 0.16044776119402984
3 0.1925 0.31716417910447764 0.0265 0.07462686567164178
3 0.0155 0.3835820895522388 0.0285 0.0955223880597015
1 0.039 0.7604477611940299 0.078 0.26791044776119405
1 0.7265 0.8074626865671641 0.4575 0.3
4 0.7235 0.32164179104477614 0.056 0.11343283582089553
1 0.42 0.2171641791044776 0.052 0.06716417910447761
1 0.4895 0.22462686567164178 0.0575 0.07238805970149254
4 0.4195 0.15895522388059702 0.041 0.05522388059701493
4 0.4805 0.17761194029850746 0.0425 0.05
2 0.4885 0.4701492537313433 0.0735 0.10298507462686567
2 0.404 0.5417910447761194 0.1125 0.09925373134328358
2 0.476 0.6402985074626866 0.1385 0.0880597014925373
2 0.6085 0.5410447761194029 0.1235 0.10895522388059702
2 0.482 0.5783582089552238 0.1335 0.09029850746268657
2 0.3 0.5783582089552238 0.1035 0.10820895522388059
2 0.2385 0.6343283582089553 0.1405 0.11791044776119403
2 0.1205 0.691044776119403 0.116 0.08880597014925373
2 0.048 0.5865671641791045 0.096 0.11492537313432835
2 0.017 0.41865671641791047 0.034 0.058208955223880594
2 0.1945 0.3440298507462687 0.0505 0.06194029850746269
2 0.891 0.9708955223880597 0.062 0.058208955223880594
2 0.682 0.6507462686567164 0.156 0.10820895522388059
2 0.646 0.45 0.059 0.07164179104477612
2 0.6045 0.41119402985074627 0.0405 0.04776119402985075
2 0.676 0.3895522388059702 0.0245 0.04402985074626865
2 0.7425 0.40223880597014927 0.03 0.048507462686567165
3 0.622 0.33507462686567163 0.028 0.07462686567164178
3 0.6755 0.3537313432835821 0.0295 0.07686567164179105
3 0.5975 0.3783582089552239 0.024 0.08358208955223881
3 0.611 0.373134328358209 0.028 0.08880597014925373
3 0.288 0.28955223880597014 0.022 0.06567164179104477
3 0.3195 0.28955223880597014 0.017 0.03582089552238806
3 0.345 0.3126865671641791 0.021 0.07761194029850746
2 0.286 0.3156716417910448 0.03 0.056716417910447764
2 0.316 0.3238805970149254 0.0285 0.06940298507462686
2 0.343 0.3328358208955224 0.018 0.055970149253731345