2 0.6625 0.8522388059701492 0.145 0.19552238805970149
2 0.278 0.8104477611940298 0.1185 0.20149253731343283
2 0.455 0.6694029850746268 0.1035 0.16119402985074627
2 0.6125 0.5895522388059702 0.1085 0.1328358208955224
2 0.826 0.4 0.072 0.07313432835820896
2 0.909 0.4097014925373134 0.0865 0.07761194029850746
2 0.9865 0.44029850746268656 0.027 0.10373134328358209
2 0.49 0.5126865671641792 0.0645 0.12835820895522387
2 0.2455 0.4373134328358209 0.0365 0.06119402985074627
2 0.2925 0.3701492537313433 0.0355 0.05522388059701493
2 0.131 0.3835820895522388 0.071 0.08208955223880597
2 0.381 0.382089552238806 0.0465 0.049253731343283584
2 0.7125 0.35522388059701493 0.06 0.08507462686567165
2 0.667 0.30597014925373134 0.033 0.06417910447761194
3 0.611 0.5544776119402985 0.055 0.16716417910447762
3 0.6665 0.817910447761194 0.0585 0.22835820895522388
3 0.4805 0.6440298507462686 0.0575 0.1701492537313433
3 0.4485 0.6335820895522388 0.0425 0.18507462686567164
3 0.289 0.7567164179104477 0.0745 0.17761194029850746
3 0.248 0.3858208955223881 0.039 0.06567164179104477
3 0.2955 0.3291044776119403 0.0585 0.06865671641791045
3 0.3785 0.33507462686567163 0.0535 0.07164179104477612
3 0.119 0.34253731343283583 0.028 0.05373134328358209
3 0.912 0.3843283582089552 0.034 0.10149253731343283
3 0.833 0.3761194029850746 0.0405 0.10895522388059702
3 0.7075 0.32985074626865674 0.033 0.0791044776119403
3 0.6665 0.26791044776119405 0.034 0.03582089552238806
1 0.544 0.22611940298507463 0.05 0.07462686567164178