1 0.709 0.5261194029850746 0.2595 0.25597014925373135
1 0.3365 0.3291044776119403 0.1585 0.15447761194029852
2 0.1195 0.9708955223880597 0.1975 0.058208955223880594
2 0.103 0.42686567164179107 0.086 0.08283582089552238
2 0.206 0.8186567164179105 0.1665 0.1798507462686567
2 0.237 0.33880597014925373 0.061 0.050746268656716415
2 0.721 0.341044776119403 0.0355 0.04328358208955224
3 0.2085 0.7582089552238805 0.086 0.18582089552238806
3 0.035 0.9514925373134329 0.0355 0.0962686567164179
3 0.086 0.9388059701492537 0.0595 0.10970149253731343
3 0.099 0.3858208955223881 0.0415 0.08432835820895522
3 0.2325 0.30597014925373134 0.038 0.057462686567164176
3 0.7255 0.30223880597014924 0.0265 0.06194029850746269