1 0.1555 0.7873134328358209 0.311 0.4223880597014925
3 0.8485 0.7529850746268657 0.0695 0.20970149253731343
2 0.843 0.7880597014925373 0.2095 0.17761194029850746
2 0.954 0.7029850746268657 0.0915 0.15597014925373134
3 0.883 0.6492537313432836 0.0995 0.20223880597014926
3 0.581 0.4761194029850746 0.0585 0.18134328358208956
3 0.511 0.5134328358208955 0.0445 0.16940298507462687
3 0.311 0.5805970149253732 0.036 0.16567164179104477
3 0.211 0.5261194029850746 0.024 0.18059701492537314
3 0.129 0.37910447761194027 0.059 0.1873134328358209
3 0.068 0.5671641791044776 0.0395 0.1455223880597015
3 0.02 0.5156716417910447 0.0395 0.16343283582089552
2 0.214 0.5455223880597015 0.1425 0.10597014925373134
2 0.321 0.6305970149253731 0.17 0.18880597014925374
2 0.505 0.5626865671641791 0.1155 0.15597014925373134
2 0.6065 0.4791044776119403 0.1165 0.10522388059701493