1 0.821 0.8291044776119403 0.358 0.33880597014925373
1 0.757 0.32238805970149254 0.1465 0.1328358208955224
4 0.624 0.20298507462686566 0.092 0.12761194029850748
2 0.0625 0.6291044776119403 0.125 0.1208955223880597
3 0.328 0.5358208955223881 0.066 0.22014925373134328
3 0.5845 0.5716417910447761 0.0785 0.1619402985074627
3 0.6805 0.508955223880597 0.064 0.12313432835820895
3 0.725 0.6164179104477612 0.085 0.1373134328358209
3 0.7645 0.45746268656716416 0.0525 0.12611940298507462
3 0.819 0.5074626865671642 0.033 0.11567164179104478
3 0.8895 0.42313432835820897 0.0325 0.07611940298507462
3 0.9525 0.44328358208955226 0.01 0.09179104477611941
1 0.4455 0.21641791044776118 0.078 0.09701492537313433
4 0.4885 0.17761194029850746 0.055 0.14850746268656717