3 0.2625 0.7820895522388059 0.0845 0.22014925373134328
3 0.37 0.5776119402985075 0.054 0.18582089552238806
3 0.464 0.6171641791044776 0.0625 0.1798507462686567
3 0.6535 0.5873134328358209 0.0505 0.15522388059701492
3 0.6695 0.49029850746268655 0.041 0.1208955223880597
3 0.7995 0.5268656716417911 0.0485 0.12388059701492538
3 0.838 0.4671641791044776 0.0315 0.11865671641791045
3 0.7665 0.40223880597014927 0.043 0.09925373134328358
3 0.914 0.5835820895522388 0.0485 0.09179104477611941
3 0.805 0.6723880597014925 0.039 0.10522388059701493
3 0.9405 0.8783582089552239 0.065 0.24328358208955222
3 0.277 0.9343283582089552 0.113 0.12388059701492538
3 0.016 0.9283582089552239 0.032 0.14328358208955225
2 0.2695 0.8238805970149253 0.229 0.18208955223880596
2 0.2835 0.9574626865671642 0.2325 0.08507462686567165
2 0.361 0.6298507462686567 0.13 0.13432835820895522
2 0.484 0.6492537313432836 0.1705 0.15298507462686567
2 0.6555 0.6320895522388059 0.1105 0.12462686567164179
2 0.789 0.7574626865671642 0.072 0.15447761194029852
2 0.8835 0.908955223880597 0.1795 0.1328358208955224