1 0.825 0.8335820895522388 0.35 0.3328358208955224
1 0.766 0.3246268656716418 0.148 0.13507462686567165
4 0.6315 0.20298507462686566 0.093 0.12985074626865672
2 0.0635 0.6365671641791045 0.127 0.12313432835820895
3 0.3315 0.5410447761194029 0.0665 0.22313432835820896
3 0.591 0.5776119402985075 0.0795 0.16417910447761194
3 0.6885 0.5134328358208955 0.065 0.12462686567164179
3 0.7335 0.6231343283582089 0.086 0.13880597014925372
3 0.7735 0.4619402985074627 0.053 0.12761194029850748
3 0.829 0.5126865671641792 0.0335 0.11716417910447761
3 0.9 0.42686567164179107 0.033 0.07761194029850746
3 0.9635 0.4470149253731343 0.01 0.09328358208955224
1 0.4505 0.2171641791044776 0.079 0.09850746268656717
4 0.494 0.17761194029850746 0.0555 0.15074626865671642