4 0.4205 0.3611940298507463 0.094 0.18880597014925374
1 0.778 0.517910447761194 0.294 0.24477611940298508
2 0.872 0.758955223880597 0.181 0.2044776119402985
2 0.53 0.8768656716417911 0.139 0.21940298507462686
2 0.6715 0.8470149253731343 0.1025 0.21194029850746268
2 0.538 0.491044776119403 0.087 0.12835820895522387
2 0.117 0.3925373134328358 0.0705 0.08059701492537313
2 0.077 0.37910447761194027 0.0495 0.08507462686567165
2 0.563 0.39850746268656717 0.08 0.09253731343283582
1 0.418 0.24477611940298508 0.0775 0.05895522388059701
3 0.541 0.8343283582089552 0.0835 0.21194029850746268
3 0.6695 0.7977611940298508 0.0575 0.15597014925373134
3 0.8665 0.7179104477611941 0.066 0.22611940298507463
3 0.728 0.3962686567164179 0.048 0.05298507462686567
3 0.5375 0.4634328358208955 0.048 0.141044776119403
3 0.084 0.33507462686567163 0.04 0.07238805970149254
3 0.1175 0.3649253731343284 0.0365 0.10671641791044777
3 0.643 0.33059701492537313 0.047 0.09253731343283582