3 0.2675 0.6902985074626866 0.092 0.14626865671641792
3 0.705 0.5365671641791044 0.0385 0.14477611940298507
3 0.899 0.7126865671641791 0.0395 0.1917910447761194
3 0.86 0.6783582089552239 0.0635 0.1626865671641791
3 0.456 0.376865671641791 0.0395 0.07462686567164178
3 0.062 0.34776119402985073 0.036 0.08955223880597014
2 0.7 0.5708955223880597 0.098 0.1582089552238806
2 0.2695 0.7373134328358208 0.14 0.1798507462686567
2 0.8955 0.7626865671641792 0.149 0.18134328358208956
2 0.453 0.42313432835820897 0.0585 0.09477611940298507
2 0.0645 0.376865671641791 0.078 0.08059701492537313