1 0.352 0.41194029850746267 0.1435 0.18507462686567164
2 0.789 0.6544776119402985 0.1445 0.12761194029850748
2 0.853 0.9104477611940298 0.196 0.15746268656716417
2 0.514 0.9365671641791045 0.234 0.12686567164179105
2 0.13 0.9447761194029851 0.1885 0.10970149253731343
2 0.138 0.844776119402985 0.1925 0.1291044776119403
2 0.0485 0.7828358208955224 0.097 0.13134328358208955
2 0.3215 0.7791044776119403 0.1785 0.13805970149253732
2 0.151 0.6664179104477612 0.1435 0.12164179104477611
2 0.0635 0.5485074626865671 0.125 0.12164179104477611
2 0.435 0.676865671641791 0.1725 0.11492537313432835
2 0.604 0.7395522388059701 0.1855 0.1335820895522388
2 0.5455 0.8305970149253732 0.197 0.12313432835820895
2 0.538 0.6022388059701492 0.154 0.12014925373134329
2 0.885 0.7238805970149254 0.1715 0.12611940298507462
2 0.9495 0.8134328358208955 0.101 0.10522388059701493
2 0.7405 0.3440298507462687 0.0665 0.06044776119402985
2 0.8465 0.3641791044776119 0.0665 0.06865671641791045
1 0.3355 0.2880597014925373 0.0945 0.09179104477611941
1 0.387 0.19925373134328359 0.062 0.06567164179104477
1 0.507 0.21119402985074626 0.057 0.0791044776119403
1 0.579 0.20746268656716418 0.0535 0.07164179104477612
1 0.529 0.5798507462686567 0.0455 0.13880597014925372
1 0.794 0.6238805970149254 0.064 0.16044776119402984
1 0.601 0.6992537313432836 0.0605 0.17388059701492536
1 0.548 0.7947761194029851 0.064 0.16343283582089552
1 0.4995 0.7835820895522388 0.056 0.1791044776119403
1 0.8675 0.8686567164179104 0.0665 0.191044776119403
1 0.8145 0.8716417910447761 0.0885 0.19925373134328359
1 0.972 0.7597014925373134 0.0555 0.1880597014925373
1 0.8815 0.6917910447761194 0.0595 0.1761194029850746
1 0.506 0.9037313432835821 0.0715 0.1925373134328358
1 0.118 0.9194029850746268 0.0815 0.16119402985074627
1 0.116 0.8126865671641791 0.071 0.18507462686567164
1 0.035 0.7574626865671642 0.042 0.16940298507462687
1 0.133 0.6365671641791045 0.063 0.16044776119402984
1 0.0465 0.5328358208955224 0.049 0.1417910447761194
1 0.2355 0.5880597014925373 0.0515 0.16044776119402984
1 0.2835 0.5462686567164179 0.056 0.14925373134328357
1 0.3705 0.5902985074626865 0.071 0.1335820895522388
1 0.426 0.65 0.063 0.17537313432835822
1 0.308 0.7395522388059701 0.0585 0.17388059701492536
1 0.742 0.3208955223880597 0.042 0.09776119402985074