3 0.7875 0.667910447761194 0.0465 0.21343283582089553
3 0.7475 0.42388059701492536 0.062 0.10373134328358209
3 0.7765 0.3753731343283582 0.0325 0.11417910447761194
3 0.047 0.3895522388059702 0.042 0.10522388059701493
3 0.158 0.34328358208955223 0.05 0.08059701492537313
3 0.461 0.28582089552238804 0.044 0.05522388059701493
3 0.351 0.29402985074626864 0.0275 0.05149253731343283
1 0.228 0.3850746268656716 0.164 0.1373134328358209
1 0.418 0.22686567164179106 0.0585 0.07014925373134329
1 0.4835 0.19925373134328359 0.0465 0.058208955223880594
4 0.588 0.417910447761194 0.232 0.2798507462686567
2 0.7865 0.7164179104477612 0.1385 0.17388059701492536
2 0.0555 0.41194029850746267 0.0705 0.08208955223880597
2 0.1535 0.36268656716417913 0.056 0.07462686567164178
2 0.754 0.4470149253731343 0.054 0.0962686567164179
2 0.7735 0.4007462686567164 0.0335 0.07462686567164178
2 0.4625 0.32611940298507464 0.0385 0.06865671641791045
2 0.351 0.332089552238806 0.037 0.07761194029850746