3 0.2965 0.6753731343283582 0.085 0.13507462686567165
3 0.7015 0.5343283582089552 0.0355 0.1335820895522388
3 0.881 0.6962686567164179 0.037 0.17761194029850746
3 0.845 0.6649253731343283 0.0585 0.15074626865671642
3 0.471 0.38656716417910447 0.037 0.06865671641791045
3 0.1065 0.3597014925373134 0.0335 0.08283582089552238
2 0.697 0.5656716417910448 0.091 0.14626865671641792
2 0.298 0.7194029850746269 0.13 0.1664179104477612
2 0.878 0.7425373134328358 0.138 0.16716417910447762
2 0.468 0.4291044776119403 0.054 0.0873134328358209
2 0.1085 0.38656716417910447 0.0725 0.07462686567164178