2 0.9185 0.932089552238806 0.163 0.13582089552238805
3 0.948 0.923134328358209 0.104 0.15074626865671642
2 0.7185 0.764179104477612 0.1625 0.20970149253731343
3 0.7125 0.732089552238806 0.091 0.2208955223880597
2 0.452 0.6514925373134328 0.0915 0.16865671641791044
3 0.4655 0.6268656716417911 0.0525 0.1619402985074627
3 0.4395 0.6134328358208955 0.0405 0.14925373134328357
3 0.28 0.6343283582089553 0.059 0.15
2 0.282 0.6843283582089552 0.0935 0.1746268656716418
2 0.746 0.6440298507462686 0.133 0.15298507462686567
3 0.739 0.6014925373134329 0.063 0.14850746268656717
2 0.036 0.7164179104477612 0.0715 0.13059701492537312
2 0.1925 0.5111940298507462 0.053 0.12985074626865672
3 0.192 0.48507462686567165 0.0425 0.13805970149253732
2 0.309 0.4791044776119403 0.051 0.1335820895522388
3 0.3075 0.45223880597014926 0.0445 0.11492537313432835
2 0.455 0.5208955223880597 0.076 0.11716417910447761
3 0.45 0.48507462686567165 0.0495 0.12313432835820895
3 0.923 0.34626865671641793 0.0255 0.11194029850746269
3 0.883 0.3402985074626866 0.0195 0.10373134328358209
3 0.838 0.33880597014925373 0.0365 0.11641791044776119
2 0.8355 0.3776119402985075 0.058 0.08358208955223881
2 0.986 0.4843283582089552 0.028 0.07611940298507462
2 0.503 0.38283582089552237 0.0845 0.08656716417910448
3 0.5045 0.3582089552238806 0.0385 0.10074626865671642
2 0.9685 0.4164179104477612 0.063 0.07164179104477612
3 0.9825 0.3925373134328358 0.034 0.09925373134328358
1 0.29 0.20671641791044776 0.0765 0.0791044776119403
1 0.4985 0.1917910447761194 0.064 0.07164179104477612
2 0.6585 0.26417910447761195 0.022 0.06417910447761194
3 0.655 0.23059701492537313 0.022 0.050746268656716415
2 0.542 0.3208955223880597 0.026 0.05895522388059701
3 0.541 0.27761194029850744 0.0225 0.057462686567164176
1 0.499 0.13432835820895522 0.0465 0.03805970149253731
2 0.102 0.3328358208955224 0.035 0.07014925373134329
3 0.1005 0.30223880597014924 0.023 0.057462686567164176
2 0.2305 0.2880597014925373 0.032 0.06940298507462686
3 0.227 0.26417910447761195 0.0205 0.057462686567164176
2 0.3055 0.3664179104477612 0.03 0.09029850746268657
3 0.3035 0.33432835820895523 0.0305 0.07835820895522388
2 0.3585 0.21567164179104478 0.023 0.04029850746268657
3 0.3565 0.19029850746268656 0.0165 0.04253731343283582
2 0.4485 0.3485074626865672 0.044 0.09029850746268657
3 0.4415 0.3111940298507463 0.0255 0.06044776119402985