3 0.1775 0.8052238805970149 0.0895 0.2007462686567164
3 0.3675 0.7141791044776119 0.1105 0.19850746268656716
3 0.5955 0.6805970149253732 0.06 0.17686567164179104
3 0.623 0.591044776119403 0.062 0.14701492537313432
3 0.7175 0.49701492537313435 0.0435 0.1582089552238806
3 0.8085 0.582089552238806 0.054 0.14850746268656717
3 0.73 0.5985074626865672 0.052 0.13208955223880597
3 0.147 0.9425373134328359 0.061 0.11492537313432835
2 0.1915 0.8552238805970149 0.2565 0.13582089552238805
2 0.373 0.7253731343283583 0.2445 0.1253731343283582
2 0.6105 0.7582089552238805 0.1595 0.17164179104477612
2 0.716 0.6776119402985075 0.1135 0.1253731343283582
2 0.721 0.49029850746268655 0.1365 0.08582089552238806
2 0.914 0.6231343283582089 0.1335 0.13134328358208955
2 0.9325 0.8014925373134328 0.1345 0.16716417910447762