3 0.2265 0.5067164179104477 0.0485 0.13507462686567165
3 0.68 0.5402985074626866 0.0505 0.14328358208955225
3 0.9035 0.514179104477612 0.047 0.11716417910447761
3 0.0415 0.9201492537313433 0.0825 0.15970149253731344
3 0.398 0.923134328358209 0.076 0.1537313432835821
3 0.4375 0.9067164179104478 0.076 0.1865671641791045
3 0.2875 0.8977611940298508 0.093 0.2044776119402985
3 0.5755 0.9447761194029851 0.0895 0.11044776119402985
3 0.0325 0.5380597014925373 0.0515 0.1253731343283582
3 0.821 0.8611940298507462 0.1 0.16044776119402984
3 0.911 0.9097014925373135 0.07 0.18059701492537314
3 0.6725 0.34626865671641793 0.038 0.10149253731343283
3 0.764 0.9492537313432836 0.08 0.10149253731343283
3 0.815 0.9552238805970149 0.07 0.08955223880597014
2 0.224 0.5298507462686567 0.124 0.09701492537313433
2 0.665 0.5649253731343283 0.145 0.10298507462686567
2 0.0335 0.6776119402985075 0.0665 0.12238805970149254
2 0.039 0.5791044776119403 0.078 0.08880597014925373
2 0.0835 0.9402985074626866 0.1665 0.11940298507462686
2 0.481 0.9111940298507463 0.0975 0.11716417910447761
2 0.672 0.8947761194029851 0.161 0.14626865671641792
2 0.14 0.3694029850746269 0.0665 0.07164179104477612
2 0.2745 0.3074626865671642 0.0485 0.06044776119402985
1 0.497 0.7716417910447761 0.4425 0.27686567164179104
1 0.71 0.2947761194029851 0.1055 0.08880597014925373
1 0.4615 0.20522388059701493 0.063 0.06492537313432836
3 0.1365 0.33880597014925373 0.0345 0.07761194029850746
3 0.273 0.282089552238806 0.0285 0.0664179104477612