3 0.765 0.9626865671641791 0.058 0.07462686567164178
1 0.46 0.8485074626865672 0.54 0.3029850746268657
1 0.47 0.5850746268656717 0.5135 0.32313432835820893
4 0.4645 0.16044776119402984 0.062 0.14402985074626865
2 0.4895 0.30597014925373134 0.033 0.08059701492537313
3 0.4885 0.2716417910447761 0.0235 0.058208955223880594
2 0.0155 0.7298507462686568 0.031 0.10373134328358209
2 0.028 0.608955223880597 0.056 0.09104477611940298
3 0.0085 0.5686567164179105 0.0165 0.13208955223880597
2 0.2035 0.5417910447761194 0.116 0.0955223880597015
3 0.1995 0.5074626865671642 0.05 0.14477611940298507
2 0.0635 0.5164179104477612 0.119 0.10298507462686567
2 0.0995 0.5723880597014925 0.128 0.10522388059701493
3 0.064 0.48582089552238805 0.039 0.13208955223880597
3 0.0975 0.5417910447761194 0.042 0.13656716417910447
3 0.124 0.5402985074626866 0.0305 0.13805970149253732
2 0.2725 0.4962686567164179 0.1035 0.09776119402985074
3 0.272 0.4701492537313433 0.048 0.12164179104477611
2 0.8665 0.5559701492537313 0.1215 0.11119402985074626
3 0.8755 0.5291044776119403 0.051 0.13880597014925372
3 0.8935 0.5298507462686567 0.0555 0.1328358208955224
2 0.981 0.5335820895522388 0.038 0.0880597014925373
3 0.773 0.45223880597014926 0.0435 0.08208955223880597
2 0.7725 0.49776119402985075 0.106 0.09029850746268657
2 0.7605 0.5932835820895522 0.0835 0.0880597014925373
3 0.75 0.5559701492537313 0.0415 0.14477611940298507
2 0.255 0.29850746268656714 0.0345 0.06492537313432836
3 0.257 0.26417910447761195 0.0215 0.05895522388059701
2 0.383 0.30149253731343284 0.031 0.07462686567164178
2 0.4195 0.31343283582089554 0.025 0.07313432835820896
3 0.4205 0.2746268656716418 0.0215 0.05447761194029851
3 0.386 0.2708955223880597 0.0175 0.05373134328358209
2 0.4535 0.28582089552238804 0.0315 0.0708955223880597
3 0.4505 0.26865671641791045 0.023 0.09328358208955224
2 0.2935 0.2462686567164179 0.0185 0.05
3 0.294 0.21567164179104478 0.016 0.04402985074626865
2 0.316 0.22313432835820896 0.021 0.04626865671641791
3 0.3175 0.19850746268656716 0.0175 0.034328358208955224
2 0.3485 0.21791044776119403 0.024 0.04701492537313433
3 0.349 0.19552238805970149 0.0195 0.03880597014925373
2 0.665 0.23880597014925373 0.0215 0.041791044776119404
3 0.6665 0.21791044776119403 0.0155 0.05298507462686567
3 0.6635 0.21044776119402986 0.032 0.050746268656716415
2 0.615 0.20597014925373133 0.019 0.04402985074626865
3 0.615 0.18582089552238806 0.017 0.03955223880597015