1 0.515 0.6402985074626866 0.354 0.3
2 0.672 0.8223880597014925 0.195 0.12985074626865672
2 0.8145 0.7485074626865672 0.1535 0.10149253731343283
2 0.8565 0.6335820895522388 0.1485 0.10746268656716418
2 0.934 0.8813432835820896 0.132 0.13059701492537312
2 0.264 0.8537313432835821 0.123 0.19701492537313434
2 0.0865 0.8611940298507462 0.1635 0.18582089552238806
2 0.159 0.7149253731343284 0.068 0.1126865671641791
2 0.276 0.6246268656716418 0.1245 0.13880597014925372
3 0.868 0.573134328358209 0.0605 0.10597014925373134
3 0.98 0.5201492537313432 0.04 0.07014925373134329
3 0.833 0.6791044776119403 0.0525 0.10746268656716418
3 0.687 0.7597014925373134 0.079 0.12313432835820895
3 0.2505 0.7761194029850746 0.0895 0.14253731343283582
3 0.1015 0.6850746268656717 0.081 0.11865671641791045
3 0.0745 0.7895522388059701 0.077 0.13059701492537312
3 0.0225 0.7985074626865671 0.0445 0.11641791044776119
3 0.98 0.8156716417910448 0.04 0.11492537313432835