1 0.274 0.4925373134328358 0.258 0.2126865671641791
4 0.5205 0.3044776119402985 0.0895 0.2007462686567164
1 0.675 0.30597014925373134 0.1075 0.1044776119402985
1 0.6095 0.24850746268656718 0.064 0.06791044776119402
4 0.544 0.14029850746268657 0.046 0.07164179104477612
2 0.621 0.8776119402985074 0.168 0.18208955223880596
2 0.5385 0.5320895522388059 0.0715 0.10895522388059702
2 0.8605 0.3664179104477612 0.0515 0.06791044776119402
2 0.9655 0.41044776119402987 0.0605 0.07313432835820896
3 0.5315 0.458955223880597 0.0415 0.06119402985074627
3 0.6235 0.8552238805970149 0.0905 0.2253731343283582