4 0.5755 0.376865671641791 0.0995 0.2
1 0.198 0.5425373134328358 0.3105 0.258955223880597
2 0.099 0.7970149253731343 0.191 0.21641791044776118
2 0.461 0.9029850746268657 0.1455 0.19402985074626866
2 0.3115 0.8880597014925373 0.107 0.22388059701492538
2 0.4515 0.514179104477612 0.092 0.13582089552238805
2 0.8955 0.4097014925373134 0.0745 0.08507462686567165
2 0.938 0.39552238805970147 0.052 0.08955223880597014
2 0.4255 0.41567164179104477 0.0845 0.09776119402985074
1 0.578 0.2537313432835821 0.082 0.0626865671641791
3 0.448 0.8768656716417911 0.088 0.22388059701492538
3 0.313 0.8380597014925373 0.061 0.16492537313432837
3 0.105 0.7529850746268657 0.0695 0.23955223880597015
3 0.251 0.4134328358208955 0.051 0.056716417910447764
3 0.452 0.4843283582089552 0.051 0.14925373134328357
3 0.9305 0.3485074626865672 0.042 0.07611940298507462
3 0.895 0.3805970149253731 0.0385 0.1126865671641791
3 0.341 0.3440298507462687 0.0495 0.09776119402985074