3 0.2675 0.5992537313432836 0.082 0.18507462686567164
3 0.4035 0.5835820895522388 0.061 0.15671641791044777
3 0.546 0.5880597014925373 0.0635 0.1537313432835821
3 0.6095 0.4761194029850746 0.0515 0.12985074626865672
3 0.1625 0.8246268656716418 0.1085 0.2208955223880597
3 0.0475 0.3402985074626866 0.0425 0.11791044776119403
3 0.1865 0.291044776119403 0.038 0.09701492537313433
3 0.269 0.341044776119403 0.0415 0.11641791044776119
2 0.265 0.6305970149253731 0.111 0.1701492537313433
2 0.181 0.8559701492537314 0.1975 0.20298507462686566
2 0.4015 0.6223880597014926 0.099 0.15970149253731344
2 0.542 0.6335820895522388 0.077 0.16417910447761194
2 0.6115 0.5156716417910447 0.0425 0.11044776119402985
2 0.028 0.7395522388059701 0.056 0.1798507462686567
2 0.26 0.3716417910447761 0.0405 0.08507462686567165
2 0.0495 0.3604477611940298 0.066 0.09253731343283582
2 0.0135 0.4126865671641791 0.027 0.07835820895522388
4 0.8205 0.6522388059701493 0.359 0.5231343283582089
4 0.8635 0.29253731343283584 0.1075 0.1208955223880597
4 0.935 0.3716417910447761 0.121 0.11194029850746269
1 0.473 0.1865671641791045 0.066 0.07611940298507462
1 0.3875 0.1865671641791045 0.0635 0.07014925373134329