2 0.2115 0.8567164179104477 0.1965 0.1761194029850746
2 0.5495 0.5 0.08 0.10597014925373134
3 0.969 0.8388059701492537 0.062 0.22686567164179106
1 0.3465 0.3455223880597015 0.1585 0.1373134328358209
2 0.0705 0.376865671641791 0.0675 0.07985074626865672
3 0.068 0.33955223880597013 0.0275 0.09328358208955224
2 0.1695 0.3492537313432836 0.058 0.07611940298507462
3 0.1725 0.32985074626865674 0.024 0.1
3 0.1785 0.2955223880597015 0.023 0.056716417910447764
3 0.5375 0.4619402985074627 0.0505 0.11492537313432835
3 0.5595 0.45597014925373136 0.048 0.1208955223880597
3 0.209 0.8186567164179105 0.079 0.19029850746268656