2 0.1175 0.8097014925373134 0.183 0.17686567164179104
3 0.1195 0.7895522388059701 0.076 0.21417910447761193
2 0.414 0.6485074626865671 0.1195 0.13955223880597015
3 0.4245 0.6104477611940299 0.069 0.141044776119403
2 0.604 0.6261194029850746 0.1 0.12164179104477611
3 0.608 0.5791044776119403 0.054 0.12761194029850748
2 0.6335 0.5022388059701492 0.073 0.07462686567164178
3 0.6325 0.4708955223880597 0.047 0.10373134328358209
1 0.0885 0.5216417910447761 0.177 0.19850746268656716
1 0.0585 0.4261194029850746 0.1165 0.12388059701492538
2 0.422 0.39925373134328357 0.052 0.08208955223880597
2 0.7235 0.44477611940298506 0.035 0.06865671641791045
2 0.188 0.36716417910447763 0.0515 0.06865671641791045
2 0.131 0.3738805970149254 0.052 0.0664179104477612
3 0.133 0.34253731343283583 0.029 0.07238805970149254
3 0.185 0.33955223880597013 0.0295 0.09104477611940298
2 0.2605 0.34701492537313433 0.0495 0.07238805970149254
3 0.261 0.3208955223880597 0.02 0.07313432835820896
2 0.3005 0.2992537313432836 0.0295 0.0626865671641791
3 0.3025 0.28059701492537314 0.0165 0.06492537313432836
2 0.5665 0.4044776119402985 0.0465 0.0873134328358209
2 0.5125 0.41492537313432837 0.047 0.09477611940298507
3 0.5145 0.38283582089552237 0.0345 0.10298507462686567
3 0.5645 0.3843283582089552 0.034 0.10522388059701493
3 0.722 0.4059701492537313 0.034 0.08656716417910448
2 0.9515 0.3888059701492537 0.0635 0.06865671641791045
3 0.961 0.36268656716417913 0.0235 0.07462686567164178
2 0.4505 0.31044776119402984 0.0255 0.06194029850746269
2 0.48 0.29701492537313434 0.031 0.05895522388059701
3 0.4505 0.28134328358208954 0.0225 0.06343283582089553
3 0.4765 0.27686567164179104 0.016 0.06417910447761194
1 0.488 0.2253731343283582 0.048 0.07985074626865672
1 0.418 0.22313432835820896 0.049 0.06716417910447761
4 0.479 0.15597014925373134 0.0575 0.07388059701492537