1 0.515 0.641044776119403 0.351 0.29701492537313434
2 0.6705 0.8216417910447761 0.1935 0.12835820895522387
2 0.812 0.7485074626865672 0.152 0.10074626865671642
2 0.8535 0.6343283582089553 0.147 0.10597014925373134
2 0.9335 0.8813432835820896 0.133 0.13059701492537312
2 0.266 0.8529850746268657 0.1225 0.19552238805970149
2 0.09 0.8604477611940299 0.162 0.18358208955223881
2 0.162 0.7149253731343284 0.0675 0.11194029850746269
2 0.278 0.6261194029850746 0.1235 0.1373134328358209
3 0.8655 0.5746268656716418 0.06 0.1044776119402985
3 0.9785 0.5223880597014925 0.043 0.06940298507462686
3 0.83 0.6798507462686567 0.052 0.10671641791044777
3 0.6855 0.7597014925373134 0.0785 0.12164179104477611
3 0.2525 0.7753731343283582 0.089 0.141044776119403
3 0.1045 0.685820895522388 0.0805 0.11716417910447761
3 0.078 0.7895522388059701 0.0765 0.1291044776119403
3 0.026 0.7977611940298508 0.0445 0.11567164179104478
3 0.9785 0.8171641791044776 0.0425 0.11492537313432835