3 0.205 0.7947761194029851 0.0855 0.1917910447761194
3 0.387 0.7074626865671642 0.106 0.18955223880597014
3 0.605 0.6753731343283582 0.0575 0.16865671641791044
3 0.6315 0.5895522388059702 0.0595 0.141044776119403
3 0.722 0.4992537313432836 0.0415 0.15149253731343285
3 0.809 0.5805970149253732 0.052 0.14253731343283582
3 0.734 0.5970149253731343 0.05 0.12686567164179105
3 0.1765 0.9350746268656717 0.06 0.1291044776119403
2 0.2185 0.8425373134328358 0.2455 0.12985074626865672
2 0.3925 0.7179104477611941 0.234 0.11940298507462686
2 0.619 0.75 0.1525 0.16417910447761194
2 0.7205 0.6723880597014925 0.109 0.12014925373134329
2 0.7255 0.49328358208955225 0.1305 0.08208955223880597
2 0.9095 0.6201492537313433 0.128 0.12611940298507462
2 0.9315 0.7917910447761194 0.1365 0.1582089552238806