3 0.2215 0.7664179104477612 0.1115 0.17686567164179104
3 0.482 0.6888059701492537 0.0765 0.16716417910447762
3 0.512 0.6738805970149254 0.058 0.17164179104477612
3 0.5325 0.8194029850746268 0.087 0.19402985074626866
3 0.7365 0.7902985074626866 0.0885 0.1843283582089552
3 0.751 0.7708955223880597 0.0665 0.18582089552238806
3 0.7155 0.5977611940298507 0.058 0.14253731343283582
3 0.841 0.5104477611940299 0.0465 0.1126865671641791
3 0.904 0.45149253731343286 0.037 0.13582089552238805
3 0.038 0.41492537313432837 0.035 0.12164179104477611
3 0.1495 0.3373134328358209 0.044 0.1044776119402985
2 0.2255 0.8201492537313433 0.164 0.18134328358208956
2 0.5355 0.8746268656716418 0.158 0.17313432835820897
2 0.743 0.8253731343283582 0.113 0.17686567164179104
2 0.5095 0.7276119402985075 0.094 0.16716417910447762
2 0.723 0.6432835820895523 0.057 0.15597014925373134
4 0.841 0.576865671641791 0.114 0.191044776119403
2 0.0385 0.4335820895522388 0.077 0.08507462686567165
2 0.1495 0.35895522388059703 0.072 0.07014925373134329
2 0.908 0.49776119402985075 0.0525 0.09029850746268657
1 0.4915 0.23582089552238805 0.056 0.0873134328358209
4 0.429 0.19925373134328359 0.064 0.11865671641791045