0 0.7735 0.48507462686567165 0.4525 0.3492537313432836
1 0.075 0.9485074626865672 0.15 0.10298507462686567
1 0.319 0.7238805970149254 0.335 0.2462686567164179
1 0.8745 0.8104477611940298 0.251 0.30074626865671644
1 0.422 0.20746268656716418 0.0475 0.07238805970149254
2 0.0455 0.5604477611940298 0.091 0.09253731343283582
2 0.733 0.7 0.159 0.10746268656716418
2 0.439 0.33880597014925373 0.03 0.07238805970149254
2 0.271 0.29701492537313434 0.0215 0.056716417910447764
2 0.1975 0.33432835820895523 0.0535 0.05895522388059701
3 0.746 0.667910447761194 0.055 0.1619402985074627