2 0.3305 0.8567164179104477 0.1535 0.20746268656716418
2 0.737 0.8126865671641791 0.125 0.21343283582089553
2 0.55 0.6634328358208955 0.1095 0.1708955223880597
2 0.3835 0.5783582089552238 0.115 0.141044776119403
2 0.158 0.3776119402985075 0.076 0.07761194029850746
2 0.07 0.3880597014925373 0.0915 0.08208955223880597
2 0.5125 0.49701492537313435 0.0685 0.13582089552238805
2 0.771 0.4171641791044776 0.0385 0.06492537313432836
2 0.7215 0.34626865671641793 0.0375 0.058208955223880594
2 0.8925 0.3604477611940298 0.075 0.0873134328358209
2 0.628 0.35895522388059703 0.049 0.05223880597014925
2 0.2775 0.33059701492537313 0.063 0.09029850746268657
2 0.3255 0.2783582089552239 0.035 0.06791044776119402
3 0.385 0.5417910447761194 0.058 0.17686567164179104
3 0.326 0.8208955223880597 0.062 0.2417910447761194
3 0.523 0.6365671641791045 0.0605 0.18059701492537314
3 0.5565 0.6253731343283582 0.045 0.1962686567164179
3 0.7255 0.7559701492537313 0.0785 0.1880597014925373
3 0.7685 0.36268656716417913 0.0415 0.06940298507462686
3 0.7185 0.3029850746268657 0.062 0.07238805970149254
3 0.6305 0.30895522388059704 0.057 0.07611940298507462
3 0.9045 0.31716417910447764 0.0295 0.056716417910447764
3 0.067 0.3611940298507463 0.036 0.10746268656716418
3 0.15 0.3522388059701492 0.0425 0.11567164179104478
3 0.283 0.3037313432835821 0.035 0.08358208955223881
3 0.326 0.2380597014925373 0.036 0.03805970149253731
1 0.4555 0.19328358208955224 0.053 0.0791044776119403