3 0.3425 0.8007462686567164 0.08 0.19925373134328359
3 0.4085 0.9656716417910448 0.077 0.06865671641791045
3 0.4735 0.9529850746268657 0.091 0.09402985074626866
3 0.233 0.7097014925373134 0.0845 0.19776119402985073
3 0.259 0.6850746268656717 0.06 0.18507462686567164
3 0.0235 0.7216417910447761 0.0465 0.21865671641791046
3 0.473 0.4955223880597015 0.0485 0.12238805970149254
3 0.654 0.4917910447761194 0.055 0.12985074626865672
3 0.988 0.8350746268656717 0.024 0.19850746268656716
3 0.091 0.3447761194029851 0.05 0.07537313432835821
2 0.0415 0.744776119402985 0.0825 0.1873134328358209
2 0.3555 0.8828358208955224 0.131 0.20970149253731343
2 0.2595 0.7238805970149254 0.116 0.1746268656716418
2 0.4785 0.5358208955223881 0.07 0.11044776119402985
2 0.4695 0.9791044776119403 0.18 0.041791044776119404
2 0.653 0.5350746268656716 0.0475 0.08134328358208955
2 0.947 0.8656716417910447 0.106 0.12238805970149254
2 0.9545 0.6223880597014926 0.091 0.10970149253731343
1 0.4535 0.22761194029850745 0.06 0.07388059701492537
2 0.087 0.3902985074626866 0.062 0.06567164179104477
2 0.243 0.31865671641791044 0.035 0.06119402985074627
3 0.24 0.2880597014925373 0.0155 0.05223880597014925