3 0.2205 0.814179104477612 0.441 0.30223880597014924
3 0.4215 0.6037313432835821 0.072 0.17537313432835822
2 0.0345 0.6149253731343284 0.069 0.07985074626865672
3 0.0195 0.5783582089552238 0.038 0.13955223880597015
2 0.0885 0.6865671641791045 0.1395 0.08955223880597014
2 0.5465 0.7253731343283583 0.1995 0.1126865671641791
2 0.7895 0.6880597014925374 0.1665 0.13208955223880597
2 0.657 0.5932835820895522 0.1335 0.08582089552238806
2 0.8885 0.5485074626865671 0.139 0.08432835820895522
3 0.668 0.5626865671641791 0.054 0.13656716417910447
3 0.888 0.5119402985074627 0.0405 0.11044776119402985
3 0.796 0.6350746268656716 0.0555 0.16343283582089552
3 0.5215 0.6746268656716418 0.06 0.14925373134328357
3 0.692 0.9417910447761194 0.102 0.11641791044776119
4 0.969 0.7037313432835821 0.0615 0.3037313432835821
2 0.0135 0.4052238805970149 0.027 0.0791044776119403
2 0.1265 0.3776119402985075 0.064 0.0708955223880597
2 0.235 0.3253731343283582 0.0415 0.04776119402985075
2 0.303 0.3111940298507463 0.04 0.05
2 0.364 0.34626865671641793 0.026 0.05970149253731343
2 0.531 0.43656716417910446 0.0585 0.07761194029850746
2 0.61 0.41567164179104477 0.0495 0.08656716417910448
3 0.5185 0.41119402985074627 0.026 0.09402985074626866
3 0.6145 0.3917910447761194 0.0335 0.0955223880597015
3 0.5415 0.41940298507462687 0.0285 0.10223880597014925
3 0.585 0.34776119402985073 0.018 0.05447761194029851
3 0.6 0.3455223880597015 0.013 0.057462686567164176
3 0.1265 0.3529850746268657 0.0325 0.08582089552238806
3 0.2365 0.3029850746268657 0.0245 0.08059701492537313
3 0.307 0.29328358208955224 0.024 0.07238805970149254
3 0.363 0.3156716417910448 0.019 0.08656716417910448
3 0.0795 0.6432835820895523 0.051 0.15447761194029852
3 0.228 0.9813432835820896 0.0465 0.03731343283582089
3 0.6235 0.2798507462686567 0.021 0.04776119402985075
4 0.425 0.1828358208955224 0.0475 0.09179104477611941
1 0.4855 0.1947761194029851 0.0515 0.06865671641791045