1 0.991 0.4843283582089552 0.018 0.11194029850746269
1 0.3985 0.1783582089552239 0.051 0.055970149253731345
1 0.471 0.1626865671641791 0.0375 0.03507462686567164
4 0.3955 0.7805970149253731 0.791 0.4388059701492537
2 0.8665 0.6417910447761194 0.164 0.13507462686567165
2 0.3225 0.508955223880597 0.0925 0.0873134328358209
3 0.362 0.4761194029850746 0.055 0.13880597014925372
3 0.435 0.5216417910447761 0.075 0.11716417910447761
3 0.1385 0.5865671641791045 0.0945 0.08208955223880597
3 0.507 0.5559701492537313 0.053 0.06940298507462686
3 0.8925 0.6037313432835821 0.0325 0.15447761194029852