1 0.7285 0.49029850746268655 0.252 0.20746268656716418
4 0.488 0.30671641791044774 0.087 0.1962686567164179
1 0.337 0.3082089552238806 0.105 0.10149253731343283
1 0.4005 0.25223880597014925 0.0625 0.06567164179104477
4 0.465 0.14626865671641792 0.045 0.06940298507462686
2 0.3895 0.8664179104477612 0.164 0.17761194029850746
2 0.47 0.5291044776119403 0.0695 0.10597014925373134
2 0.1555 0.36716417910447763 0.0505 0.0664179104477612
2 0.0535 0.41044776119402987 0.059 0.07164179104477612
3 0.477 0.45746268656716416 0.0405 0.05970149253731343
3 0.3875 0.844776119402985 0.088 0.22014925373134328