3 0.221 0.817910447761194 0.442 0.31044776119402984
3 0.4245 0.6059701492537314 0.073 0.1783582089552239
2 0.0325 0.6149253731343284 0.065 0.08059701492537313
3 0.017 0.5783582089552238 0.0335 0.1417910447761194
2 0.086 0.6902985074626866 0.142 0.09179104477611941
2 0.551 0.7298507462686568 0.2025 0.11492537313432835
2 0.798 0.691044776119403 0.1695 0.13507462686567165
2 0.6635 0.5955223880597015 0.136 0.0873134328358209
2 0.899 0.55 0.1415 0.08582089552238806
3 0.6745 0.564179104477612 0.055 0.13955223880597015
3 0.898 0.5119402985074627 0.041 0.1126865671641791
3 0.8045 0.6373134328358209 0.0565 0.16716417910447762
3 0.526 0.6776119402985075 0.061 0.15223880597014924
3 0.6985 0.9447761194029851 0.103 0.10970149253731343
4 0.974 0.7059701492537314 0.0515 0.30970149253731344
2 0.012 0.40223880597014927 0.024 0.07835820895522388
2 0.125 0.3753731343283582 0.065 0.07238805970149254
2 0.235 0.32164179104477614 0.042 0.049253731343283584
2 0.304 0.3074626865671642 0.0405 0.050746268656716415
2 0.366 0.34328358208955223 0.0265 0.06119402985074627
2 0.5355 0.43582089552238806 0.059 0.0791044776119403
2 0.616 0.4141791044776119 0.05 0.08880597014925373
3 0.5225 0.408955223880597 0.026 0.0962686567164179
3 0.62 0.3895522388059702 0.034 0.09701492537313433
3 0.5465 0.417910447761194 0.029 0.1044776119402985
3 0.5905 0.3447761194029851 0.0185 0.05522388059701493
3 0.6055 0.34253731343283583 0.0135 0.058208955223880594
3 0.1245 0.35 0.033 0.0873134328358209
3 0.236 0.2992537313432836 0.025 0.08208955223880597
3 0.308 0.28955223880597014 0.0245 0.07388059701492537
3 0.365 0.3126865671641791 0.0195 0.0880597014925373
3 0.077 0.6462686567164179 0.0515 0.15746268656716417
3 0.226 0.9850746268656716 0.0475 0.029104477611940297
3 0.6295 0.27611940298507465 0.021 0.049253731343283584
4 0.428 0.1761194029850746 0.048 0.09402985074626866
1 0.489 0.18880597014925374 0.052 0.07014925373134329