3 0.609 0.7231343283582089 0.058 0.16865671641791044
3 0.4965 0.8037313432835821 0.065 0.141044776119403
3 0.322 0.9074626865671642 0.079 0.1843283582089552
3 0.597 0.908955223880597 0.095 0.18208955223880596
3 0.5255 0.9126865671641791 0.079 0.1746268656716418
3 0.336 0.4462686567164179 0.0465 0.09850746268656717
3 0.198 0.48059701492537316 0.043 0.10671641791044777
3 0.078 0.4597014925373134 0.0325 0.10671641791044777
3 0.989 0.7843283582089552 0.0215 0.16044776119402984
3 0.844 0.34701492537313433 0.044 0.10149253731343283
3 0.9345 0.3656716417910448 0.0325 0.09104477611940298
3 0.711 0.3447761194029851 0.0245 0.07985074626865672
3 0.6345 0.36716417910447763 0.0255 0.07985074626865672
3 0.5575 0.3567164179104478 0.0315 0.06716417910447761
2 0.5365 0.9485074626865672 0.243 0.10298507462686567
2 0.313 0.9485074626865672 0.122 0.10298507462686567
2 0.6265 0.7611940298507462 0.1675 0.11716417910447761
2 0.498 0.8514925373134329 0.173 0.1
2 0.9445 0.8470149253731343 0.1105 0.11641791044776119
2 0.008 0.6746268656716418 0.016 0.06791044776119402
2 0.198 0.5417910447761194 0.0265 0.07985074626865672
2 0.0765 0.4962686567164179 0.035 0.08432835820895522
2 0.3295 0.5014925373134328 0.043 0.07985074626865672
2 0.56 0.40373134328358207 0.064 0.08432835820895522
2 0.6305 0.4097014925373134 0.0475 0.07313432835820896
2 0.7095 0.3902985074626866 0.0315 0.07686567164179105
2 0.8475 0.3805970149253731 0.058 0.07313432835820896
2 0.9335 0.4044776119402985 0.065 0.07985074626865672
2 0.5065 0.34701492537313433 0.0315 0.05447761194029851
2 0.1405 0.4141791044776119 0.0465 0.0626865671641791
2 0.268 0.3701492537313433 0.036 0.04253731343283582
2 0.3425 0.34253731343283583 0.0245 0.04402985074626865