1 0.458 0.6485074626865671 0.362 0.20746268656716418
1 0.663 0.8604477611940299 0.564 0.2791044776119403
2 0.307 0.9149253731343283 0.213 0.1701492537313433
2 0.119 0.8253731343283582 0.17 0.1783582089552239
2 0.2885 0.7910447761194029 0.143 0.09925373134328358
2 0.798 0.5873134328358209 0.154 0.09179104477611941
3 0.8245 0.585820895522388 0.071 0.18134328358208956
3 0.84 0.6925373134328359 0.057 0.2082089552238806
3 0.341 0.8395522388059702 0.112 0.2253731343283582
3 0.29 0.7492537313432835 0.0735 0.14402985074626865
3 0.121 0.758955223880597 0.0655 0.17388059701492536
3 0.053 0.5529850746268656 0.05 0.16492537313432837
2 0.074 0.5798507462686567 0.144 0.10597014925373134
3 0.4605 0.43283582089552236 0.029 0.13656716417910447
2 0.4815 0.46044776119402986 0.1415 0.12835820895522387
1 0.459 0.2082089552238806 0.0705 0.11194029850746269
4 0.4915 0.14402985074626865 0.0555 0.10074626865671642