2 0.2185 0.8350746268656717 0.181 0.1619402985074627
2 0.53 0.5074626865671642 0.0735 0.09701492537313433
3 0.931 0.8208955223880597 0.083 0.208955223880597
1 0.343 0.3649253731343284 0.1465 0.12611940298507462
2 0.0885 0.3940298507462687 0.0625 0.07313432835820896
3 0.086 0.3597014925373134 0.0255 0.08582089552238806
2 0.18 0.3686567164179104 0.0535 0.07014925373134329
3 0.1825 0.35074626865671643 0.022 0.09179104477611941
3 0.188 0.3194029850746269 0.021 0.05223880597014925
3 0.519 0.47238805970149256 0.0465 0.10522388059701493
3 0.5395 0.4664179104477612 0.0445 0.11119402985074626
3 0.216 0.8 0.073 0.1746268656716418