4 0.701 0.49402985074626865 0.153 0.21417910447761193
4 0.9425 0.3813432835820896 0.115 0.12835820895522387
1 0.6815 0.30895522388059704 0.114 0.13805970149253732
1 0.4095 0.208955223880597 0.0535 0.07537313432835821
1 0.6145 0.22238805970149253 0.0675 0.07835820895522388
1 0.4755 0.1865671641791045 0.069 0.11492537313432835
3 0.34 0.9067164179104478 0.08 0.1865671641791045
3 0.417 0.9462686567164179 0.052 0.10746268656716418
3 0.7865 0.8067164179104478 0.077 0.21119402985074626
3 0.8215 0.7701492537313432 0.071 0.1791044776119403
3 0.9665 0.741044776119403 0.0665 0.18059701492537314
3 0.2605 0.7738805970149254 0.095 0.20373134328358208
3 0.4325 0.7694029850746269 0.0975 0.1947761194029851
3 0.467 0.6522388059701493 0.071 0.15
3 0.4695 0.5477611940298508 0.0545 0.1208955223880597
3 0.7 0.6111940298507462 0.0605 0.15746268656716417
3 0.861 0.6029850746268657 0.045 0.1619402985074627
3 0.8955 0.5261194029850746 0.037 0.10373134328358209
3 0.825 0.48582089552238805 0.0475 0.1044776119402985
3 0.5095 0.5537313432835821 0.057 0.13805970149253732
3 0.63 0.4 0.0465 0.0873134328358209
3 0.4925 0.4664179104477612 0.0605 0.07985074626865672
2 0.3365 0.9440298507462687 0.226 0.11119402985074626
2 0.249 0.8223880597014925 0.185 0.2007462686567164
2 0.7785 0.8208955223880597 0.2145 0.14850746268656717
2 0.9405 0.7686567164179104 0.119 0.141044776119403
2 0.6975 0.6619402985074627 0.0795 0.13134328358208955
2 0.435 0.8201492537313433 0.1945 0.1619402985074627
2 0.4855 0.6940298507462687 0.141 0.15149253731343285
2 0.4745 0.40223880597014927 0.037 0.07985074626865672
2 0.536 0.38283582089552237 0.045 0.06865671641791045
2 0.8755 0.6156716417910447 0.1555 0.13134328358208955
2 0.9675 0.4716417910447761 0.0645 0.09179104477611941
2 0.8205 0.5462686567164179 0.0545 0.07985074626865672