4 0.623 0.4343283582089552 0.1225 0.17164179104477612
1 0.706 0.3417910447761194 0.1205 0.17164179104477612
2 0.1705 0.8611940298507462 0.178 0.15298507462686567
2 0.4425 0.8641791044776119 0.2085 0.16417910447761194
2 0.448 0.7067164179104478 0.155 0.11791044776119403
2 0.7245 0.6462686567164179 0.143 0.1328358208955224
2 0.3965 0.6194029850746269 0.0795 0.12164179104477611
2 0.0175 0.7141791044776119 0.035 0.10074626865671642
2 0.067 0.40746268656716417 0.068 0.07611940298507462
2 0.23 0.3373134328358209 0.0465 0.06567164179104477
2 0.4135 0.4671641791044776 0.026 0.08955223880597014
2 0.481 0.3962686567164179 0.032 0.08507462686567165
2 0.532 0.41865671641791047 0.035 0.08283582089552238
2 0.6805 0.5305970149253731 0.059 0.10223880597014925
2 0.2965 0.367910447761194 0.0315 0.07313432835820896
2 0.361 0.373134328358209 0.031 0.07388059701492537
2 0.8455 0.3664179104477612 0.0385 0.09328358208955224
2 0.763 0.27238805970149255 0.025 0.06940298507462686
3 0.066 0.373134328358209 0.0255 0.08507462686567165
3 0.232 0.31044776119402984 0.021 0.08059701492537313
3 0.411 0.4208955223880597 0.0375 0.09253731343283582
3 0.3995 0.5761194029850746 0.039 0.1335820895522388
3 0.3785 0.5671641791044776 0.034 0.14328358208955225
3 0.4555 0.6701492537313433 0.055 0.14477611940298507
3 0.4355 0.8380597014925373 0.0575 0.19402985074626866
3 0.726 0.6171641791044776 0.0415 0.1373134328358209
3 0.763 0.6141791044776119 0.05 0.141044776119403
3 0.679 0.4925373134328358 0.047 0.10895522388059702
3 0.1695 0.8223880597014925 0.0655 0.1791044776119403
3 0.298 0.341044776119403 0.0255 0.08208955223880597