2 0.622 0.8082089552238806 0.1885 0.12835820895522387
3 0.5135 0.8768656716417911 0.099 0.208955223880597
2 0.8925 0.8940298507462686 0.1855 0.19701492537313434
2 0.724 0.676865671641791 0.1145 0.12462686567164179
3 0.6175 0.7604477611940299 0.06 0.16417910447761194
3 0.394 0.7873134328358209 0.096 0.17313432835820897
2 0.3435 0.8380597014925373 0.1085 0.10895522388059702
2 0.6295 0.5268656716417911 0.0855 0.08880597014925373
3 0.6205 0.48208955223880595 0.0595 0.11940298507462686
1 0.505 0.19776119402985073 0.036 0.055970149253731345
3 0.7195 0.6208955223880597 0.1015 0.14029850746268657
3 0.8825 0.8716417910447761 0.08 0.19776119402985073
3 0.057 0.6902985074626866 0.041 0.16492537313432837
3 0.549 0.48880597014925375 0.0365 0.10746268656716418
3 0.505 0.4335820895522388 0.047 0.09179104477611941
3 0.323 0.6395522388059701 0.0605 0.15447761194029852
3 0.386 0.48507462686567165 0.1955 0.19029850746268656
3 0.537 0.21567164179104478 0.048 0.07164179104477612
3 0.258 0.5701492537313433 0.043 0.11567164179104478
2 0.249 0.6097014925373134 0.1145 0.11492537313432835
2 0.5605 0.5402985074626866 0.0865 0.08507462686567165
2 0.098 0.75 0.163 0.12462686567164179