1 0.9325 0.8522388059701492 0.135 0.2947761194029851
1 0.568 0.5843283582089552 0.3695 0.21567164179104478
1 0.585 0.8402985074626865 0.375 0.3156716417910448
1 0.5805 0.20149253731343283 0.0485 0.0664179104477612
4 0.514 0.19328358208955224 0.0535 0.12164179104477611
3 0.6565 0.9425373134328359 0.0915 0.11492537313432835
3 0.956 0.6805970149253732 0.064 0.09029850746268657
3 0.5175 0.9544776119402985 0.101 0.09104477611940298
3 0.2835 0.9634328358208956 0.0755 0.07313432835820896
3 0.314 0.8925373134328358 0.0865 0.13955223880597015
3 0.28 0.8522388059701492 0.0575 0.10149253731343283
3 0.327 0.755223880597015 0.0625 0.141044776119403
3 0.0635 0.7686567164179104 0.0755 0.12014925373134329
3 0.1245 0.6902985074626866 0.0505 0.11417910447761194
3 0.222 0.7231343283582089 0.0545 0.12985074626865672
3 0.262 0.6246268656716418 0.0545 0.10522388059701493
3 0.187 0.6134328358208955 0.0695 0.09850746268656717
3 0.19 0.4917910447761194 0.038 0.10597014925373134
3 0.3535 0.5149253731343284 0.039 0.1253731343283582
2 0.195 0.5231343283582089 0.108 0.07611940298507462
2 0.0785 0.8679104477611941 0.0775 0.09253731343283582
2 0.135 0.7738805970149254 0.051 0.0962686567164179
2 0.2295 0.8119402985074626 0.047 0.08208955223880597
2 0.362 0.8559701492537314 0.0605 0.09925373134328358
2 0.8965 0.7328358208955223 0.0765 0.10671641791044777
2 0.3505 0.5485074626865671 0.1005 0.0873134328358209