4 0.5395 0.49328358208955225 0.284 0.3701492537313433
1 0.311 0.31343283582089554 0.121 0.13507462686567165
2 0.5095 0.7761194029850746 0.189 0.13208955223880597
2 0.107 0.9641791044776119 0.214 0.06865671641791045
2 0.067 0.8149253731343283 0.134 0.1373134328358209
2 0.076 0.7365671641791045 0.151 0.11641791044776119
2 0.9265 0.7126865671641791 0.146 0.13656716417910447
2 0.3695 0.514179104477612 0.0555 0.1
2 0.0545 0.40746268656716417 0.0705 0.07761194029850746
2 0.3505 0.44029850746268656 0.047 0.06343283582089553
1 0.44 0.23283582089552238 0.063 0.11343283582089553
3 0.5055 0.7574626865671642 0.063 0.2044776119402985
3 0.557 0.7231343283582089 0.0395 0.15746268656716417
3 0.9315 0.6597014925373135 0.047 0.1761194029850746
3 0.0305 0.7761194029850746 0.061 0.17537313432835822
3 0.082 0.6843283582089552 0.0555 0.1761194029850746
3 0.0705 0.9432835820895522 0.1325 0.11343283582089553
3 0.0545 0.35522388059701493 0.036 0.10298507462686567
3 0.3685 0.46567164179104475 0.0455 0.11791044776119403
3 0.3415 0.3917910447761194 0.041 0.09402985074626866
3 0.3685 0.4634328358208955 0.036 0.10149253731343283
2 0.117 0.3701492537313433 0.0505 0.055970149253731345
3 0.116 0.34626865671641793 0.024 0.08432835820895522
2 0.1875 0.3611940298507463 0.041 0.07164179104477612
3 0.19 0.32238805970149254 0.0215 0.08059701492537313