1 0.237 0.8037313432835821 0.4735 0.26343283582089555
2 0.9165 0.9350746268656717 0.1665 0.1291044776119403
2 0.878 0.65 0.141 0.10820895522388059
2 0.736 0.6291044776119403 0.1445 0.12388059701492538
2 0.896 0.5559701492537313 0.1225 0.10149253731343283
2 0.5275 0.6462686567164179 0.1505 0.10746268656716418
2 0.3285 0.6395522388059701 0.1465 0.10149253731343283
2 0.7215 0.95 0.2115 0.09925373134328358
2 0.2265 0.9425373134328359 0.1565 0.11417910447761194
2 0.4675 0.5850746268656717 0.1105 0.10522388059701493
2 0.0995 0.6335820895522388 0.149 0.10223880597014925
2 0.388 0.5447761194029851 0.0525 0.0962686567164179
3 0.734 0.926865671641791 0.085 0.13805970149253732
3 0.945 0.8917910447761194 0.076 0.12164179104477611
3 0.8765 0.6014925373134329 0.0675 0.10597014925373134
3 0.736 0.5716417910447761 0.0705 0.1
3 0.8955 0.5044776119402985 0.0535 0.0791044776119403
3 0.5215 0.585820895522388 0.0525 0.08880597014925373
3 0.474 0.5305970149253731 0.042 0.0873134328358209
3 0.2095 0.9097014925373135 0.0915 0.13955223880597015
3 0.5495 0.9783582089552239 0.069 0.04328358208955224