1 0.2775 0.9507462686567164 0.555 0.09776119402985074
1 0.1765 0.3753731343283582 0.1735 0.13507462686567165
1 0.494 0.43208955223880596 0.207 0.13507462686567165
1 0.469 0.24701492537313433 0.0595 0.07761194029850746
2 0.8855 0.9216417910447762 0.145 0.15671641791044777
2 0.3945 0.7977611940298508 0.1825 0.14626865671641792
2 0.4965 0.7335820895522388 0.1495 0.13656716417910447
2 0.786 0.7201492537313433 0.1655 0.12238805970149254
2 0.3205 0.5880597014925373 0.138 0.0955223880597015
2 0.0935 0.6216417910447761 0.1435 0.1044776119402985
2 0.0555 0.8022388059701493 0.111 0.11791044776119403
2 0.5705 0.564179104477612 0.1435 0.09850746268656717
2 0.445 0.5246268656716417 0.0585 0.0955223880597015
2 0.548 0.5201492537313432 0.131 0.07985074626865672
2 0.691 0.6791044776119403 0.146 0.11940298507462686
2 0.3035 0.44029850746268656 0.0665 0.09850746268656717
3 0.0815 0.5835820895522388 0.062 0.14776119402985075
3 0.0245 0.7582089552238805 0.049 0.18507462686567164
3 0.402 0.7507462686567165 0.078 0.19552238805970149
3 0.5 0.7014925373134329 0.0645 0.18134328358208956
3 0.694 0.65 0.0435 0.191044776119403
3 0.7205 0.6432835820895523 0.0645 0.1798507462686567
3 0.7765 0.5425373134328358 0.053 0.1417910447761194
3 0.7835 0.6873134328358209 0.0665 0.14776119402985075
3 0.903 0.8962686567164179 0.085 0.18880597014925374
3 0.541 0.48208955223880595 0.046 0.11417910447761194
3 0.586 0.5798507462686567 0.055 0.12388059701492538
3 0.3825 0.4671641791044776 0.0435 0.10671641791044777
3 0.333 0.4373134328358209 0.039 0.10820895522388059
3 0.3155 0.5410447761194029 0.0355 0.15074626865671642
3 0.3465 0.5402985074626866 0.045 0.1208955223880597
3 0.439 0.45746268656716416 0.055 0.11567164179104478
3 0.6765 0.5522388059701493 0.0485 0.10298507462686567