1 0.568 0.7985074626865671 0.536 0.3783582089552239
4 0.378 0.5529850746268656 0.2415 0.24850746268656718
1 0.7075 0.3529850746268657 0.104 0.1917910447761194
1 0.404 0.17388059701492536 0.0465 0.07313432835820896
2 0.9745 0.744776119402985 0.051 0.11343283582089553
2 0.9115 0.6888059701492537 0.1255 0.10597014925373134
2 0.785 0.6059701492537314 0.107 0.09477611940298507
2 0.6215 0.5619402985074626 0.059 0.08358208955223881
2 0.894 0.6320895522388059 0.111 0.10149253731343283
3 0.759 0.4298507462686567 0.0395 0.08059701492537313
3 0.9065 0.5708955223880597 0.048 0.08955223880597014
3 0.929 0.6208955223880597 0.0495 0.09402985074626866
3 0.6285 0.4880597014925373 0.05 0.08134328358208955