1 0.785 0.8104477611940298 0.43 0.29776119402985074
3 0.2925 0.9253731343283582 0.072 0.13955223880597015
3 0.472 0.9544776119402985 0.0805 0.09104477611940298
3 0.595 0.9291044776119403 0.091 0.141044776119403
3 0.843 0.6067164179104477 0.056 0.1126865671641791
3 0.176 0.9291044776119403 0.0795 0.1328358208955224
3 0.963 0.9305970149253732 0.074 0.13880597014925372
3 0.466 0.6492537313432836 0.065 0.10522388059701493
3 0.254 0.7231343283582089 0.062 0.11119402985074626
3 0.198 0.7343283582089553 0.051 0.11044776119402985
3 0.0445 0.6395522388059701 0.06 0.10895522388059702
2 0.177 0.5917910447761194 0.062 0.10970149253731343
2 0.4775 0.7171641791044776 0.1825 0.12611940298507462
2 0.268 0.7947761194029851 0.169 0.13134328358208955
2 0.0715 0.7044776119402985 0.1425 0.11119402985074626
2 0.513 0.5895522388059702 0.141 0.10149253731343283