1 0.437 0.9537313432835821 0.5935 0.09179104477611941
1 0.2055 0.7746268656716417 0.4105 0.28134328358208954
2 0.611 0.7067164179104478 0.16 0.10895522388059702
2 0.122 0.9537313432835821 0.073 0.09179104477611941
2 0.9025 0.9574626865671642 0.069 0.08432835820895522
2 0.9635 0.6544776119402985 0.073 0.09925373134328358
2 0.8655 0.5977611940298507 0.12 0.0880597014925373
2 0.708 0.6119402985074627 0.1255 0.11044776119402985
2 0.478 0.5761194029850746 0.068 0.09029850746268657
3 0.7085 0.5485074626865671 0.05 0.08059701492537313
3 0.6275 0.6388059701492538 0.0565 0.07462686567164178
3 0.042 0.908955223880597 0.0765 0.12313432835820895
3 0.935 0.8746268656716418 0.0705 0.13507462686567165
3 0.3985 0.5753731343283582 0.0385 0.10671641791044777