1 0.174 0.7902985074626866 0.3465 0.3111940298507463
1 0.607 0.20522388059701493 0.036 0.05522388059701493
1 0.4805 0.2082089552238806 0.047 0.05223880597014925
2 0.336 0.6156716417910447 0.1395 0.09925373134328358
2 0.1375 0.3977611940298508 0.062 0.07313432835820896
2 0.304 0.4126865671641791 0.0505 0.11641791044776119
1 0.482 0.1664179104477612 0.0345 0.033582089552238806
1 0.5465 0.15970149253731344 0.033 0.03955223880597015
1 0.787 0.7686567164179104 0.426 0.3902985074626866
2 0.4905 0.6686567164179105 0.215 0.13582089552238805
1 0.4215 0.21194029850746268 0.0545 0.09850746268656717
3 0.4975 0.6402985074626866 0.081 0.208955223880597
3 0.3385 0.5723880597014925 0.071 0.1582089552238806
3 0.1675 0.5440298507462686 0.073 0.16940298507462687
3 0.114 0.5320895522388059 0.068 0.16865671641791044
3 0.027 0.5723880597014925 0.0535 0.13955223880597015
3 0.1345 0.3738805970149254 0.0425 0.11567164179104478
3 0.7315 0.5701492537313433 0.096 0.1455223880597015
3 0.9465 0.5276119402985074 0.084 0.13582089552238805