1 0.177 0.8276119402985075 0.3535 0.34253731343283583
1 0.6575 0.6291044776119403 0.17 0.20373134328358208
1 0.973 0.7261194029850746 0.054 0.28507462686567164
1 0.919 0.41865671641791047 0.162 0.13432835820895522
3 0.502 0.41044776119402987 0.048 0.11940298507462686
3 0.3445 0.9626865671641791 0.0725 0.07388059701492537
3 0.7735 0.641044776119403 0.0475 0.12014925373134329
3 0.8885 0.6574626865671642 0.058 0.11865671641791045
3 0.835 0.5276119402985074 0.043 0.08358208955223881
3 0.806 0.45 0.045 0.06044776119402985
2 0.762 0.7395522388059701 0.053 0.10820895522388059
2 0.882 0.746268656716418 0.0485 0.1044776119402985