3 0.7515 0.5880597014925373 0.052 0.10597014925373134
2 0.749 0.6514925373134328 0.0495 0.08656716417910448
2 0.4735 0.28582089552238804 0.026 0.07835820895522388
2 0.784 0.34626865671641793 0.0275 0.03955223880597015
3 0.83 0.3208955223880597 0.0275 0.07462686567164178
3 0.781 0.3283582089552239 0.0345 0.0791044776119403
3 0.059 0.9716417910447761 0.118 0.056716417910447764
3 0.9925 0.2126865671641791 0.015 0.06194029850746269
2 0.119 0.39552238805970147 0.0945 0.0708955223880597
2 0.0085 0.43283582089552236 0.017 0.07761194029850746
3 0.4775 0.25970149253731345 0.0345 0.03731343283582089
3 0.4175 0.22761194029850745 0.0245 0.041044776119402986
3 0.4385 0.1761194029850746 0.0165 0.020895522388059702
3 0.6955 0.491044776119403 0.036 0.11641791044776119
3 0.116 0.373134328358209 0.0465 0.09850746268656717
2 0.414 0.26417910447761195 0.0385 0.05223880597014925
2 0.6845 0.5544776119402985 0.0525 0.07313432835820896
2 0.6795 0.2 0.021 0.057462686567164176
1 0.4865 0.12462686567164179 0.0315 0.03656716417910448
2 0.469 0.1537313432835821 0.0185 0.048507462686567165