1 0.578 0.6305970149253731 0.382 0.21940298507462686
1 0.3615 0.8537313432835821 0.595 0.29253731343283584
2 0.7375 0.9111940298507463 0.2245 0.17686567164179104
2 0.9235 0.8164179104477612 0.1525 0.19029850746268656
2 0.757 0.7820895522388059 0.151 0.10522388059701493
2 0.2195 0.5664179104477612 0.1625 0.09701492537313433
3 0.1915 0.5649253731343283 0.075 0.1917910447761194
3 0.1755 0.6776119402985075 0.06 0.22014925373134328
3 0.7015 0.8328358208955224 0.118 0.2380597014925373
3 0.7555 0.7373134328358208 0.078 0.15223880597014924
3 0.9335 0.7477611940298508 0.069 0.18358208955223881
3 0.9905 0.5283582089552239 0.019 0.17164179104477612
2 0.9545 0.558955223880597 0.091 0.11194029850746269
3 0.576 0.40298507462686567 0.0305 0.14402985074626865
2 0.5535 0.43208955223880596 0.149 0.13582089552238805
1 0.5775 0.16567164179104477 0.0745 0.11791044776119403
4 0.543 0.09776119402985074 0.0585 0.10671641791044777