3 0.4505 0.5776119402985075 0.071 0.16865671641791044
3 0.255 0.5164179104477612 0.0265 0.11119402985074626
3 0.207 0.6052238805970149 0.0325 0.12985074626865672
3 0.1745 0.5813432835820895 0.0275 0.12238805970149254
3 0.26 0.9029850746268657 0.086 0.19328358208955224
3 0.748 0.6350746268656716 0.0625 0.17761194029850746
3 0.808 0.5253731343283582 0.0315 0.1417910447761194
3 0.7755 0.5231343283582089 0.041 0.13582089552238805
3 0.934 0.5044776119402985 0.0375 0.1582089552238806
3 0.8055 0.3574626865671642 0.0385 0.12686567164179105
3 0.885 0.3373134328358209 0.041 0.08432835820895522
3 0.359 0.2917910447761194 0.0275 0.09029850746268657
2 0.744 0.6783582089552239 0.1955 0.10522388059701493
2 0.4695 0.6253731343283582 0.147 0.1373134328358209
2 0.2185 0.6276119402985074 0.1325 0.11492537313432835
2 0.256 0.5723880597014925 0.1085 0.10522388059701493
2 0.243 0.9522388059701492 0.24 0.0955223880597015
2 0.031 0.9447761194029851 0.062 0.11044776119402985
2 0.968 0.7201492537313433 0.0635 0.10298507462686567
2 0.954 0.9470149253731344 0.092 0.10522388059701493
2 0.93 0.5350746268656716 0.135 0.09925373134328358
2 0.8805 0.3716417910447761 0.094 0.06791044776119402
2 0.959 0.41865671641791047 0.082 0.0880597014925373
1 0.165 0.7440298507462687 0.33 0.2962686567164179
2 0.353 0.3365671641791045 0.088 0.05298507462686567
2 0.459 0.3246268656716418 0.035 0.05895522388059701
3 0.4665 0.2753731343283582 0.0325 0.04552238805970149