0 0.776 0.4917910447761194 0.448 0.3447761194029851
1 0.079 0.9492537313432836 0.158 0.10149253731343283
1 0.325 0.7253731343283583 0.331 0.24253731343283583
1 0.8755 0.8119402985074626 0.2485 0.2947761194029851
1 0.427 0.21641791044776118 0.047 0.07164179104477612
2 0.05 0.5656716417910448 0.1 0.09104477611940298
2 0.734 0.7022388059701492 0.157 0.10597014925373134
2 0.4435 0.34626865671641793 0.03 0.0708955223880597
2 0.2775 0.3044776119402985 0.021 0.055970149253731345
2 0.205 0.3417910447761194 0.053 0.058208955223880594
3 0.747 0.6701492537313433 0.0545 0.15970149253731344