3 0.725 0.585820895522388 0.046 0.1417910447761194
3 0.5285 0.7104477611940299 0.0435 0.1664179104477612
3 0.6895 0.9007462686567164 0.0875 0.16865671641791044
3 0.3905 0.9462686567164179 0.075 0.10746268656716418
3 0.179 0.9253731343283582 0.086 0.14925373134328357
3 0.306 0.5753731343283582 0.031 0.15223880597014924
3 0.331 0.585820895522388 0.0345 0.1417910447761194
3 0.2475 0.667910447761194 0.04 0.16492537313432837
3 0.0975 0.5492537313432836 0.0345 0.08582089552238806
3 0.1335 0.5 0.055 0.1
3 0.0375 0.376865671641791 0.031 0.07611940298507462
3 0.507 0.5328358208955224 0.0425 0.09701492537313433
3 0.4515 0.6134328358208955 0.0505 0.11791044776119403
3 0.9775 0.5604477611940298 0.0415 0.10298507462686567
3 0.986 0.7082089552238806 0.028 0.15074626865671642
3 0.4715 0.3746268656716418 0.038 0.06492537313432836
3 0.5245 0.3522388059701492 0.0285 0.05522388059701493
3 0.379 0.3753731343283582 0.032 0.06343283582089553
2 0.2625 0.7014925373134329 0.114 0.11716417910447761
2 0.508 0.746268656716418 0.1745 0.12835820895522387
2 0.2085 0.9552238805970149 0.231 0.08955223880597014
2 0.442 0.9679104477611941 0.054 0.06417910447761194
2 0.686 0.9425373134328359 0.2135 0.11492537313432835
2 0.9485 0.7402985074626866 0.102 0.12686567164179105
2 0.7075 0.6268656716417911 0.1495 0.11417910447761194
2 0.916 0.5895522388059702 0.0655 0.1208955223880597
2 0.4435 0.6813432835820895 0.147 0.10149253731343283
2 0.377 0.41567164179104477 0.0435 0.07761194029850746
2 0.474 0.4305970149253731 0.0425 0.0873134328358209
2 0.5285 0.40223880597014927 0.039 0.07611940298507462
2 0.0415 0.42388059701492536 0.0825 0.050746268656716415
2 0.2965 0.291044776119403 0.039 0.055970149253731345
2 0.358 0.3582089552238806 0.0285 0.04626865671641791
2 0.671 0.3074626865671642 0.0345 0.04328358208955224