3 0.4555 0.923134328358209 0.1355 0.1537313432835821
3 0.0845 0.5962686567164179 0.06 0.1291044776119403
2 0.0895 0.667910447761194 0.0515 0.10074626865671642
2 0.8085 0.34626865671641793 0.053 0.0708955223880597
2 0.5215 0.3291044776119403 0.0365 0.07014925373134329
2 0.234 0.5694029850746268 0.05 0.11791044776119403
2 0.704 0.3201492537313433 0.0395 0.07313432835820896
2 0.198 0.341044776119403 0.02 0.04477611940298507
1 0.581 0.1328358208955224 0.0465 0.0664179104477612
2 0.43 0.9492537313432836 0.106 0.10149253731343283
4 0.5205 0.14701492537313432 0.073 0.1582089552238806