2 0.6935 0.7455223880597015 0.206 0.1455223880597015
2 0.337 0.9246268656716418 0.28 0.15074626865671642
2 0.56 0.8298507462686567 0.1875 0.18208955223880596
2 0.445 0.594776119402985 0.172 0.11940298507462686
2 0.228 0.6619402985074627 0.171 0.11044776119402985
2 0.339 0.7820895522388059 0.156 0.12313432835820895
2 0.0965 0.8104477611940298 0.164 0.14402985074626865
2 0.0635 0.6522388059701493 0.1265 0.10671641791044777
2 0.6885 0.5559701492537313 0.1295 0.0962686567164179
1 0.588 0.2298507462686567 0.073 0.09402985074626866
1 0.5465 0.15970149253731344 0.0315 0.07164179104477612
3 0.679 0.5246268656716417 0.0605 0.18059701492537314
3 0.6635 0.7037313432835821 0.08 0.15970149253731344
3 0.539 0.7880597014925373 0.0925 0.20597014925373133
3 0.442 0.558955223880597 0.0455 0.14253731343283582
3 0.3165 0.741044776119403 0.081 0.15149253731343285
3 0.1895 0.6126865671641791 0.0605 0.23582089552238805
3 0.3215 0.8858208955223881 0.054 0.22835820895522388
3 0.074 0.7791044776119403 0.105 0.24328358208955222
3 0.0435 0.5955223880597015 0.087 0.12462686567164179
3 0.937 0.39477611940298507 0.0385 0.09402985074626866
3 0.8525 0.4014925373134328 0.05 0.12761194029850748
3 0.6645 0.42014925373134326 0.0405 0.08880597014925373
3 0.502 0.3253731343283582 0.0455 0.056716417910447764
3 0.265 0.29701492537313434 0.0385 0.06044776119402985
3 0.32 0.23880597014925373 0.032 0.06119402985074627