3 0.225 0.31492537313432833 0.039 0.08880597014925373
1 0.402 0.20223880597014926 0.041 0.055970149253731345
4 0.479 0.14402985074626865 0.043 0.04776119402985075
1 0.8085 0.8007462686567164 0.3145 0.39850746268656717
1 0.1625 0.932089552238806 0.3245 0.13582089552238805
2 0.129 0.6805970149253732 0.1495 0.11865671641791045
3 0.134 0.594776119402985 0.0745 0.16940298507462687
3 0.928 0.5529850746268656 0.0335 0.14626865671641792
2 0.225 0.3291044776119403 0.067 0.05447761194029851
2 0.4215 0.3111940298507463 0.0815 0.06791044776119402
2 0.7425 0.3029850746268657 0.07 0.050746268656716415
3 0.743 0.2798507462686567 0.03 0.07537313432835821
2 0.9195 0.5940298507462687 0.1055 0.08432835820895522
1 0.4685 0.20597014925373133 0.0505 0.0664179104477612
3 0.8885 0.382089552238806 0.0265 0.09029850746268657
1 0.539 0.1664179104477612 0.042 0.08059701492537313