3 0.3005 0.6082089552238806 0.077 0.1746268656716418
3 0.4285 0.5932835820895522 0.0575 0.14776119402985075
3 0.563 0.5977611940298507 0.0595 0.14477611940298507
3 0.6225 0.4917910447761194 0.0485 0.12238805970149254
3 0.2015 0.8201492537313433 0.102 0.2082089552238806
3 0.0225 0.7208955223880597 0.045 0.21567164179104478
3 0.0295 0.4082089552238806 0.04 0.09850746268656717
3 0.0935 0.36343283582089553 0.04 0.11119402985074626
3 0.2245 0.31716417910447764 0.0355 0.09179104477611941
3 0.302 0.3641791044776119 0.039 0.10970149253731343
2 0.298 0.6373134328358209 0.1045 0.16044776119402984
2 0.2195 0.85 0.186 0.191044776119403
2 0.427 0.6298507462686567 0.093 0.15074626865671642
2 0.559 0.6402985074626866 0.0725 0.15447761194029852
2 0.6245 0.5291044776119403 0.04 0.1044776119402985
2 0.0515 0.741044776119403 0.103 0.16865671641791044
2 0.2935 0.3932835820895522 0.038 0.07985074626865672
2 0.0955 0.38283582089552237 0.062 0.0873134328358209
2 0.0375 0.4335820895522388 0.0745 0.07313432835820896
4 0.8245 0.658955223880597 0.341 0.49402985074626865
4 0.8615 0.31865671641791044 0.101 0.11417910447761194
4 0.929 0.3932835820895522 0.114 0.10522388059701493
1 0.494 0.21865671641791046 0.062 0.07164179104477612
1 0.4135 0.21865671641791046 0.0595 0.0664179104477612