1 0.5325 0.8537313432835821 0.6 0.29253731343283584
3 0.112 0.7417910447761195 0.055 0.23432835820895523
3 0.34 0.6694029850746268 0.0665 0.1843283582089552
3 0.553 0.6141791044776119 0.054 0.20223880597014926
3 0.8375 0.5716417910447761 0.057 0.16417910447761194
3 0.89 0.5626865671641791 0.0335 0.16716417910447762
3 0.905 0.7074626865671642 0.032 0.18134328358208956
1 0.512 0.23582089552238805 0.0675 0.09477611940298507
2 0.108 0.7626865671641792 0.216 0.1373134328358209
2 0.3365 0.6888059701492537 0.1815 0.14328358208955225
2 0.5505 0.6626865671641791 0.2005 0.12313432835820895
2 0.826 0.6194029850746269 0.1605 0.10074626865671642
2 0.919 0.5776119402985075 0.1575 0.10671641791044777
2 0.8875 0.7298507462686568 0.1745 0.12985074626865672
2 0.0705 0.44850746268656716 0.0975 0.08283582089552238