1 0.716 0.2880597014925373 0.1125 0.11940298507462686
1 0.6705 0.5126865671641792 0.1895 0.1843283582089552
1 0.4875 0.21567164179104478 0.0515 0.07611940298507462
4 0.5875 0.8723880597014926 0.796 0.25522388059701495
2 0.1075 0.6850746268656717 0.139 0.141044776119403
2 0.1105 0.9649253731343284 0.147 0.07014925373134329
2 0.4745 0.7067164179104478 0.1055 0.13805970149253732
2 0.3575 0.6888059701492537 0.145 0.14477611940298507
2 0.6905 0.676865671641791 0.1585 0.11791044776119403
2 0.8565 0.6485074626865671 0.1365 0.10970149253731343
2 0.3235 0.5932835820895522 0.123 0.12238805970149254
2 0.5095 0.585820895522388 0.093 0.10298507462686567
2 0.3675 0.4097014925373134 0.0595 0.08432835820895522
2 0.032 0.4052238805970149 0.064 0.05522388059701493
2 0.418 0.3649253731343284 0.039 0.07164179104477612
2 0.882 0.42313432835820897 0.04 0.05522388059701493
2 0.6735 0.3597014925373134 0.023 0.05522388059701493
2 0.545 0.3656716417910448 0.038 0.06791044776119402
2 0.4825 0.3761194029850746 0.0415 0.0664179104477612
3 0.1085 0.6417910447761194 0.0655 0.15447761194029852
3 0.31 0.5447761194029851 0.0645 0.10149253731343283
3 0.3495 0.6544776119402985 0.0645 0.12686567164179105
3 0.3745 0.6343283582089553 0.0505 0.13955223880597015
3 0.478 0.6626865671641791 0.0595 0.12388059701492538
3 0.6945 0.6582089552238806 0.04 0.1791044776119403
3 0.8685 0.608955223880597 0.03 0.13955223880597015
3 0.89 0.5962686567164179 0.038 0.10298507462686567
3 0.9365 0.5537313432835821 0.0415 0.09402985074626866
3 0.88 0.3753731343283582 0.0275 0.05223880597014925
3 0.675 0.31716417910447764 0.0355 0.06044776119402985
3 0.512 0.5358208955223881 0.038 0.1
3 0.4825 0.5358208955223881 0.039 0.08880597014925373
3 0.4435 0.48955223880597015 0.0345 0.1044776119402985
3 0.4655 0.48955223880597015 0.032 0.0955223880597015
3 0.36 0.3537313432835821 0.038 0.06865671641791045
3 0.02 0.3611940298507463 0.0335 0.05522388059701493
3 0.067 0.9365671641791045 0.093 0.11716417910447761
3 0.0205 0.9365671641791045 0.041 0.12388059701492538
3 0.2415 0.2873134328358209 0.039 0.03656716417910448
3 0.3055 0.27238805970149255 0.0345 0.04328358208955224