3 0.2955 0.6723880597014925 0.087 0.13805970149253732
3 0.71 0.5276119402985074 0.0365 0.1373134328358209
3 0.8945 0.6940298507462687 0.0375 0.18134328358208956
3 0.8575 0.6619402985074627 0.06 0.15447761194029852
3 0.4745 0.3761194029850746 0.0375 0.0708955223880597
3 0.101 0.3485074626865672 0.034 0.08507462686567165
2 0.7055 0.5597014925373134 0.093 0.15
2 0.2975 0.7171641791044776 0.133 0.1701492537313433
2 0.891 0.741044776119403 0.141 0.17164179104477612
2 0.4715 0.42014925373134326 0.0555 0.08955223880597014
2 0.103 0.3761194029850746 0.074 0.07611940298507462