1 0.131 0.8746268656716418 0.262 0.2507462686567164
1 0.405 0.22761194029850745 0.0655 0.0955223880597015
2 0.258 0.7171641791044776 0.1645 0.12238805970149254
2 0.0655 0.6686567164179105 0.1285 0.1208955223880597
2 0.321 0.6208955223880597 0.153 0.1291044776119403
2 0.5475 0.6350746268656716 0.153 0.11940298507462686
2 0.4715 0.5798507462686567 0.0585 0.0955223880597015
2 0.4355 0.5231343283582089 0.1265 0.09253731343283582
2 0.7055 0.6753731343283582 0.1515 0.1291044776119403
2 0.883 0.7298507462686568 0.162 0.1335820895522388
2 0.821 0.6522388059701493 0.0745 0.1
2 0.038 0.41492537313432837 0.076 0.08134328358208955
2 0.1845 0.36343283582089553 0.0795 0.07164179104477612
2 0.363 0.33955223880597013 0.0435 0.07462686567164178
2 0.4675 0.3194029850746269 0.03 0.05895522388059701
2 0.5125 0.31791044776119404 0.032 0.06492537313432836
2 0.958 0.4141791044776119 0.0825 0.08582089552238806
2 0.863 0.3746268656716418 0.062 0.07611940298507462
3 0.261 0.7 0.0575 0.19029850746268656
3 0.0485 0.6432835820895523 0.071 0.16044776119402984
3 0.307 0.5925373134328358 0.039 0.16343283582089552
3 0.3385 0.591044776119403 0.068 0.14925373134328357
3 0.4385 0.5097014925373134 0.0515 0.13208955223880597
3 0.507 0.5552238805970149 0.0425 0.12238805970149254
3 0.5465 0.5791044776119403 0.077 0.1843283582089552
3 0.584 0.5940298507462687 0.0565 0.15447761194029852
3 0.5515 0.5992537313432836 0.0485 0.1664179104477612
3 0.72 0.6432835820895523 0.0585 0.1746268656716418
3 0.877 0.6223880597014926 0.0515 0.13059701492537312
3 0.89 0.7029850746268657 0.045 0.16716417910447762
3 0.93 0.7022388059701492 0.063 0.14925373134328357
3 0.4635 0.28134328358208954 0.024 0.04776119402985075
3 0.512 0.2835820895522388 0.031 0.03805970149253731
3 0.3635 0.3044776119402985 0.031 0.05522388059701493
3 0.176 0.33880597014925373 0.0485 0.09179104477611941
3 0.032 0.3880597014925373 0.0345 0.10149253731343283
3 0.8665 0.33880597014925373 0.032 0.08283582089552238
3 0.959 0.37089552238805973 0.0425 0.08283582089552238
3 0.7255 0.2902985074626866 0.0265 0.06044776119402985