3 0.1915 0.6014925373134329 0.054 0.1335820895522388
3 0.361 0.6022388059701492 0.069 0.14626865671641792
3 0.4975 0.7074626865671642 0.069 0.19850746268656716
3 0.0515 0.6365671641791045 0.062 0.15895522388059702
3 0.1705 0.6977611940298507 0.0955 0.14925373134328357
3 0.2545 0.8134328358208955 0.061 0.23955223880597015
3 0.5405 0.835820895522388 0.0955 0.1746268656716418
3 0.8635 0.7238805970149254 0.0655 0.1873134328358209
3 0.91 0.5738805970149253 0.0505 0.16343283582089552
3 0.9505 0.5850746268656717 0.038 0.1537313432835821
3 0.741 0.5432835820895522 0.0505 0.13507462686567165
3 0.7755 0.55 0.0485 0.17164179104477612
3 0.768 0.4082089552238806 0.0495 0.1044776119402985
1 0.563 0.48656716417910445 0.2205 0.1925373134328358
1 0.651 0.29701492537313434 0.093 0.09850746268656717
1 0.466 0.24328358208955222 0.061 0.06791044776119402
4 0.5565 0.15 0.0585 0.08283582089552238
2 0.2655 0.8462686567164179 0.1955 0.13656716417910447
2 0.5335 0.8694029850746269 0.2125 0.141044776119403
2 0.8325 0.7619402985074627 0.1505 0.11940298507462686
2 0.913 0.6216417910447761 0.1365 0.09253731343283582
2 0.6855 0.732089552238806 0.1665 0.1208955223880597
2 0.184 0.7432835820895523 0.1035 0.16343283582089552
2 0.373 0.6305970149253731 0.1185 0.14925373134328357
2 0.2105 0.6238805970149254 0.1335 0.10522388059701493
2 0.067 0.6582089552238806 0.134 0.11641791044776119
2 0.032 0.75 0.064 0.10298507462686567
2 0.4885 0.7477611940298508 0.1675 0.11716417910447761