4 0.426 0.36268656716417913 0.092 0.1843283582089552
1 0.7755 0.5149253731343284 0.287 0.23955223880597015
2 0.8675 0.75 0.177 0.2
2 0.533 0.8656716417910447 0.1355 0.21417910447761193
2 0.6715 0.8365671641791045 0.1 0.20671641791044776
2 0.541 0.48880597014925375 0.085 0.1253731343283582
2 0.13 0.3925373134328358 0.069 0.0791044776119403
2 0.091 0.37910447761194027 0.0485 0.08283582089552238
2 0.5655 0.39850746268656717 0.078 0.09029850746268657
1 0.424 0.24850746268656718 0.076 0.057462686567164176
3 0.544 0.8238805970149253 0.0815 0.20671641791044776
3 0.669 0.7880597014925373 0.0565 0.15223880597014924
3 0.8615 0.7097014925373134 0.0645 0.2208955223880597
3 0.7265 0.3962686567164179 0.047 0.05223880597014925
3 0.5405 0.4619402985074627 0.047 0.13805970149253732
3 0.0975 0.3365671641791045 0.039 0.07014925373134329
3 0.1305 0.3656716417910448 0.0355 0.1044776119402985
3 0.6435 0.332089552238806 0.046 0.09029850746268657