1 0.514 0.21343283582089553 0.0505 0.07462686567164178
1 0.1945 0.8156716417910448 0.389 0.33432835820895523
1 0.706 0.6574626865671642 0.3375 0.23955223880597015
4 0.585 0.17164179104477612 0.0505 0.06940298507462686
1 0.5855 0.21865671641791046 0.048 0.06567164179104477
1 0.3515 0.27238805970149255 0.0855 0.0955223880597015
2 0.732 0.8477611940298507 0.1445 0.1761194029850746
3 0.7435 0.8134328358208955 0.0785 0.1664179104477612
2 0.8635 0.3611940298507463 0.062 0.07238805970149254
3 0.863 0.33507462686567163 0.022 0.0880597014925373
2 0.982 0.514179104477612 0.036 0.0791044776119403
2 0.3265 0.7164179104477612 0.1495 0.13059701492537312
3 0.312 0.6485074626865671 0.0555 0.11119402985074626
2 0.375 0.6067164179104477 0.055 0.12611940298507462
2 0.4145 0.5350746268656716 0.056 0.11641791044776119
2 0.308 0.5186567164179104 0.049 0.1
3 0.247 0.5925373134328358 0.041 0.15522388059701492
3 0.3735 0.5671641791044776 0.0395 0.11044776119402985
3 0.413 0.48955223880597015 0.04 0.10597014925373134
3 0.31 0.49029850746268655 0.0345 0.10746268656716418
4 0.5855 0.1701492537313433 0.0435 0.07164179104477612