1 0.281 0.9649253731343284 0.562 0.07014925373134329
1 0.172 0.38656716417910447 0.179 0.13955223880597015
1 0.5 0.44477611940298506 0.2135 0.13955223880597015
1 0.474 0.25298507462686565 0.0615 0.07985074626865672
2 0.903 0.9343283582089552 0.149 0.13134328358208955
2 0.3975 0.823134328358209 0.1885 0.15149253731343285
2 0.5025 0.7567164179104477 0.154 0.141044776119403
2 0.801 0.7425373134328358 0.171 0.12686567164179105
2 0.321 0.6059701492537314 0.1425 0.09925373134328358
2 0.0865 0.641044776119403 0.148 0.10746268656716418
2 0.0525 0.8276119402985075 0.105 0.12164179104477611
2 0.579 0.5813432835820895 0.148 0.10223880597014925
2 0.4495 0.5402985074626866 0.0605 0.09925373134328358
2 0.5555 0.5358208955223881 0.135 0.08283582089552238
2 0.7035 0.7 0.1505 0.12388059701492538
2 0.303 0.45298507462686566 0.069 0.10223880597014925
3 0.074 0.6007462686567164 0.064 0.15298507462686567
3 0.02 0.7798507462686567 0.04 0.18955223880597014
3 0.405 0.7746268656716417 0.0805 0.20223880597014926
3 0.506 0.7231343283582089 0.0665 0.1880597014925373
3 0.706 0.6701492537313433 0.045 0.19776119402985073
3 0.7335 0.6626865671641791 0.0665 0.1865671641791045
3 0.7915 0.558955223880597 0.0545 0.14701492537313432
3 0.799 0.7089552238805971 0.069 0.15298507462686567
3 0.9215 0.9134328358208955 0.0885 0.17313432835820897
3 0.5485 0.4962686567164179 0.0475 0.11791044776119403
3 0.595 0.5977611940298507 0.057 0.12835820895522387
3 0.385 0.48059701492537316 0.045 0.11044776119402985
3 0.334 0.45 0.0405 0.11194029850746269
3 0.3155 0.5574626865671641 0.037 0.15597014925373134
3 0.3475 0.5567164179104478 0.046 0.1253731343283582
3 0.443 0.4708955223880597 0.057 0.11940298507462686
3 0.6885 0.5686567164179105 0.05 0.10597014925373134