1 0.2745 0.8082089552238806 0.504 0.2746268656716418
2 0.9505 0.9373134328358209 0.099 0.1253731343283582
2 0.938 0.6440298507462686 0.124 0.11492537313432835
2 0.7995 0.6238805970149254 0.15 0.1291044776119403
2 0.9515 0.5477611940298508 0.097 0.10597014925373134
2 0.583 0.6417910447761194 0.1565 0.11194029850746269
2 0.377 0.6350746268656716 0.152 0.10522388059701493
2 0.7855 0.9529850746268657 0.219 0.09402985074626866
2 0.271 0.9455223880597015 0.1625 0.10895522388059702
2 0.521 0.5783582089552238 0.115 0.10970149253731343
2 0.139 0.6283582089552239 0.1545 0.10671641791044777
2 0.4385 0.5358208955223881 0.0545 0.1
3 0.7985 0.9313432835820895 0.0865 0.1373134328358209
3 0.9895 0.8962686567164179 0.021 0.12462686567164179
3 0.9455 0.594776119402985 0.07 0.10970149253731343
3 0.7995 0.564179104477612 0.0735 0.1044776119402985
3 0.965 0.49402985074626865 0.0555 0.08208955223880597
3 0.5775 0.5791044776119403 0.0545 0.09253731343283582
3 0.5275 0.5216417910447761 0.0435 0.09104477611940298
3 0.2535 0.9164179104477612 0.095 0.1455223880597015
3 0.6055 0.9828358208955223 0.0715 0.033582089552238806