3 0.129 0.9455223880597015 0.086 0.10895522388059702
3 0.3395 0.7380597014925373 0.059 0.1917910447761194
3 0.299 0.75 0.0575 0.17761194029850746
3 0.1565 0.6111940298507462 0.0515 0.14925373134328357
3 0.5545 0.6507462686567164 0.044 0.16044776119402984
3 0.5195 0.655223880597015 0.0595 0.15746268656716417
3 0.654 0.7149253731343284 0.0695 0.191044776119403
3 0.886 0.676865671641791 0.0545 0.16492537313432837
3 0.806 0.5828358208955224 0.047 0.15074626865671642
3 0.561 0.41194029850746267 0.0375 0.10746268656716418
3 0.034 0.6753731343283582 0.0585 0.1701492537313433
2 0.973 0.8208955223880597 0.054 0.08955223880597014
2 0.865 0.7164179104477612 0.1615 0.11865671641791045
2 0.6445 0.746268656716418 0.1855 0.1373134328358209
2 0.508 0.6888059701492537 0.167 0.11194029850746269
2 0.299 0.7828358208955224 0.1915 0.14029850746268657
2 0.0575 0.7119402985074627 0.115 0.1328358208955224
2 0.1545 0.6388059701492538 0.1425 0.11567164179104478
2 0.0205 0.5955223880597015 0.041 0.07014925373134329
2 0.0165 0.41492537313432837 0.033 0.07537313432835821
2 0.797 0.6171641791044776 0.1355 0.09850746268656717
2 0.686 0.44402985074626866 0.043 0.09328358208955224