0 0.4 0.5253731343283582 0.7995 0.39477611940298507
1 0.233 0.7649253731343284 0.434 0.2865671641791045
1 0.9025 0.7529850746268657 0.195 0.25522388059701495
2 0.522 0.9223880597014925 0.193 0.15447761194029852
2 0.71 0.9313432835820895 0.18 0.1373134328358209
2 0.222 0.9216417910447762 0.184 0.15671641791044777
2 0.098 0.9731343283582089 0.0785 0.05373134328358209
2 0.852 0.9238805970149254 0.1485 0.15223880597014924
3 0.711 0.8992537313432836 0.0835 0.2007462686567164
3 0.5185 0.8917910447761194 0.084 0.19402985074626866
3 0.272 0.9373134328358209 0.112 0.1253731343283582
3 0.3975 0.9522388059701492 0.095 0.09477611940298507
3 0.21 0.9014925373134328 0.0665 0.19552238805970149
3 0.045 0.9567164179104478 0.074 0.08582089552238806
3 0.8625 0.9059701492537313 0.072 0.1880597014925373
3 0.905 0.49402985074626865 0.0315 0.11492537313432835
2 0.3115 0.9537313432835821 0.074 0.09253731343283582
2 0.8585 0.36343283582089553 0.057 0.0708955223880597
2 0.746 0.29402985074626864 0.0425 0.05298507462686567
2 0.435 0.29253731343283584 0.0275 0.056716417910447764
2 0.3975 0.2865671641791045 0.0215 0.05522388059701493
2 0.3035 0.30970149253731344 0.0315 0.027611940298507463
2 0.248 0.30522388059701494 0.0405 0.041044776119402986
3 0.2495 0.2955223880597015 0.0245 0.06119402985074627
3 0.302 0.2955223880597015 0.0225 0.06716417910447761
3 0.397 0.2708955223880597 0.021 0.07014925373134329
3 0.44 0.2664179104477612 0.0165 0.03880597014925373
3 0.754 0.2738805970149254 0.0245 0.057462686567164176
3 0.8675 0.33880597014925373 0.028 0.06044776119402985
2 0.8905 0.5082089552238805 0.1015 0.08507462686567165
2 0.962 0.5791044776119403 0.076 0.10970149253731343
3 0.987 0.5694029850746268 0.026 0.1208955223880597
1 0.4855 0.21119402985074626 0.0485 0.07238805970149254
1 0.4275 0.20373134328358208 0.038 0.05149253731343283
2 0.5085 0.24477611940298508 0.022 0.03582089552238806
2 0.5115 0.2291044776119403 0.012 0.049253731343283584