2 0.2255 0.8485074626865672 0.187 0.16716417910447762
2 0.547 0.5104477611940299 0.076 0.10074626865671642
3 0.9585 0.8328358208955224 0.0825 0.21567164179104478
1 0.354 0.36268656716417913 0.151 0.13059701492537312
2 0.091 0.3925373134328358 0.0645 0.07611940298507462
3 0.089 0.3574626865671642 0.026 0.0880597014925373
2 0.1855 0.3664179104477612 0.0555 0.07238805970149254
3 0.1885 0.3485074626865672 0.023 0.0955223880597015
3 0.194 0.3156716417910448 0.0215 0.05373134328358209
3 0.5355 0.47388059701492535 0.048 0.10895522388059702
3 0.557 0.467910447761194 0.046 0.11492537313432835
3 0.223 0.8126865671641791 0.075 0.18059701492537314