3 0.301 0.6052238805970149 0.078 0.17761194029850746
3 0.4315 0.5902985074626865 0.0585 0.15074626865671642
3 0.568 0.594776119402985 0.0605 0.14776119402985075
3 0.6285 0.48656716417910445 0.049 0.12462686567164179
3 0.201 0.8216417910447761 0.104 0.2126865671641791
3 0.02 0.7194029850746269 0.0395 0.21940298507462686
3 0.026 0.4014925373134328 0.041 0.10074626865671642
3 0.091 0.3559701492537313 0.041 0.11343283582089553
3 0.224 0.30895522388059704 0.036 0.09328358208955224
3 0.303 0.3567164179104478 0.0395 0.11194029850746269
2 0.299 0.6350746268656716 0.106 0.16343283582089552
2 0.219 0.8522388059701492 0.189 0.1947761194029851
2 0.4295 0.6276119402985074 0.0945 0.1537313432835821
2 0.564 0.6380597014925373 0.0735 0.15746268656716417
2 0.6305 0.5246268656716417 0.041 0.10597014925373134
2 0.0495 0.7402985074626866 0.099 0.17313432835820897
2 0.294 0.38656716417910447 0.0385 0.08208955223880597
2 0.093 0.3753731343283582 0.063 0.08880597014925373
2 0.0355 0.4246268656716418 0.071 0.07611940298507462
4 0.829 0.655223880597015 0.342 0.5014925373134328
4 0.8715 0.31044776119402984 0.1025 0.11641791044776119
4 0.9395 0.38656716417910447 0.1155 0.10746268656716418
1 0.498 0.2082089552238806 0.063 0.07313432835820896
1 0.416 0.2082089552238806 0.0605 0.06716417910447761