1 0.023 0.48208955223880595 0.046 0.10149253731343283
1 0.5745 0.20597014925373133 0.046 0.050746268656716415
1 0.5085 0.191044776119403 0.034 0.03208955223880597
1 0.9645 0.7828358208955224 0.068 0.24850746268656718
4 0.579 0.7753731343283582 0.724 0.4417910447761194
2 0.15 0.6261194029850746 0.1485 0.12238805970149254
2 0.643 0.5059701492537313 0.084 0.07985074626865672
3 0.607 0.4761194029850746 0.0495 0.12611940298507462
3 0.541 0.5171641791044777 0.0675 0.10671641791044777
3 0.8095 0.5761194029850746 0.0855 0.07462686567164178
3 0.476 0.5485074626865671 0.048 0.0626865671641791
3 0.127 0.5917910447761194 0.0295 0.14029850746268657