1 0.3935 0.2335820895522388 0.0655 0.08507462686567165
3 0.7825 0.30895522388059704 0.0285 0.06492537313432836
3 0.3025 0.33059701492537313 0.0295 0.0708955223880597
2 0.5855 0.4619402985074627 0.0585 0.08507462686567165
1 0.51 0.11044776119402985 0.0235 0.02164179104477612
4 0.8715 0.5507462686567164 0.255 0.4171641791044776
2 0.0685 0.4373134328358209 0.09 0.09029850746268657
3 0.063 0.4052238805970149 0.0475 0.1126865671641791
2 0.1625 0.3805970149253731 0.0755 0.07686567164179105
3 0.1565 0.35522388059701493 0.032 0.08880597014925373
3 0.5785 0.41940298507462687 0.0245 0.10223880597014925