1 0.8865 0.7873134328358209 0.227 0.24402985074626865
1 0.8415 0.9373134328358209 0.317 0.1253731343283582
1 0.5305 0.19029850746268656 0.0405 0.07014925373134329
3 0.375 0.36716417910447763 0.0485 0.12014925373134329
3 0.3395 0.6007462686567164 0.052 0.09402985074626866
3 0.0635 0.5634328358208955 0.047 0.09104477611940298
3 0.5015 0.5582089552238806 0.0325 0.10373134328358209
3 0.541 0.5559701492537313 0.0415 0.09402985074626866
3 0.6565 0.6201492537313433 0.0725 0.10597014925373134
3 0.9255 0.5895522388059702 0.063 0.09850746268656717
3 0.849 0.31343283582089554 0.0265 0.0664179104477612
2 0.9245 0.6298507462686567 0.1375 0.09402985074626866
2 0.662 0.6835820895522388 0.1635 0.1253731343283582
2 0.5365 0.6164179104477612 0.143 0.10671641791044777
2 0.3455 0.65 0.1515 0.1253731343283582
2 0.078 0.6111940298507462 0.1315 0.10597014925373134
2 0.855 0.3537313432835821 0.0605 0.06940298507462686