1 0.3915 0.8425373134328358 0.553 0.31492537313432833
1 0.4815 0.21865671641791046 0.056 0.06865671641791045
4 0.49 0.16417910447761194 0.049 0.09402985074626866
2 0.744 0.7738805970149254 0.1605 0.11791044776119403
2 0.9595 0.8111940298507463 0.081 0.1253731343283582
2 0.928 0.7082089552238806 0.1365 0.10298507462686567
2 0.7275 0.6888059701492537 0.149 0.11119402985074626
2 0.666 0.5604477611940298 0.1285 0.10373134328358209
2 0.2235 0.641044776119403 0.12 0.14925373134328357
2 0.241 0.732089552238806 0.1545 0.08432835820895522
2 0.9105 0.6582089552238806 0.119 0.09477611940298507
2 0.986 0.6149253731343284 0.028 0.07835820895522388
2 0.0935 0.3917910447761194 0.0735 0.07686567164179105
3 0.2445 0.6708955223880597 0.0685 0.12462686567164179
3 0.7415 0.6186567164179104 0.0615 0.08880597014925373
3 0.5105 0.46119402985074626 0.052 0.06567164179104477
3 0.451 0.6231343283582089 0.068 0.1
3 0.6795 0.5044776119402985 0.0505 0.08059701492537313
3 0.9755 0.5380597014925373 0.049 0.07611940298507462