3 0.77 0.9574626865671642 0.054 0.08507462686567165
1 0.483 0.85 0.507 0.3
1 0.4915 0.5925373134328358 0.4835 0.30522388059701494
4 0.486 0.1917910447761194 0.0585 0.13582089552238805
2 0.5095 0.3291044776119403 0.031 0.07611940298507462
3 0.5085 0.29701492537313434 0.022 0.05522388059701493
3 0.0245 0.6902985074626866 0.049 0.15074626865671642
2 0.04 0.7291044776119403 0.079 0.09925373134328358
2 0.051 0.6164179104477612 0.1015 0.08656716417910448
3 0.0385 0.5776119402985075 0.0525 0.12611940298507462
2 0.24 0.5514925373134328 0.109 0.09029850746268657
3 0.2365 0.5194029850746269 0.047 0.13656716417910447
2 0.1085 0.5276119402985074 0.112 0.09701492537313433
2 0.1425 0.5798507462686567 0.1205 0.09925373134328358
3 0.109 0.49850746268656715 0.0365 0.12462686567164179
3 0.1405 0.5514925373134328 0.0395 0.12835820895522387
3 0.1655 0.55 0.029 0.13059701492537312
2 0.3055 0.5082089552238805 0.0975 0.09253731343283582
3 0.305 0.4835820895522388 0.0455 0.11492537313432835
2 0.8645 0.5649253731343283 0.1145 0.1044776119402985
3 0.873 0.5395522388059701 0.048 0.13059701492537312
3 0.89 0.5402985074626866 0.052 0.12462686567164179
2 0.9775 0.5455223880597015 0.0445 0.08283582089552238
3 0.7765 0.4671641791044776 0.041 0.07686567164179105
2 0.776 0.5097014925373134 0.0995 0.08507462686567165
2 0.765 0.6 0.0785 0.08283582089552238
3 0.7545 0.5649253731343283 0.039 0.13582089552238805
2 0.289 0.32164179104477614 0.0325 0.06119402985074627
3 0.2905 0.28955223880597014 0.02 0.05522388059701493
2 0.4095 0.3246268656716418 0.029 0.0708955223880597
2 0.4435 0.3358208955223881 0.0235 0.06940298507462686
3 0.4445 0.2992537313432836 0.0205 0.050746268656716415
3 0.4125 0.2962686567164179 0.0165 0.050746268656716415
2 0.4755 0.30970149253731344 0.03 0.06716417910447761
3 0.4725 0.29402985074626864 0.0215 0.0880597014925373
2 0.3255 0.27238805970149255 0.0175 0.04701492537313433
3 0.3255 0.24402985074626865 0.015 0.041791044776119404
2 0.3465 0.2507462686567164 0.0195 0.04328358208955224
3 0.3475 0.22761194029850745 0.0165 0.03208955223880597
2 0.377 0.2462686567164179 0.023 0.04477611940298507
3 0.3775 0.2253731343283582 0.0185 0.03656716417910448
2 0.6745 0.2656716417910448 0.0205 0.03955223880597015
3 0.6765 0.2462686567164179 0.0145 0.05
3 0.6735 0.23955223880597015 0.03 0.04776119402985075
2 0.6275 0.23507462686567165 0.0175 0.041791044776119404
3 0.628 0.21567164179104478 0.016 0.03731343283582089