1 0.1165 0.5059701492537313 0.212 0.17761194029850746
3 0.1395 0.667910447761194 0.058 0.1798507462686567
3 0.379 0.9074626865671642 0.09 0.17686567164179104
4 0.491 0.3164179104477612 0.099 0.1947761194029851
1 0.484 0.19850746268656716 0.0485 0.04477611940298507
2 0.3755 0.9537313432835821 0.2225 0.09179104477611941
2 0.5795 0.5902985074626865 0.0825 0.11865671641791045
4 0.679 0.2716417910447761 0.0585 0.0962686567164179
2 0.4325 0.45298507462686566 0.056 0.10223880597014925
2 0.1065 0.3858208955223881 0.072 0.07238805970149254
2 0.214 0.3641791044776119 0.0725 0.05373134328358209
2 0.04 0.9029850746268657 0.0755 0.16492537313432837
2 0.334 0.7111940298507463 0.1605 0.13507462686567165
2 0.457 0.7880597014925373 0.2035 0.13656716417910447
2 0.734 0.5059701492537313 0.1045 0.10223880597014925
2 0.391 0.2791044776119403 0.0405 0.0664179104477612
2 0.3675 0.23507462686567165 0.0245 0.07313432835820896
2 0.4075 0.15671641791044777 0.022 0.06492537313432836
3 0.3985 0.24850746268656718 0.0195 0.0708955223880597
3 0.367 0.21343283582089553 0.007 0.05373134328358209
3 0.211 0.3455223880597015 0.031 0.09328358208955224
3 0.111 0.3485074626865672 0.034 0.07985074626865672
3 0.2545 0.30149253731343284 0.017 0.08582089552238806
2 0.253 0.3126865671641791 0.0495 0.04626865671641791
3 0.3355 0.6686567164179105 0.073 0.1701492537313433
3 0.474 0.753731343283582 0.046 0.1865671641791045
3 0.424 0.7582089552238805 0.0555 0.1917910447761194
3 0.6035 0.5746268656716418 0.043 0.16343283582089552
3 0.718 0.4634328358208955 0.026 0.11417910447761194
3 0.738 0.4619402985074627 0.037 0.13880597014925372
3 0.8395 0.24925373134328357 0.0185 0.07238805970149254
2 0.465 0.15597014925373134 0.02 0.05373134328358209
2 0.4325 0.2380597014925373 0.0215 0.07835820895522388
2 0.4355 0.18134328358208956 0.024 0.04701492537313433
2 0.604 0.16865671641791044 0.024 0.05970149253731343
2 0.648 0.22238805970149253 0.0145 0.08059701492537313
2 0.6305 0.19328358208955224 0.015 0.06044776119402985
3 0.433 0.40746268656716417 0.0385 0.07835820895522388