1 0.121 0.4425373134328358 0.2415 0.21343283582089553
1 0.415 0.3365671641791045 0.124 0.12761194029850748
1 0.348 0.28880597014925374 0.1045 0.11044776119402985
2 0.4095 0.9007462686567164 0.1695 0.1962686567164179
2 0.6935 0.7835820895522388 0.114 0.1843283582089552
2 0.764 0.9194029850746268 0.1335 0.16119402985074627
2 0.606 0.6962686567164179 0.1035 0.16567164179104477
2 0.8845 0.5813432835820895 0.121 0.12686567164179105
2 0.6485 0.5597014925373134 0.04 0.08656716417910448
3 0.403 0.8216417910447761 0.1025 0.12761194029850748
3 0.702 0.7149253731343284 0.0685 0.12164179104477611
3 0.7705 0.8746268656716418 0.086 0.15298507462686567
3 0.596 0.6276119402985074 0.077 0.12164179104477611