3 0.7195 0.5708955223880597 0.0505 0.15597014925373134
3 0.5035 0.7082089552238806 0.048 0.1828358208955224
3 0.679 0.9119402985074627 0.0965 0.1761194029850746
3 0.352 0.9537313432835821 0.0815 0.09179104477611941
3 0.12 0.9313432835820895 0.0945 0.13656716417910447
3 0.259 0.5597014925373134 0.034 0.16716417910447762
3 0.2865 0.5708955223880597 0.038 0.15597014925373134
3 0.195 0.6611940298507463 0.044 0.18134328358208956
3 0.03 0.5305970149253731 0.038 0.09477611940298507
3 0.069 0.47686567164179106 0.0605 0.10970149253731343
3 0.48 0.5119402985074627 0.0465 0.10671641791044777
3 0.419 0.6014925373134329 0.0555 0.12985074626865672
3 0.987 0.5410447761194029 0.026 0.11343283582089553
3 0.9945 0.7037313432835821 0.0105 0.16567164179104477
3 0.441 0.33805970149253733 0.0415 0.0708955223880597
3 0.499 0.31417910447761194 0.0315 0.06044776119402985
3 0.3395 0.33880597014925373 0.0355 0.06940298507462686
2 0.211 0.6977611940298507 0.125 0.12835820895522387
2 0.4805 0.7477611940298508 0.192 0.141044776119403
2 0.1495 0.9626865671641791 0.253 0.07462686567164178
2 0.4075 0.9776119402985075 0.06 0.04477611940298507
2 0.675 0.95 0.234 0.1
2 0.9535 0.7373134328358208 0.093 0.14029850746268657
2 0.7005 0.6156716417910447 0.164 0.1253731343283582
2 0.9295 0.5746268656716418 0.072 0.1328358208955224
2 0.41 0.6753731343283582 0.1615 0.11119402985074626
2 0.337 0.3835820895522388 0.048 0.08507462686567165
2 0.4435 0.4 0.0465 0.0962686567164179
2 0.5035 0.3694029850746269 0.043 0.08358208955223881
2 0.2485 0.24701492537313433 0.043 0.06194029850746269
2 0.316 0.3201492537313433 0.0315 0.050746268656716415
2 0.66 0.26492537313432835 0.038 0.04776119402985075